area_id,district,city,area_name,latitude,longitude,area_type,households,distance_to_substation_km,local_incident_reports,year,month,timestamp,expected_consumption_kwh,actual_consumption_kwh,voltage_reading_v,current_reading_a,consumption_deviation_pct,illegal_fence_suspected,power_factor,load_factor,consumption_per_household,is_summer,is_monsoon,is_winter
KL_0000,Kozhikode,Kozhikode,Kallathara,11.322288,76.231557,semi-urban,35,3.56,False,2023,1,2023-01-01,4886.85,4886.85,220.9,30.88,0.0,False,0.789,0.5585,139.62,False,False,True
KL_0000,Kozhikode,Kozhikode,Kallathara,11.322288,76.231557,semi-urban,35,3.56,False,2023,2,2023-02-01,3551.8,3551.8,228.3,21.42,0.0,False,0.874,0.4059,101.48,False,False,True
KL_0000,Kozhikode,Kozhikode,Kallathara,11.322288,76.231557,semi-urban,35,3.56,False,2023,3,2023-03-01,4865.24,4865.24,232.3,27.17,0.0,False,0.787,0.556,139.01,True,False,False
KL_0000,Kozhikode,Kozhikode,Kallathara,11.322288,76.231557,semi-urban,35,3.56,False,2023,4,2023-04-01,4829.18,4829.18,242.3,25.1,0.0,False,0.791,0.5519,137.98,True,False,False
KL_0000,Kozhikode,Kozhikode,Kallathara,11.322288,76.231557,semi-urban,35,3.56,False,2023,5,2023-05-01,6748.17,6748.17,237.0,37.05,0.0,False,0.79,0.7712,192.8,True,False,False
KL_0000,Kozhikode,Kozhikode,Kallathara,11.322288,76.231557,semi-urban,35,3.56,False,2023,6,2023-06-01,5495.77,5495.77,222.2,36.61,0.0,False,0.858,0.6281,157.02,False,True,False
KL_0000,Kozhikode,Kozhikode,Kallathara,11.322288,76.231557,semi-urban,35,3.56,False,2023,7,2023-07-01,3849.62,3849.62,222.9,26.33,0.0,False,0.759,0.44,109.99,False,True,False
KL_0000,Kozhikode,Kozhikode,Kallathara,11.322288,76.231557,semi-urban,35,3.56,False,2023,8,2023-08-01,5360.22,5360.22,229.0,31.59,0.0,False,0.954,0.6126,153.15,False,True,False
KL_0000,Kozhikode,Kozhikode,Kallathara,11.322288,76.231557,semi-urban,35,3.56,False,2023,9,2023-09-01,5727.22,5727.22,227.6,35.92,0.0,False,0.831,0.6545,163.63,False,True,False
KL_0000,Kozhikode,Kozhikode,Kallathara,11.322288,76.231557,semi-urban,35,3.56,False,2023,10,2023-10-01,6771.47,6771.47,223.4,44.38,0.0,False,0.744,0.7739,193.47,False,False,False
KL_0000,Kozhikode,Kozhikode,Kallathara,11.322288,76.231557,semi-urban,35,3.56,False,2023,11,2023-11-01,3476.67,3476.67,220.8,22.47,0.0,False,0.797,0.3973,99.33,False,False,False
KL_0000,Kozhikode,Kozhikode,Kallathara,11.322288,76.231557,semi-urban,35,3.56,False,2023,12,2023-12-01,2227.36,2227.36,234.1,12.5,0.0,False,0.88,0.2546,63.64,False,False,True
KL_0000,Kozhikode,Kozhikode,Kallathara,11.322288,76.231557,semi-urban,35,3.56,False,2024,1,2024-01-01,3996.93,3996.93,241.2,21.57,0.0,False,0.917,0.4568,114.2,False,False,True
KL_0000,Kozhikode,Kozhikode,Kallathara,11.322288,76.231557,semi-urban,35,3.56,False,2024,2,2024-02-01,5064.75,5064.75,224.1,33.38,0.0,False,0.858,0.5788,144.71,False,False,True
KL_0000,Kozhikode,Kozhikode,Kallathara,11.322288,76.231557,semi-urban,35,3.56,False,2024,3,2024-03-01,4892.86,4892.86,231.5,28.32,0.0,False,0.854,0.5592,139.8,True,False,False
KL_0000,Kozhikode,Kozhikode,Kallathara,11.322288,76.231557,semi-urban,35,3.56,False,2024,4,2024-04-01,6424.86,6424.86,223.7,39.87,0.0,False,0.773,0.7343,183.57,True,False,False
KL_0000,Kozhikode,Kozhikode,Kallathara,11.322288,76.231557,semi-urban,35,3.56,False,2024,5,2024-05-01,4607.57,4607.57,218.2,28.03,0.0,False,0.924,0.5266,131.64,True,False,False
KL_0000,Kozhikode,Kozhikode,Kallathara,11.322288,76.231557,semi-urban,35,3.56,False,2024,6,2024-06-01,6359.33,6359.33,215.0,42.49,0.0,False,0.878,0.7268,181.7,False,True,False
KL_0000,Kozhikode,Kozhikode,Kallathara,11.322288,76.231557,semi-urban,35,3.56,False,2024,7,2024-07-01,5701.73,5701.73,240.6,33.15,0.0,False,0.866,0.6516,162.91,False,True,False
KL_0000,Kozhikode,Kozhikode,Kallathara,11.322288,76.231557,semi-urban,35,3.56,False,2024,8,2024-08-01,3920.1,3920.1,217.2,25.13,0.0,False,0.851,0.448,112.0,False,True,False
KL_0000,Kozhikode,Kozhikode,Kallathara,11.322288,76.231557,semi-urban,35,3.56,False,2024,9,2024-09-01,3158.67,3158.67,226.3,17.98,0.0,False,0.877,0.361,90.25,False,True,False
KL_0000,Kozhikode,Kozhikode,Kallathara,11.322288,76.231557,semi-urban,35,3.56,False,2024,10,2024-10-01,5030.89,5030.89,218.7,32.14,0.0,False,0.81,0.575,143.74,False,False,False
KL_0000,Kozhikode,Kozhikode,Kallathara,11.322288,76.231557,semi-urban,35,3.56,False,2024,11,2024-11-01,4507.64,4507.64,240.4,28.11,0.0,False,0.897,0.5152,128.79,False,False,False
KL_0000,Kozhikode,Kozhikode,Kallathara,11.322288,76.231557,semi-urban,35,3.56,False,2024,12,2024-12-01,4566.95,4566.95,235.1,27.56,0.0,False,0.89,0.5219,130.48,False,False,True
KL_0001,Kollam,Anchal,Cheravayal,8.67469,76.401898,semi-urban,107,4.84,False,2023,1,2023-01-01,6148.64,7985.7,214.0,60.82,29.88,True,0.845,0.2985,74.63,False,False,True
KL_0001,Kollam,Anchal,Cheravayal,8.67469,76.401898,semi-urban,107,4.84,False,2023,2,2023-02-01,16369.75,20063.39,205.3,175.86,22.56,True,0.836,0.75,187.51,False,False,True
KL_0001,Kollam,Anchal,Cheravayal,8.67469,76.401898,semi-urban,107,4.84,False,2023,3,2023-03-01,14535.17,20492.11,208.4,163.83,40.98,True,0.742,0.7661,191.52,True,False,False
KL_0001,Kollam,Anchal,Cheravayal,8.67469,76.401898,semi-urban,107,4.84,False,2023,4,2023-04-01,20388.16,29284.78,214.3,229.72,43.64,True,0.763,1.0948,273.69,True,False,False
KL_0001,Kollam,Anchal,Cheravayal,8.67469,76.401898,semi-urban,107,4.84,False,2023,5,2023-05-01,17789.82,23053.74,213.2,177.09,29.59,True,0.877,0.8618,215.46,True,False,False
KL_0001,Kollam,Anchal,Cheravayal,8.67469,76.401898,semi-urban,107,4.84,False,2023,6,2023-06-01,21414.51,25514.1,213.5,200.95,19.14,True,0.895,0.9538,238.45,False,True,False
KL_0001,Kollam,Anchal,Cheravayal,8.67469,76.401898,semi-urban,107,4.84,False,2023,7,2023-07-01,7524.75,10074.52,203.6,76.58,33.89,True,0.904,0.3766,94.15,False,True,False
KL_0001,Kollam,Anchal,Cheravayal,8.67469,76.401898,semi-urban,107,4.84,False,2023,8,2023-08-01,13500.51,16159.49,240.8,118.16,19.7,True,0.783,0.6041,151.02,False,True,False
KL_0001,Kollam,Anchal,Cheravayal,8.67469,76.401898,semi-urban,107,4.84,False,2023,9,2023-09-01,17422.29,17422.29,227.9,116.07,0.0,False,0.965,0.6513,162.83,False,True,False
KL_0001,Kollam,Anchal,Cheravayal,8.67469,76.401898,semi-urban,107,4.84,False,2023,10,2023-10-01,15738.2,18730.28,214.9,150.48,19.01,True,0.9,0.7002,175.05,False,False,False
KL_0001,Kollam,Anchal,Cheravayal,8.67469,76.401898,semi-urban,107,4.84,False,2023,11,2023-11-01,12503.43,12503.43,220.0,72.33,0.0,False,0.821,0.4674,116.85,False,False,False
KL_0001,Kollam,Anchal,Cheravayal,8.67469,76.401898,semi-urban,107,4.84,False,2023,12,2023-12-01,10517.79,15049.4,217.8,115.49,43.09,True,0.858,0.5626,140.65,False,False,True
KL_0001,Kollam,Anchal,Cheravayal,8.67469,76.401898,semi-urban,107,4.84,False,2024,1,2024-01-01,17423.91,20523.41,214.6,154.39,17.79,True,0.765,0.7672,191.81,False,False,True
KL_0001,Kollam,Anchal,Cheravayal,8.67469,76.401898,semi-urban,107,4.84,False,2024,2,2024-02-01,15278.75,21645.21,211.5,156.81,41.67,True,0.819,0.8092,202.29,False,False,True
KL_0001,Kollam,Anchal,Cheravayal,8.67469,76.401898,semi-urban,107,4.84,False,2024,3,2024-03-01,17312.48,17312.48,237.2,110.38,0.0,False,0.877,0.6472,161.8,True,False,False
KL_0001,Kollam,Anchal,Cheravayal,8.67469,76.401898,semi-urban,107,4.84,False,2024,4,2024-04-01,21527.36,29999.91,230.9,221.06,39.36,True,0.853,1.1215,280.37,True,False,False
KL_0001,Kollam,Anchal,Cheravayal,8.67469,76.401898,semi-urban,107,4.84,False,2024,5,2024-05-01,22337.83,25955.93,213.5,197.12,16.2,True,0.937,0.9703,242.58,True,False,False
KL_0001,Kollam,Anchal,Cheravayal,8.67469,76.401898,semi-urban,107,4.84,False,2024,6,2024-06-01,21847.85,29673.65,226.1,234.7,35.82,True,0.776,1.1093,277.32,False,True,False
KL_0001,Kollam,Anchal,Cheravayal,8.67469,76.401898,semi-urban,107,4.84,False,2024,7,2024-07-01,12240.94,12240.94,232.6,74.21,0.0,False,0.844,0.4576,114.4,False,True,False
KL_0001,Kollam,Anchal,Cheravayal,8.67469,76.401898,semi-urban,107,4.84,False,2024,8,2024-08-01,15856.85,19378.04,209.2,160.52,22.21,True,0.793,0.7244,181.1,False,True,False
KL_0001,Kollam,Anchal,Cheravayal,8.67469,76.401898,semi-urban,107,4.84,False,2024,9,2024-09-01,9247.71,9247.71,250.4,47.2,0.0,False,0.927,0.3457,86.43,False,True,False
KL_0001,Kollam,Anchal,Cheravayal,8.67469,76.401898,semi-urban,107,4.84,False,2024,10,2024-10-01,19529.91,22954.51,214.8,181.11,17.54,True,0.863,0.8581,214.53,False,False,False
KL_0001,Kollam,Anchal,Cheravayal,8.67469,76.401898,semi-urban,107,4.84,False,2024,11,2024-11-01,17487.21,24509.69,226.7,190.35,40.16,True,0.85,0.9163,229.06,False,False,False
KL_0001,Kollam,Anchal,Cheravayal,8.67469,76.401898,semi-urban,107,4.84,False,2024,12,2024-12-01,11579.65,11579.65,226.0,67.36,0.0,False,0.843,0.4329,108.22,False,False,True
KL_0002,Ernakulam,Kochi,Pettathara,10.032766,76.739671,urban,159,4.76,False,2023,1,2023-01-01,27817.04,27817.04,245.3,145.26,0.0,False,0.806,0.6998,174.95,False,False,True
KL_0002,Ernakulam,Kochi,Pettathara,10.032766,76.739671,urban,159,4.76,False,2023,2,2023-02-01,21235.57,21235.57,222.0,136.79,0.0,False,0.91,0.5342,133.56,False,False,True
KL_0002,Ernakulam,Kochi,Pettathara,10.032766,76.739671,urban,159,4.76,False,2023,3,2023-03-01,27484.8,27484.8,236.0,152.78,0.0,False,0.859,0.6914,172.86,True,False,False
KL_0002,Ernakulam,Kochi,Pettathara,10.032766,76.739671,urban,159,4.76,False,2023,4,2023-04-01,39735.59,39735.59,229.9,249.43,0.0,False,0.862,0.9996,249.91,True,False,False
KL_0002,Ernakulam,Kochi,Pettathara,10.032766,76.739671,urban,159,4.76,False,2023,5,2023-05-01,42325.44,42325.44,226.1,283.41,0.0,False,0.879,1.0648,266.2,True,False,False
KL_0002,Ernakulam,Kochi,Pettathara,10.032766,76.739671,urban,159,4.76,False,2023,6,2023-06-01,21256.74,21256.74,233.4,122.78,0.0,False,0.807,0.5348,133.69,False,True,False
KL_0002,Ernakulam,Kochi,Pettathara,10.032766,76.739671,urban,159,4.76,False,2023,7,2023-07-01,30567.19,30567.19,247.2,178.11,0.0,False,0.95,0.769,192.25,False,True,False
KL_0002,Ernakulam,Kochi,Pettathara,10.032766,76.739671,urban,159,4.76,False,2023,8,2023-08-01,34786.81,34786.81,220.4,198.45,0.0,False,0.928,0.8751,218.78,False,True,False
KL_0002,Ernakulam,Kochi,Pettathara,10.032766,76.739671,urban,159,4.76,False,2023,9,2023-09-01,19484.0,19484.0,243.4,118.72,0.0,False,0.848,0.4902,122.54,False,True,False
KL_0002,Ernakulam,Kochi,Pettathara,10.032766,76.739671,urban,159,4.76,False,2023,10,2023-10-01,34054.35,34054.35,231.6,224.66,0.0,False,0.835,0.8567,214.18,False,False,False
KL_0002,Ernakulam,Kochi,Pettathara,10.032766,76.739671,urban,159,4.76,False,2023,11,2023-11-01,27509.96,27509.96,227.4,183.28,0.0,False,0.882,0.6921,173.02,False,False,False
KL_0002,Ernakulam,Kochi,Pettathara,10.032766,76.739671,urban,159,4.76,False,2023,12,2023-12-01,34497.91,34497.91,234.3,211.52,0.0,False,0.906,0.8679,216.97,False,False,True
KL_0002,Ernakulam,Kochi,Pettathara,10.032766,76.739671,urban,159,4.76,False,2024,1,2024-01-01,33874.49,33874.49,229.1,220.85,0.0,False,0.938,0.8522,213.05,False,False,True
KL_0002,Ernakulam,Kochi,Pettathara,10.032766,76.739671,urban,159,4.76,False,2024,2,2024-02-01,34555.48,34555.48,229.5,188.83,0.0,False,0.882,0.8693,217.33,False,False,True
KL_0002,Ernakulam,Kochi,Pettathara,10.032766,76.739671,urban,159,4.76,False,2024,3,2024-03-01,23142.6,23142.6,209.6,153.78,0.0,False,0.857,0.5822,145.55,True,False,False
KL_0002,Ernakulam,Kochi,Pettathara,10.032766,76.739671,urban,159,4.76,False,2024,4,2024-04-01,47663.87,47663.87,225.4,318.77,0.0,False,0.857,1.1991,299.77,True,False,False
KL_0002,Ernakulam,Kochi,Pettathara,10.032766,76.739671,urban,159,4.76,False,2024,5,2024-05-01,42128.95,42128.95,225.1,266.9,0.0,False,0.756,1.0598,264.96,True,False,False
KL_0002,Ernakulam,Kochi,Pettathara,10.032766,76.739671,urban,159,4.76,False,2024,6,2024-06-01,24652.91,24652.91,237.1,143.64,0.0,False,0.828,0.6202,155.05,False,True,False
KL_0002,Ernakulam,Kochi,Pettathara,10.032766,76.739671,urban,159,4.76,False,2024,7,2024-07-01,24180.57,24180.57,215.9,143.75,0.0,False,0.868,0.6083,152.08,False,True,False
KL_0002,Ernakulam,Kochi,Pettathara,10.032766,76.739671,urban,159,4.76,False,2024,8,2024-08-01,29351.27,29351.27,203.8,212.04,0.0,False,0.737,0.7384,184.6,False,True,False
KL_0002,Ernakulam,Kochi,Pettathara,10.032766,76.739671,urban,159,4.76,False,2024,9,2024-09-01,30448.29,30448.29,229.3,172.75,0.0,False,0.859,0.766,191.5,False,True,False
KL_0002,Ernakulam,Kochi,Pettathara,10.032766,76.739671,urban,159,4.76,False,2024,10,2024-10-01,49070.45,49070.45,224.7,318.28,0.0,False,0.809,1.2345,308.62,False,False,False
KL_0002,Ernakulam,Kochi,Pettathara,10.032766,76.739671,urban,159,4.76,False,2024,11,2024-11-01,48867.71,48867.71,235.8,289.7,0.0,False,0.929,1.2294,307.34,False,False,False
KL_0002,Ernakulam,Kochi,Pettathara,10.032766,76.739671,urban,159,4.76,False,2024,12,2024-12-01,26323.03,26323.03,223.3,158.04,0.0,False,0.836,0.6622,165.55,False,False,True
KL_0003,Kasaragod,Nileshwar,Kodumukku,12.356288,75.313074,rural,82,12.1,False,2023,1,2023-01-01,5467.47,7221.26,221.0,52.98,32.08,True,0.837,0.3523,88.06,False,False,True
KL_0003,Kasaragod,Nileshwar,Kodumukku,12.356288,75.313074,rural,82,12.1,False,2023,2,2023-02-01,6319.35,7291.86,202.5,58.68,15.39,True,0.843,0.3557,88.93,False,False,True
KL_0003,Kasaragod,Nileshwar,Kodumukku,12.356288,75.313074,rural,82,12.1,False,2023,3,2023-03-01,9682.72,13971.16,225.3,107.21,44.29,True,0.85,0.6815,170.38,True,False,False
KL_0003,Kasaragod,Nileshwar,Kodumukku,12.356288,75.313074,rural,82,12.1,False,2023,4,2023-04-01,9983.84,14385.78,241.6,94.28,44.09,True,0.89,0.7017,175.44,True,False,False
KL_0003,Kasaragod,Nileshwar,Kodumukku,12.356288,75.313074,rural,82,12.1,False,2023,5,2023-05-01,8500.84,12160.08,221.8,92.82,43.05,True,0.833,0.5932,148.29,True,False,False
KL_0003,Kasaragod,Nileshwar,Kodumukku,12.356288,75.313074,rural,82,12.1,False,2023,6,2023-06-01,5623.58,6623.89,228.3,44.36,17.79,True,0.851,0.3231,80.78,False,True,False
KL_0003,Kasaragod,Nileshwar,Kodumukku,12.356288,75.313074,rural,82,12.1,False,2023,7,2023-07-01,5972.05,8214.08,220.7,66.49,37.54,True,0.89,0.4007,100.17,False,True,False
KL_0003,Kasaragod,Nileshwar,Kodumukku,12.356288,75.313074,rural,82,12.1,False,2023,8,2023-08-01,7881.68,11024.32,217.9,80.62,39.87,True,0.85,0.5378,134.44,False,True,False
KL_0003,Kasaragod,Nileshwar,Kodumukku,12.356288,75.313074,rural,82,12.1,False,2023,9,2023-09-01,8362.49,11414.42,210.7,92.15,36.5,True,0.883,0.5568,139.2,False,True,False
KL_0003,Kasaragod,Nileshwar,Kodumukku,12.356288,75.313074,rural,82,12.1,False,2023,10,2023-10-01,2260.87,2652.62,222.2,20.04,17.33,True,0.828,0.1294,32.35,False,False,False
KL_0003,Kasaragod,Nileshwar,Kodumukku,12.356288,75.313074,rural,82,12.1,False,2023,11,2023-11-01,2932.51,3818.16,230.2,27.98,30.2,True,0.868,0.1863,46.56,False,False,False
KL_0003,Kasaragod,Nileshwar,Kodumukku,12.356288,75.313074,rural,82,12.1,False,2023,12,2023-12-01,8594.83,8594.83,224.2,55.94,0.0,False,0.915,0.4193,104.82,False,False,True
KL_0003,Kasaragod,Nileshwar,Kodumukku,12.356288,75.313074,rural,82,12.1,False,2024,1,2024-01-01,6202.49,8144.62,201.6,66.3,31.31,True,0.88,0.3973,99.32,False,False,True
KL_0003,Kasaragod,Nileshwar,Kodumukku,12.356288,75.313074,rural,82,12.1,False,2024,2,2024-02-01,9091.47,11399.91,226.4,82.84,25.39,True,0.756,0.5561,139.02,False,False,True
KL_0003,Kasaragod,Nileshwar,Kodumukku,12.356288,75.313074,rural,82,12.1,False,2024,3,2024-03-01,8577.23,10134.69,220.8,80.18,18.16,True,0.878,0.4944,123.59,True,False,False
KL_0003,Kasaragod,Nileshwar,Kodumukku,12.356288,75.313074,rural,82,12.1,False,2024,4,2024-04-01,6181.03,7733.72,212.2,57.99,25.12,True,0.792,0.3773,94.31,True,False,False
KL_0003,Kasaragod,Nileshwar,Kodumukku,12.356288,75.313074,rural,82,12.1,False,2024,5,2024-05-01,4922.95,5838.1,222.3,46.42,18.59,True,0.804,0.2848,71.2,True,False,False
KL_0003,Kasaragod,Nileshwar,Kodumukku,12.356288,75.313074,rural,82,12.1,False,2024,6,2024-06-01,7650.29,10896.51,214.7,85.67,42.43,True,0.875,0.5315,132.88,False,True,False
KL_0003,Kasaragod,Nileshwar,Kodumukku,12.356288,75.313074,rural,82,12.1,False,2024,7,2024-07-01,8147.86,8147.86,222.2,55.77,0.0,False,0.802,0.3975,99.36,False,True,False
KL_0003,Kasaragod,Nileshwar,Kodumukku,12.356288,75.313074,rural,82,12.1,False,2024,8,2024-08-01,9812.47,12202.47,225.6,89.04,24.36,True,0.795,0.5952,148.81,False,True,False
KL_0003,Kasaragod,Nileshwar,Kodumukku,12.356288,75.313074,rural,82,12.1,False,2024,9,2024-09-01,5382.03,7147.47,211.4,58.37,32.8,True,0.85,0.3487,87.16,False,True,False
KL_0003,Kasaragod,Nileshwar,Kodumukku,12.356288,75.313074,rural,82,12.1,False,2024,10,2024-10-01,13214.73,16526.84,186.3,154.13,25.06,True,0.819,0.8062,201.55,False,False,False
KL_0003,Kasaragod,Nileshwar,Kodumukku,12.356288,75.313074,rural,82,12.1,False,2024,11,2024-11-01,8791.8,8791.8,233.4,56.16,0.0,False,0.769,0.4289,107.22,False,False,False
KL_0003,Kasaragod,Nileshwar,Kodumukku,12.356288,75.313074,rural,82,12.1,False,2024,12,2024-12-01,8727.08,10932.28,214.7,90.35,25.27,True,0.878,0.5333,133.32,False,False,True
KL_0004,Alappuzha,Alappuzha,Padamkunnu,9.411659,76.609696,semi-urban,102,9.22,False,2023,1,2023-01-01,12143.55,12143.55,217.0,83.9,0.0,False,0.899,0.4762,119.05,False,False,True
KL_0004,Alappuzha,Alappuzha,Padamkunnu,9.411659,76.609696,semi-urban,102,9.22,False,2023,2,2023-02-01,9184.18,9184.18,224.1,54.19,0.0,False,0.895,0.3602,90.04,False,False,True
KL_0004,Alappuzha,Alappuzha,Padamkunnu,9.411659,76.609696,semi-urban,102,9.22,False,2023,3,2023-03-01,7482.27,7482.27,217.2,47.24,0.0,False,0.805,0.2934,73.36,True,False,False
KL_0004,Alappuzha,Alappuzha,Padamkunnu,9.411659,76.609696,semi-urban,102,9.22,False,2023,4,2023-04-01,17205.88,17205.88,230.7,111.77,0.0,False,0.871,0.6747,168.69,True,False,False
KL_0004,Alappuzha,Alappuzha,Padamkunnu,9.411659,76.609696,semi-urban,102,9.22,False,2023,5,2023-05-01,22701.52,22701.52,227.9,147.6,0.0,False,0.825,0.8903,222.56,True,False,False
KL_0004,Alappuzha,Alappuzha,Padamkunnu,9.411659,76.609696,semi-urban,102,9.22,False,2023,6,2023-06-01,15428.45,15428.45,227.1,87.14,0.0,False,0.787,0.605,151.26,False,True,False
KL_0004,Alappuzha,Alappuzha,Padamkunnu,9.411659,76.609696,semi-urban,102,9.22,False,2023,7,2023-07-01,16455.73,16455.73,229.2,89.95,0.0,False,0.813,0.6453,161.33,False,True,False
KL_0004,Alappuzha,Alappuzha,Padamkunnu,9.411659,76.609696,semi-urban,102,9.22,False,2023,8,2023-08-01,14969.96,14969.96,241.7,84.64,0.0,False,0.709,0.5871,146.76,False,True,False
KL_0004,Alappuzha,Alappuzha,Padamkunnu,9.411659,76.609696,semi-urban,102,9.22,False,2023,9,2023-09-01,5643.16,5643.16,225.7,33.95,0.0,False,0.797,0.2213,55.33,False,True,False
KL_0004,Alappuzha,Alappuzha,Padamkunnu,9.411659,76.609696,semi-urban,102,9.22,False,2023,10,2023-10-01,10059.05,10059.05,235.7,61.21,0.0,False,0.777,0.3945,98.62,False,False,False
KL_0004,Alappuzha,Alappuzha,Padamkunnu,9.411659,76.609696,semi-urban,102,9.22,False,2023,11,2023-11-01,13580.69,13580.69,215.6,89.17,0.0,False,0.86,0.5326,133.14,False,False,False
KL_0004,Alappuzha,Alappuzha,Padamkunnu,9.411659,76.609696,semi-urban,102,9.22,False,2023,12,2023-12-01,11236.09,11236.09,240.8,61.53,0.0,False,0.865,0.4406,110.16,False,False,True
KL_0004,Alappuzha,Alappuzha,Padamkunnu,9.411659,76.609696,semi-urban,102,9.22,False,2024,1,2024-01-01,14002.37,14002.37,233.1,76.62,0.0,False,0.766,0.5491,137.28,False,False,True
KL_0004,Alappuzha,Alappuzha,Padamkunnu,9.411659,76.609696,semi-urban,102,9.22,False,2024,2,2024-02-01,15599.06,15599.06,220.2,104.43,0.0,False,0.891,0.6117,152.93,False,False,True
KL_0004,Alappuzha,Alappuzha,Padamkunnu,9.411659,76.609696,semi-urban,102,9.22,False,2024,3,2024-03-01,17132.17,17132.17,228.8,114.15,0.0,False,0.82,0.6718,167.96,True,False,False
KL_0004,Alappuzha,Alappuzha,Padamkunnu,9.411659,76.609696,semi-urban,102,9.22,False,2024,4,2024-04-01,18710.15,18710.15,211.4,127.75,0.0,False,0.797,0.7337,183.43,True,False,False
KL_0004,Alappuzha,Alappuzha,Padamkunnu,9.411659,76.609696,semi-urban,102,9.22,False,2024,5,2024-05-01,18062.73,18062.73,224.6,119.06,0.0,False,0.76,0.7083,177.09,True,False,False
KL_0004,Alappuzha,Alappuzha,Padamkunnu,9.411659,76.609696,semi-urban,102,9.22,False,2024,6,2024-06-01,12717.2,12717.2,227.9,75.01,0.0,False,0.81,0.4987,124.68,False,True,False
KL_0004,Alappuzha,Alappuzha,Padamkunnu,9.411659,76.609696,semi-urban,102,9.22,False,2024,7,2024-07-01,14839.21,14839.21,210.1,100.57,0.0,False,0.843,0.5819,145.48,False,True,False
KL_0004,Alappuzha,Alappuzha,Padamkunnu,9.411659,76.609696,semi-urban,102,9.22,False,2024,8,2024-08-01,17089.97,17089.97,240.4,108.56,0.0,False,0.9,0.6702,167.55,False,True,False
KL_0004,Alappuzha,Alappuzha,Padamkunnu,9.411659,76.609696,semi-urban,102,9.22,False,2024,9,2024-09-01,11534.98,11534.98,212.7,82.6,0.0,False,0.845,0.4524,113.09,False,True,False
KL_0004,Alappuzha,Alappuzha,Padamkunnu,9.411659,76.609696,semi-urban,102,9.22,False,2024,10,2024-10-01,19374.03,19374.03,218.3,119.69,0.0,False,0.834,0.7598,189.94,False,False,False
KL_0004,Alappuzha,Alappuzha,Padamkunnu,9.411659,76.609696,semi-urban,102,9.22,False,2024,11,2024-11-01,10906.52,10906.52,214.4,77.01,0.0,False,0.879,0.4277,106.93,False,False,False
KL_0004,Alappuzha,Alappuzha,Padamkunnu,9.411659,76.609696,semi-urban,102,9.22,False,2024,12,2024-12-01,12716.82,12716.82,228.3,84.95,0.0,False,0.857,0.4987,124.67,False,False,True
KL_0005,Malappuram,Perinthalmanna,Vattakavu,10.873754,76.386212,semi-urban,131,10.31,False,2023,1,2023-01-01,14322.05,14322.05,237.4,85.41,0.0,False,0.775,0.4373,109.33,False,False,True
KL_0005,Malappuram,Perinthalmanna,Vattakavu,10.873754,76.386212,semi-urban,131,10.31,False,2023,2,2023-02-01,18528.01,18528.01,258.9,98.68,0.0,False,0.828,0.5657,141.44,False,False,True
KL_0005,Malappuram,Perinthalmanna,Vattakavu,10.873754,76.386212,semi-urban,131,10.31,False,2023,3,2023-03-01,19956.49,19956.49,233.4,118.22,0.0,False,0.821,0.6094,152.34,True,False,False
KL_0005,Malappuram,Perinthalmanna,Vattakavu,10.873754,76.386212,semi-urban,131,10.31,False,2023,4,2023-04-01,19223.05,19223.05,226.1,106.41,0.0,False,0.843,0.587,146.74,True,False,False
KL_0005,Malappuram,Perinthalmanna,Vattakavu,10.873754,76.386212,semi-urban,131,10.31,False,2023,5,2023-05-01,21674.02,21674.02,233.5,141.62,0.0,False,0.826,0.6618,165.45,True,False,False
KL_0005,Malappuram,Perinthalmanna,Vattakavu,10.873754,76.386212,semi-urban,131,10.31,False,2023,6,2023-06-01,20533.26,20533.26,239.4,124.71,0.0,False,0.81,0.627,156.74,False,True,False
KL_0005,Malappuram,Perinthalmanna,Vattakavu,10.873754,76.386212,semi-urban,131,10.31,False,2023,7,2023-07-01,16497.91,16497.91,221.7,97.96,0.0,False,0.923,0.5038,125.94,False,True,False
KL_0005,Malappuram,Perinthalmanna,Vattakavu,10.873754,76.386212,semi-urban,131,10.31,False,2023,8,2023-08-01,17082.31,17082.31,231.4,96.99,0.0,False,0.848,0.5216,130.4,False,True,False
KL_0005,Malappuram,Perinthalmanna,Vattakavu,10.873754,76.386212,semi-urban,131,10.31,False,2023,9,2023-09-01,17343.93,17343.93,220.5,110.56,0.0,False,0.874,0.5296,132.4,False,True,False
KL_0005,Malappuram,Perinthalmanna,Vattakavu,10.873754,76.386212,semi-urban,131,10.31,False,2023,10,2023-10-01,13564.95,13564.95,221.5,90.85,0.0,False,0.844,0.4142,103.55,False,False,False
KL_0005,Malappuram,Perinthalmanna,Vattakavu,10.873754,76.386212,semi-urban,131,10.31,False,2023,11,2023-11-01,15433.74,15433.74,236.9,98.58,0.0,False,0.891,0.4713,117.81,False,False,False
KL_0005,Malappuram,Perinthalmanna,Vattakavu,10.873754,76.386212,semi-urban,131,10.31,False,2023,12,2023-12-01,13059.29,13059.29,236.1,82.24,0.0,False,0.845,0.3988,99.69,False,False,True
KL_0005,Malappuram,Perinthalmanna,Vattakavu,10.873754,76.386212,semi-urban,131,10.31,False,2024,1,2024-01-01,11601.74,11601.74,243.3,64.53,0.0,False,0.899,0.3543,88.56,False,False,True
KL_0005,Malappuram,Perinthalmanna,Vattakavu,10.873754,76.386212,semi-urban,131,10.31,False,2024,2,2024-02-01,17570.72,17570.72,232.2,105.67,0.0,False,0.706,0.5365,134.13,False,False,True
KL_0005,Malappuram,Perinthalmanna,Vattakavu,10.873754,76.386212,semi-urban,131,10.31,False,2024,3,2024-03-01,20096.52,20096.52,227.1,131.96,0.0,False,0.855,0.6136,153.41,True,False,False
KL_0005,Malappuram,Perinthalmanna,Vattakavu,10.873754,76.386212,semi-urban,131,10.31,False,2024,4,2024-04-01,21532.43,21532.43,237.4,131.65,0.0,False,0.863,0.6575,164.37,True,False,False
KL_0005,Malappuram,Perinthalmanna,Vattakavu,10.873754,76.386212,semi-urban,131,10.31,False,2024,5,2024-05-01,26927.85,26927.85,232.8,162.07,0.0,False,0.865,0.8222,205.56,True,False,False
KL_0005,Malappuram,Perinthalmanna,Vattakavu,10.873754,76.386212,semi-urban,131,10.31,False,2024,6,2024-06-01,16033.15,16033.15,211.8,100.81,0.0,False,0.796,0.4896,122.39,False,True,False
KL_0005,Malappuram,Perinthalmanna,Vattakavu,10.873754,76.386212,semi-urban,131,10.31,False,2024,7,2024-07-01,11716.04,11716.04,228.6,66.34,0.0,False,0.814,0.3577,89.44,False,True,False
KL_0005,Malappuram,Perinthalmanna,Vattakavu,10.873754,76.386212,semi-urban,131,10.31,False,2024,8,2024-08-01,23330.86,23330.86,238.1,135.13,0.0,False,0.798,0.7124,178.1,False,True,False
KL_0005,Malappuram,Perinthalmanna,Vattakavu,10.873754,76.386212,semi-urban,131,10.31,False,2024,9,2024-09-01,26689.73,26689.73,239.4,161.82,0.0,False,0.874,0.815,203.74,False,True,False
KL_0005,Malappuram,Perinthalmanna,Vattakavu,10.873754,76.386212,semi-urban,131,10.31,False,2024,10,2024-10-01,19301.97,19301.97,220.2,114.67,0.0,False,0.895,0.5894,147.34,False,False,False
KL_0005,Malappuram,Perinthalmanna,Vattakavu,10.873754,76.386212,semi-urban,131,10.31,False,2024,11,2024-11-01,14032.24,14032.24,232.9,81.29,0.0,False,0.768,0.4285,107.12,False,False,False
KL_0005,Malappuram,Perinthalmanna,Vattakavu,10.873754,76.386212,semi-urban,131,10.31,False,2024,12,2024-12-01,11786.37,11786.37,234.2,71.21,0.0,False,0.86,0.3599,89.97,False,False,True
KL_0006,Thrissur,Chalakudy,Melapara,10.561306,76.242272,rural,22,23.95,False,2023,1,2023-01-01,2251.13,2251.13,247.6,12.87,0.0,False,0.807,0.4093,102.32,False,False,True
KL_0006,Thrissur,Chalakudy,Melapara,10.561306,76.242272,rural,22,23.95,False,2023,2,2023-02-01,1626.59,1626.59,226.1,9.95,0.0,False,0.937,0.2957,73.94,False,False,True
KL_0006,Thrissur,Chalakudy,Melapara,10.561306,76.242272,rural,22,23.95,False,2023,3,2023-03-01,1034.25,1034.25,225.2,5.8,0.0,False,0.878,0.188,47.01,True,False,False
KL_0006,Thrissur,Chalakudy,Melapara,10.561306,76.242272,rural,22,23.95,False,2023,4,2023-04-01,1210.58,1210.58,250.7,6.33,0.0,False,0.832,0.2201,55.03,True,False,False
KL_0006,Thrissur,Chalakudy,Melapara,10.561306,76.242272,rural,22,23.95,False,2023,5,2023-05-01,1543.25,1543.25,229.3,9.99,0.0,False,0.843,0.2806,70.15,True,False,False
KL_0006,Thrissur,Chalakudy,Melapara,10.561306,76.242272,rural,22,23.95,False,2023,6,2023-06-01,2919.65,2919.65,240.4,17.16,0.0,False,0.915,0.5308,132.71,False,True,False
KL_0006,Thrissur,Chalakudy,Melapara,10.561306,76.242272,rural,22,23.95,False,2023,7,2023-07-01,1834.76,1834.76,243.0,11.52,0.0,False,0.853,0.3336,83.4,False,True,False
KL_0006,Thrissur,Chalakudy,Melapara,10.561306,76.242272,rural,22,23.95,False,2023,8,2023-08-01,1326.89,1326.89,206.2,9.43,0.0,False,0.761,0.2413,60.31,False,True,False
KL_0006,Thrissur,Chalakudy,Melapara,10.561306,76.242272,rural,22,23.95,False,2023,9,2023-09-01,2648.94,2648.94,237.9,14.13,0.0,False,0.926,0.4816,120.41,False,True,False
KL_0006,Thrissur,Chalakudy,Melapara,10.561306,76.242272,rural,22,23.95,False,2023,10,2023-10-01,1470.28,1470.28,216.8,8.66,0.0,False,0.891,0.2673,66.83,False,False,False
KL_0006,Thrissur,Chalakudy,Melapara,10.561306,76.242272,rural,22,23.95,False,2023,11,2023-11-01,1029.15,1029.15,226.6,6.43,0.0,False,0.823,0.1871,46.78,False,False,False
KL_0006,Thrissur,Chalakudy,Melapara,10.561306,76.242272,rural,22,23.95,False,2023,12,2023-12-01,997.12,997.12,223.0,6.15,0.0,False,0.88,0.1813,45.32,False,False,True
KL_0006,Thrissur,Chalakudy,Melapara,10.561306,76.242272,rural,22,23.95,False,2024,1,2024-01-01,1280.23,1280.23,214.5,8.06,0.0,False,0.819,0.2328,58.19,False,False,True
KL_0006,Thrissur,Chalakudy,Melapara,10.561306,76.242272,rural,22,23.95,False,2024,2,2024-02-01,2456.45,2456.45,213.3,15.83,0.0,False,0.818,0.4466,111.66,False,False,True
KL_0006,Thrissur,Chalakudy,Melapara,10.561306,76.242272,rural,22,23.95,False,2024,3,2024-03-01,2049.13,2049.13,222.8,12.08,0.0,False,0.844,0.3726,93.14,True,False,False
KL_0006,Thrissur,Chalakudy,Melapara,10.561306,76.242272,rural,22,23.95,False,2024,4,2024-04-01,2060.13,2060.13,218.1,13.34,0.0,False,0.88,0.3746,93.64,True,False,False
KL_0006,Thrissur,Chalakudy,Melapara,10.561306,76.242272,rural,22,23.95,False,2024,5,2024-05-01,1564.58,1564.58,223.6,10.64,0.0,False,0.874,0.2845,71.12,True,False,False
KL_0006,Thrissur,Chalakudy,Melapara,10.561306,76.242272,rural,22,23.95,False,2024,6,2024-06-01,1129.84,1129.84,224.8,6.47,0.0,False,0.897,0.2054,51.36,False,True,False
KL_0006,Thrissur,Chalakudy,Melapara,10.561306,76.242272,rural,22,23.95,False,2024,7,2024-07-01,1297.83,1297.83,217.7,9.05,0.0,False,0.874,0.236,58.99,False,True,False
KL_0006,Thrissur,Chalakudy,Melapara,10.561306,76.242272,rural,22,23.95,False,2024,8,2024-08-01,1880.71,1880.71,225.7,12.34,0.0,False,0.923,0.3419,85.49,False,True,False
KL_0006,Thrissur,Chalakudy,Melapara,10.561306,76.242272,rural,22,23.95,False,2024,9,2024-09-01,2136.69,2136.69,227.0,14.22,0.0,False,0.936,0.3885,97.12,False,True,False
KL_0006,Thrissur,Chalakudy,Melapara,10.561306,76.242272,rural,22,23.95,False,2024,10,2024-10-01,2101.97,2101.97,236.7,11.89,0.0,False,0.865,0.3822,95.54,False,False,False
KL_0006,Thrissur,Chalakudy,Melapara,10.561306,76.242272,rural,22,23.95,False,2024,11,2024-11-01,1736.77,1736.77,228.7,11.44,0.0,False,0.833,0.3158,78.94,False,False,False
KL_0006,Thrissur,Chalakudy,Melapara,10.561306,76.242272,rural,22,23.95,False,2024,12,2024-12-01,2337.13,2337.13,231.9,13.43,0.0,False,0.841,0.4249,106.23,False,False,True
KL_0007,Kottayam,Ettumanoor,Thekkevayal,9.697519,76.584339,semi-urban,157,8.95,False,2023,1,2023-01-01,8154.59,8154.59,211.6,54.63,0.0,False,0.754,0.2078,51.94,False,False,True
KL_0007,Kottayam,Ettumanoor,Thekkevayal,9.697519,76.584339,semi-urban,157,8.95,False,2023,2,2023-02-01,28704.67,28704.67,222.5,178.4,0.0,False,0.851,0.7313,182.83,False,False,True
KL_0007,Kottayam,Ettumanoor,Thekkevayal,9.697519,76.584339,semi-urban,157,8.95,False,2023,3,2023-03-01,12556.87,12556.87,251.0,73.84,0.0,False,0.819,0.3199,79.98,True,False,False
KL_0007,Kottayam,Ettumanoor,Thekkevayal,9.697519,76.584339,semi-urban,157,8.95,False,2023,4,2023-04-01,25542.19,25542.19,231.9,145.55,0.0,False,0.815,0.6508,162.69,True,False,False
KL_0007,Kottayam,Ettumanoor,Thekkevayal,9.697519,76.584339,semi-urban,157,8.95,False,2023,5,2023-05-01,19143.92,19143.92,240.3,115.42,0.0,False,0.848,0.4877,121.94,True,False,False
KL_0007,Kottayam,Ettumanoor,Thekkevayal,9.697519,76.584339,semi-urban,157,8.95,False,2023,6,2023-06-01,15114.89,15114.89,222.1,95.01,0.0,False,0.745,0.3851,96.27,False,True,False
KL_0007,Kottayam,Ettumanoor,Thekkevayal,9.697519,76.584339,semi-urban,157,8.95,False,2023,7,2023-07-01,24638.17,24638.17,231.0,157.23,0.0,False,0.841,0.6277,156.93,False,True,False
KL_0007,Kottayam,Ettumanoor,Thekkevayal,9.697519,76.584339,semi-urban,157,8.95,False,2023,8,2023-08-01,20505.39,20505.39,233.2,131.49,0.0,False,0.86,0.5224,130.61,False,True,False
KL_0007,Kottayam,Ettumanoor,Thekkevayal,9.697519,76.584339,semi-urban,157,8.95,False,2023,9,2023-09-01,18604.6,18604.6,247.4,101.38,0.0,False,0.773,0.474,118.5,False,True,False
KL_0007,Kottayam,Ettumanoor,Thekkevayal,9.697519,76.584339,semi-urban,157,8.95,False,2023,10,2023-10-01,18745.04,18745.04,225.5,106.1,0.0,False,0.918,0.4776,119.4,False,False,False
KL_0007,Kottayam,Ettumanoor,Thekkevayal,9.697519,76.584339,semi-urban,157,8.95,False,2023,11,2023-11-01,35367.33,35367.33,235.2,197.01,0.0,False,0.872,0.9011,225.27,False,False,False
KL_0007,Kottayam,Ettumanoor,Thekkevayal,9.697519,76.584339,semi-urban,157,8.95,False,2023,12,2023-12-01,27808.24,27808.24,231.1,166.99,0.0,False,0.915,0.7085,177.12,False,False,True
KL_0007,Kottayam,Ettumanoor,Thekkevayal,9.697519,76.584339,semi-urban,157,8.95,False,2024,1,2024-01-01,27352.62,27352.62,230.0,152.92,0.0,False,0.872,0.6969,174.22,False,False,True
KL_0007,Kottayam,Ettumanoor,Thekkevayal,9.697519,76.584339,semi-urban,157,8.95,False,2024,2,2024-02-01,15349.73,15349.73,226.3,101.62,0.0,False,0.868,0.3911,97.77,False,False,True
KL_0007,Kottayam,Ettumanoor,Thekkevayal,9.697519,76.584339,semi-urban,157,8.95,False,2024,3,2024-03-01,14241.72,14241.72,218.3,82.79,0.0,False,0.926,0.3628,90.71,True,False,False
KL_0007,Kottayam,Ettumanoor,Thekkevayal,9.697519,76.584339,semi-urban,157,8.95,False,2024,4,2024-04-01,30605.64,30605.64,229.0,179.09,0.0,False,0.916,0.7798,194.94,True,False,False
KL_0007,Kottayam,Ettumanoor,Thekkevayal,9.697519,76.584339,semi-urban,157,8.95,False,2024,5,2024-05-01,19032.9,19032.9,224.9,119.02,0.0,False,0.947,0.4849,121.23,True,False,False
KL_0007,Kottayam,Ettumanoor,Thekkevayal,9.697519,76.584339,semi-urban,157,8.95,False,2024,6,2024-06-01,27704.74,27704.74,231.9,160.88,0.0,False,0.844,0.7059,176.46,False,True,False
KL_0007,Kottayam,Ettumanoor,Thekkevayal,9.697519,76.584339,semi-urban,157,8.95,False,2024,7,2024-07-01,26430.77,26430.77,231.0,160.17,0.0,False,0.81,0.6734,168.35,False,True,False
KL_0007,Kottayam,Ettumanoor,Thekkevayal,9.697519,76.584339,semi-urban,157,8.95,False,2024,8,2024-08-01,27170.14,27170.14,224.3,179.21,0.0,False,0.792,0.6922,173.06,False,True,False
KL_0007,Kottayam,Ettumanoor,Thekkevayal,9.697519,76.584339,semi-urban,157,8.95,False,2024,9,2024-09-01,23741.26,23741.26,222.9,149.52,0.0,False,0.801,0.6049,151.22,False,True,False
KL_0007,Kottayam,Ettumanoor,Thekkevayal,9.697519,76.584339,semi-urban,157,8.95,False,2024,10,2024-10-01,13884.92,13884.92,224.3,85.93,0.0,False,0.884,0.3538,88.44,False,False,False
KL_0007,Kottayam,Ettumanoor,Thekkevayal,9.697519,76.584339,semi-urban,157,8.95,False,2024,11,2024-11-01,23014.58,23014.58,229.6,147.31,0.0,False,0.986,0.5864,146.59,False,False,False
KL_0007,Kottayam,Ettumanoor,Thekkevayal,9.697519,76.584339,semi-urban,157,8.95,False,2024,12,2024-12-01,19768.59,19768.59,222.8,134.95,0.0,False,0.925,0.5037,125.91,False,False,True
KL_0008,Pathanamthitta,Kozhencherry,Idavanagar,9.435618,77.08124,rural,68,11.27,False,2023,1,2023-01-01,3657.52,3657.52,229.1,20.5,0.0,False,0.841,0.2151,53.79,False,False,True
KL_0008,Pathanamthitta,Kozhencherry,Idavanagar,9.435618,77.08124,rural,68,11.27,False,2023,2,2023-02-01,6869.02,6869.02,222.0,43.79,0.0,False,0.888,0.4041,101.02,False,False,True
KL_0008,Pathanamthitta,Kozhencherry,Idavanagar,9.435618,77.08124,rural,68,11.27,False,2023,3,2023-03-01,6511.81,6511.81,238.6,35.57,0.0,False,0.822,0.383,95.76,True,False,False
KL_0008,Pathanamthitta,Kozhencherry,Idavanagar,9.435618,77.08124,rural,68,11.27,False,2023,4,2023-04-01,6229.27,6229.27,237.6,34.02,0.0,False,0.825,0.3664,91.61,True,False,False
KL_0008,Pathanamthitta,Kozhencherry,Idavanagar,9.435618,77.08124,rural,68,11.27,False,2023,5,2023-05-01,5738.13,5738.13,235.8,31.99,0.0,False,0.798,0.3375,84.38,True,False,False
KL_0008,Pathanamthitta,Kozhencherry,Idavanagar,9.435618,77.08124,rural,68,11.27,False,2023,6,2023-06-01,5484.92,5484.92,235.2,31.78,0.0,False,0.802,0.3226,80.66,False,True,False
KL_0008,Pathanamthitta,Kozhencherry,Idavanagar,9.435618,77.08124,rural,68,11.27,False,2023,7,2023-07-01,3213.38,3213.38,247.4,19.71,0.0,False,0.878,0.189,47.26,False,True,False
KL_0008,Pathanamthitta,Kozhencherry,Idavanagar,9.435618,77.08124,rural,68,11.27,False,2023,8,2023-08-01,4405.4,4405.4,227.1,25.27,0.0,False,0.924,0.2591,64.79,False,True,False
KL_0008,Pathanamthitta,Kozhencherry,Idavanagar,9.435618,77.08124,rural,68,11.27,False,2023,9,2023-09-01,2834.0,2834.0,230.0,15.55,0.0,False,0.902,0.1667,41.68,False,True,False
KL_0008,Pathanamthitta,Kozhencherry,Idavanagar,9.435618,77.08124,rural,68,11.27,False,2023,10,2023-10-01,3423.45,3423.45,240.1,18.33,0.0,False,0.923,0.2014,50.34,False,False,False
KL_0008,Pathanamthitta,Kozhencherry,Idavanagar,9.435618,77.08124,rural,68,11.27,False,2023,11,2023-11-01,5234.45,5234.45,237.0,30.02,0.0,False,0.889,0.3079,76.98,False,False,False
KL_0008,Pathanamthitta,Kozhencherry,Idavanagar,9.435618,77.08124,rural,68,11.27,False,2023,12,2023-12-01,6270.31,6270.31,221.3,41.56,0.0,False,0.848,0.3688,92.21,False,False,True
KL_0008,Pathanamthitta,Kozhencherry,Idavanagar,9.435618,77.08124,rural,68,11.27,False,2024,1,2024-01-01,4619.65,4619.65,215.5,29.47,0.0,False,0.824,0.2717,67.94,False,False,True
KL_0008,Pathanamthitta,Kozhencherry,Idavanagar,9.435618,77.08124,rural,68,11.27,False,2024,2,2024-02-01,5345.98,5345.98,231.7,29.06,0.0,False,0.879,0.3145,78.62,False,False,True
KL_0008,Pathanamthitta,Kozhencherry,Idavanagar,9.435618,77.08124,rural,68,11.27,False,2024,3,2024-03-01,1860.05,1860.05,233.7,11.68,0.0,False,0.766,0.1094,27.35,True,False,False
KL_0008,Pathanamthitta,Kozhencherry,Idavanagar,9.435618,77.08124,rural,68,11.27,False,2024,4,2024-04-01,4150.34,4150.34,228.1,23.16,0.0,False,0.82,0.2441,61.03,True,False,False
KL_0008,Pathanamthitta,Kozhencherry,Idavanagar,9.435618,77.08124,rural,68,11.27,False,2024,5,2024-05-01,10120.27,10120.27,235.7,53.8,0.0,False,0.811,0.5953,148.83,True,False,False
KL_0008,Pathanamthitta,Kozhencherry,Idavanagar,9.435618,77.08124,rural,68,11.27,False,2024,6,2024-06-01,4578.42,4578.42,222.1,28.48,0.0,False,0.912,0.2693,67.33,False,True,False
KL_0008,Pathanamthitta,Kozhencherry,Idavanagar,9.435618,77.08124,rural,68,11.27,False,2024,7,2024-07-01,5558.16,5558.16,229.4,30.58,0.0,False,0.781,0.327,81.74,False,True,False
KL_0008,Pathanamthitta,Kozhencherry,Idavanagar,9.435618,77.08124,rural,68,11.27,False,2024,8,2024-08-01,5609.47,5609.47,220.0,33.03,0.0,False,0.896,0.33,82.49,False,True,False
KL_0008,Pathanamthitta,Kozhencherry,Idavanagar,9.435618,77.08124,rural,68,11.27,False,2024,9,2024-09-01,5415.07,5415.07,251.2,30.97,0.0,False,0.869,0.3185,79.63,False,True,False
KL_0008,Pathanamthitta,Kozhencherry,Idavanagar,9.435618,77.08124,rural,68,11.27,False,2024,10,2024-10-01,7602.35,7602.35,210.9,54.85,0.0,False,0.87,0.4472,111.8,False,False,False
KL_0008,Pathanamthitta,Kozhencherry,Idavanagar,9.435618,77.08124,rural,68,11.27,False,2024,11,2024-11-01,6117.38,6117.38,221.9,40.03,0.0,False,0.827,0.3598,89.96,False,False,False
KL_0008,Pathanamthitta,Kozhencherry,Idavanagar,9.435618,77.08124,rural,68,11.27,False,2024,12,2024-12-01,5638.45,5638.45,226.2,36.41,0.0,False,0.777,0.3317,82.92,False,False,True
KL_0009,Pathanamthitta,Adoor,Thekkevayal,9.479672,76.97597,rural,37,18.78,False,2023,1,2023-01-01,2909.11,2909.11,224.6,17.08,0.0,False,0.875,0.3145,78.62,False,False,True
KL_0009,Pathanamthitta,Adoor,Thekkevayal,9.479672,76.97597,rural,37,18.78,False,2023,2,2023-02-01,2626.07,2626.07,235.6,15.84,0.0,False,0.894,0.2839,70.97,False,False,True
KL_0009,Pathanamthitta,Adoor,Thekkevayal,9.479672,76.97597,rural,37,18.78,False,2023,3,2023-03-01,2284.61,2284.61,243.0,11.84,0.0,False,0.875,0.247,61.75,True,False,False
KL_0009,Pathanamthitta,Adoor,Thekkevayal,9.479672,76.97597,rural,37,18.78,False,2023,4,2023-04-01,2685.53,2685.53,226.1,15.85,0.0,False,0.843,0.2903,72.58,True,False,False
KL_0009,Pathanamthitta,Adoor,Thekkevayal,9.479672,76.97597,rural,37,18.78,False,2023,5,2023-05-01,3041.95,3041.95,228.9,18.14,0.0,False,0.793,0.3289,82.21,True,False,False
KL_0009,Pathanamthitta,Adoor,Thekkevayal,9.479672,76.97597,rural,37,18.78,False,2023,6,2023-06-01,1961.43,1961.43,241.4,11.46,0.0,False,0.819,0.212,53.01,False,True,False
KL_0009,Pathanamthitta,Adoor,Thekkevayal,9.479672,76.97597,rural,37,18.78,False,2023,7,2023-07-01,4905.4,4905.4,232.0,31.28,0.0,False,0.873,0.5303,132.58,False,True,False
KL_0009,Pathanamthitta,Adoor,Thekkevayal,9.479672,76.97597,rural,37,18.78,False,2023,8,2023-08-01,2271.82,2271.82,226.9,14.71,0.0,False,0.81,0.2456,61.4,False,True,False
KL_0009,Pathanamthitta,Adoor,Thekkevayal,9.479672,76.97597,rural,37,18.78,False,2023,9,2023-09-01,912.79,912.79,215.2,5.56,0.0,False,0.802,0.0987,24.67,False,True,False
KL_0009,Pathanamthitta,Adoor,Thekkevayal,9.479672,76.97597,rural,37,18.78,False,2023,10,2023-10-01,4902.16,4902.16,246.6,25.5,0.0,False,0.778,0.53,132.49,False,False,False
KL_0009,Pathanamthitta,Adoor,Thekkevayal,9.479672,76.97597,rural,37,18.78,False,2023,11,2023-11-01,4280.19,4280.19,208.3,27.75,0.0,False,0.877,0.4627,115.68,False,False,False
KL_0009,Pathanamthitta,Adoor,Thekkevayal,9.479672,76.97597,rural,37,18.78,False,2023,12,2023-12-01,2868.23,2868.23,225.6,18.98,0.0,False,0.876,0.3101,77.52,False,False,True
KL_0009,Pathanamthitta,Adoor,Thekkevayal,9.479672,76.97597,rural,37,18.78,False,2024,1,2024-01-01,2375.14,2375.14,233.4,12.95,0.0,False,0.908,0.2568,64.19,False,False,True
KL_0009,Pathanamthitta,Adoor,Thekkevayal,9.479672,76.97597,rural,37,18.78,False,2024,2,2024-02-01,2890.98,2890.98,219.4,18.7,0.0,False,0.743,0.3125,78.13,False,False,True
KL_0009,Pathanamthitta,Adoor,Thekkevayal,9.479672,76.97597,rural,37,18.78,False,2024,3,2024-03-01,3047.61,3047.61,222.5,18.19,0.0,False,0.909,0.3295,82.37,True,False,False
KL_0009,Pathanamthitta,Adoor,Thekkevayal,9.479672,76.97597,rural,37,18.78,False,2024,4,2024-04-01,2560.43,2560.43,234.2,15.03,0.0,False,0.906,0.2768,69.2,True,False,False
KL_0009,Pathanamthitta,Adoor,Thekkevayal,9.479672,76.97597,rural,37,18.78,False,2024,5,2024-05-01,3263.89,3263.89,216.7,22.59,0.0,False,0.91,0.3529,88.21,True,False,False
KL_0009,Pathanamthitta,Adoor,Thekkevayal,9.479672,76.97597,rural,37,18.78,False,2024,6,2024-06-01,3690.51,3690.51,230.0,21.2,0.0,False,0.856,0.399,99.74,False,True,False
KL_0009,Pathanamthitta,Adoor,Thekkevayal,9.479672,76.97597,rural,37,18.78,False,2024,7,2024-07-01,2201.92,2201.92,248.4,11.94,0.0,False,0.861,0.238,59.51,False,True,False
KL_0009,Pathanamthitta,Adoor,Thekkevayal,9.479672,76.97597,rural,37,18.78,False,2024,8,2024-08-01,2229.33,2229.33,231.3,14.35,0.0,False,0.861,0.241,60.25,False,True,False
KL_0009,Pathanamthitta,Adoor,Thekkevayal,9.479672,76.97597,rural,37,18.78,False,2024,9,2024-09-01,2499.83,2499.83,241.4,14.34,0.0,False,0.804,0.2703,67.56,False,True,False
KL_0009,Pathanamthitta,Adoor,Thekkevayal,9.479672,76.97597,rural,37,18.78,False,2024,10,2024-10-01,3838.77,3838.77,220.3,22.08,0.0,False,0.806,0.415,103.75,False,False,False
KL_0009,Pathanamthitta,Adoor,Thekkevayal,9.479672,76.97597,rural,37,18.78,False,2024,11,2024-11-01,4691.5,4691.5,223.1,27.79,0.0,False,0.861,0.5072,126.8,False,False,False
KL_0009,Pathanamthitta,Adoor,Thekkevayal,9.479672,76.97597,rural,37,18.78,False,2024,12,2024-12-01,2336.05,2336.05,246.1,14.19,0.0,False,0.838,0.2525,63.14,False,False,True
KL_0010,Thrissur,Kunnamkulam,Melamoodu,10.673055,76.118803,rural,72,20.01,False,2023,1,2023-01-01,7651.65,10638.41,211.5,83.17,39.03,True,0.886,0.591,147.76,False,False,True
KL_0010,Thrissur,Kunnamkulam,Melamoodu,10.673055,76.118803,rural,72,20.01,False,2023,2,2023-02-01,3840.53,4831.83,220.0,35.24,25.81,True,0.832,0.2684,67.11,False,False,True
KL_0010,Thrissur,Kunnamkulam,Melamoodu,10.673055,76.118803,rural,72,20.01,False,2023,3,2023-03-01,7696.9,10272.78,224.6,81.27,33.47,True,0.777,0.5707,142.68,True,False,False
KL_0010,Thrissur,Kunnamkulam,Melamoodu,10.673055,76.118803,rural,72,20.01,False,2023,4,2023-04-01,6901.15,9643.66,216.6,77.9,39.74,True,0.779,0.5358,133.94,True,False,False
KL_0010,Thrissur,Kunnamkulam,Melamoodu,10.673055,76.118803,rural,72,20.01,False,2023,5,2023-05-01,8794.26,12749.89,224.8,96.99,44.98,True,0.812,0.7083,177.08,True,False,False
KL_0010,Thrissur,Kunnamkulam,Melamoodu,10.673055,76.118803,rural,72,20.01,False,2023,6,2023-06-01,7322.42,9171.34,219.9,74.36,25.25,True,0.886,0.5095,127.38,False,True,False
KL_0010,Thrissur,Kunnamkulam,Melamoodu,10.673055,76.118803,rural,72,20.01,False,2023,7,2023-07-01,5993.33,8483.75,227.1,59.61,41.55,True,0.824,0.4713,117.83,False,True,False
KL_0010,Thrissur,Kunnamkulam,Melamoodu,10.673055,76.118803,rural,72,20.01,False,2023,8,2023-08-01,4258.39,5461.53,222.8,42.48,28.25,True,0.865,0.3034,75.85,False,True,False
KL_0010,Thrissur,Kunnamkulam,Melamoodu,10.673055,76.118803,rural,72,20.01,False,2023,9,2023-09-01,6305.77,6305.77,223.1,40.68,0.0,False,0.766,0.3503,87.58,False,True,False
KL_0010,Thrissur,Kunnamkulam,Melamoodu,10.673055,76.118803,rural,72,20.01,False,2023,10,2023-10-01,7849.38,7849.38,219.1,48.36,0.0,False,0.858,0.4361,109.02,False,False,False
KL_0010,Thrissur,Kunnamkulam,Melamoodu,10.673055,76.118803,rural,72,20.01,False,2023,11,2023-11-01,9281.91,13181.13,222.9,104.71,42.01,True,0.852,0.7323,183.07,False,False,False
KL_0010,Thrissur,Kunnamkulam,Melamoodu,10.673055,76.118803,rural,72,20.01,False,2023,12,2023-12-01,2819.49,3927.65,208.2,28.92,39.3,True,0.91,0.2182,54.55,False,False,True
KL_0010,Thrissur,Kunnamkulam,Melamoodu,10.673055,76.118803,rural,72,20.01,False,2024,1,2024-01-01,4892.43,6548.93,226.1,49.31,33.86,True,0.858,0.3638,90.96,False,False,True
KL_0010,Thrissur,Kunnamkulam,Melamoodu,10.673055,76.118803,rural,72,20.01,False,2024,2,2024-02-01,8196.0,8196.0,219.7,49.36,0.0,False,0.888,0.4553,113.83,False,False,True
KL_0010,Thrissur,Kunnamkulam,Melamoodu,10.673055,76.118803,rural,72,20.01,False,2024,3,2024-03-01,5453.22,5453.22,219.6,36.07,0.0,False,0.947,0.303,75.74,True,False,False
KL_0010,Thrissur,Kunnamkulam,Melamoodu,10.673055,76.118803,rural,72,20.01,False,2024,4,2024-04-01,6236.45,8174.08,213.3,61.59,31.07,True,0.852,0.4541,113.53,True,False,False
KL_0010,Thrissur,Kunnamkulam,Melamoodu,10.673055,76.118803,rural,72,20.01,False,2024,5,2024-05-01,4118.26,5013.5,228.9,37.95,21.74,True,0.927,0.2785,69.63,True,False,False
KL_0010,Thrissur,Kunnamkulam,Melamoodu,10.673055,76.118803,rural,72,20.01,False,2024,6,2024-06-01,6185.1,7374.99,218.1,53.21,19.24,True,0.856,0.4097,102.43,False,True,False
KL_0010,Thrissur,Kunnamkulam,Melamoodu,10.673055,76.118803,rural,72,20.01,False,2024,7,2024-07-01,7654.35,10614.41,233.7,72.71,38.67,True,0.823,0.5897,147.42,False,True,False
KL_0010,Thrissur,Kunnamkulam,Melamoodu,10.673055,76.118803,rural,72,20.01,False,2024,8,2024-08-01,4657.5,6204.05,222.4,44.46,33.21,True,0.845,0.3447,86.17,False,True,False
KL_0010,Thrissur,Kunnamkulam,Melamoodu,10.673055,76.118803,rural,72,20.01,False,2024,9,2024-09-01,1789.11,2318.86,215.9,18.01,29.61,True,0.825,0.1288,32.21,False,True,False
KL_0010,Thrissur,Kunnamkulam,Melamoodu,10.673055,76.118803,rural,72,20.01,False,2024,10,2024-10-01,6903.16,8765.55,199.0,70.71,26.98,True,0.826,0.487,121.74,False,False,False
KL_0010,Thrissur,Kunnamkulam,Melamoodu,10.673055,76.118803,rural,72,20.01,False,2024,11,2024-11-01,5460.13,6335.49,231.1,42.22,16.03,True,0.821,0.352,87.99,False,False,False
KL_0010,Thrissur,Kunnamkulam,Melamoodu,10.673055,76.118803,rural,72,20.01,False,2024,12,2024-12-01,7202.38,9742.41,206.8,80.82,35.27,True,0.835,0.5412,135.31,False,False,True
KL_0011,Idukki,Kumily,Kallanagar,9.717709,77.340665,urban,22,4.38,False,2023,1,2023-01-01,4700.37,4700.37,226.6,29.36,0.0,False,0.886,0.8546,213.65,False,False,True
KL_0011,Idukki,Kumily,Kallanagar,9.717709,77.340665,urban,22,4.38,False,2023,2,2023-02-01,2432.18,2432.18,219.4,15.84,0.0,False,0.765,0.4422,110.55,False,False,True
KL_0011,Idukki,Kumily,Kallanagar,9.717709,77.340665,urban,22,4.38,False,2023,3,2023-03-01,3829.64,3829.64,242.1,20.45,0.0,False,0.864,0.6963,174.07,True,False,False
KL_0011,Idukki,Kumily,Kallanagar,9.717709,77.340665,urban,22,4.38,False,2023,4,2023-04-01,5512.85,5512.85,248.2,32.82,0.0,False,0.856,1.0023,250.58,True,False,False
KL_0011,Idukki,Kumily,Kallanagar,9.717709,77.340665,urban,22,4.38,False,2023,5,2023-05-01,4240.9,4240.9,232.5,26.89,0.0,False,0.919,0.7711,192.77,True,False,False
KL_0011,Idukki,Kumily,Kallanagar,9.717709,77.340665,urban,22,4.38,False,2023,6,2023-06-01,5747.57,5747.57,219.3,36.71,0.0,False,0.832,1.045,261.25,False,True,False
KL_0011,Idukki,Kumily,Kallanagar,9.717709,77.340665,urban,22,4.38,False,2023,7,2023-07-01,3511.66,3511.66,218.2,23.51,0.0,False,0.907,0.6385,159.62,False,True,False
KL_0011,Idukki,Kumily,Kallanagar,9.717709,77.340665,urban,22,4.38,False,2023,8,2023-08-01,4764.35,4764.35,254.4,23.64,0.0,False,0.807,0.8662,216.56,False,True,False
KL_0011,Idukki,Kumily,Kallanagar,9.717709,77.340665,urban,22,4.38,False,2023,9,2023-09-01,5374.6,5374.6,218.3,36.56,0.0,False,0.827,0.9772,244.3,False,True,False
KL_0011,Idukki,Kumily,Kallanagar,9.717709,77.340665,urban,22,4.38,False,2023,10,2023-10-01,5599.04,5599.04,238.9,35.62,0.0,False,0.871,1.018,254.5,False,False,False
KL_0011,Idukki,Kumily,Kallanagar,9.717709,77.340665,urban,22,4.38,False,2023,11,2023-11-01,4532.42,4532.42,225.3,27.36,0.0,False,0.88,0.8241,206.02,False,False,False
KL_0011,Idukki,Kumily,Kallanagar,9.717709,77.340665,urban,22,4.38,False,2023,12,2023-12-01,3146.28,3146.28,225.6,18.88,0.0,False,0.837,0.5721,143.01,False,False,True
KL_0011,Idukki,Kumily,Kallanagar,9.717709,77.340665,urban,22,4.38,False,2024,1,2024-01-01,3357.24,3357.24,230.4,18.83,0.0,False,0.861,0.6104,152.6,False,False,True
KL_0011,Idukki,Kumily,Kallanagar,9.717709,77.340665,urban,22,4.38,False,2024,2,2024-02-01,3550.62,3550.62,220.4,23.84,0.0,False,0.842,0.6456,161.39,False,False,True
KL_0011,Idukki,Kumily,Kallanagar,9.717709,77.340665,urban,22,4.38,False,2024,3,2024-03-01,5670.5,5670.5,233.0,34.11,0.0,False,0.89,1.031,257.75,True,False,False
KL_0011,Idukki,Kumily,Kallanagar,9.717709,77.340665,urban,22,4.38,False,2024,4,2024-04-01,4584.39,4584.39,235.5,25.96,0.0,False,0.843,0.8335,208.38,True,False,False
KL_0011,Idukki,Kumily,Kallanagar,9.717709,77.340665,urban,22,4.38,False,2024,5,2024-05-01,6962.29,6962.29,230.2,43.77,0.0,False,0.839,1.2659,316.47,True,False,False
KL_0011,Idukki,Kumily,Kallanagar,9.717709,77.340665,urban,22,4.38,False,2024,6,2024-06-01,3695.26,3695.26,214.2,24.19,0.0,False,0.9,0.6719,167.97,False,True,False
KL_0011,Idukki,Kumily,Kallanagar,9.717709,77.340665,urban,22,4.38,False,2024,7,2024-07-01,3919.64,3919.64,233.6,23.37,0.0,False,0.861,0.7127,178.17,False,True,False
KL_0011,Idukki,Kumily,Kallanagar,9.717709,77.340665,urban,22,4.38,False,2024,8,2024-08-01,2142.31,2142.31,227.4,13.25,0.0,False,0.883,0.3895,97.38,False,True,False
KL_0011,Idukki,Kumily,Kallanagar,9.717709,77.340665,urban,22,4.38,False,2024,9,2024-09-01,4041.44,4041.44,238.6,23.32,0.0,False,0.975,0.7348,183.7,False,True,False
KL_0011,Idukki,Kumily,Kallanagar,9.717709,77.340665,urban,22,4.38,False,2024,10,2024-10-01,5808.38,5808.38,237.7,30.95,0.0,False,0.751,1.0561,264.02,False,False,False
KL_0011,Idukki,Kumily,Kallanagar,9.717709,77.340665,urban,22,4.38,False,2024,11,2024-11-01,2898.57,2898.57,227.3,16.72,0.0,False,0.799,0.527,131.75,False,False,False
KL_0011,Idukki,Kumily,Kallanagar,9.717709,77.340665,urban,22,4.38,False,2024,12,2024-12-01,4125.29,4125.29,238.3,25.58,0.0,False,0.804,0.7501,187.51,False,False,True
KL_0012,Kasaragod,Nileshwar,Kottapuram,12.456701,75.231187,rural,61,24.81,False,2023,1,2023-01-01,3826.99,3826.99,235.3,24.05,0.0,False,0.807,0.251,62.74,False,False,True
KL_0012,Kasaragod,Nileshwar,Kottapuram,12.456701,75.231187,rural,61,24.81,False,2023,2,2023-02-01,4708.18,4708.18,233.3,26.8,0.0,False,0.921,0.3087,77.18,False,False,True
KL_0012,Kasaragod,Nileshwar,Kottapuram,12.456701,75.231187,rural,61,24.81,False,2023,3,2023-03-01,5828.9,5828.9,235.3,31.66,0.0,False,0.717,0.3822,95.56,True,False,False
KL_0012,Kasaragod,Nileshwar,Kottapuram,12.456701,75.231187,rural,61,24.81,False,2023,4,2023-04-01,6176.06,6176.06,217.6,40.73,0.0,False,0.874,0.405,101.25,True,False,False
KL_0012,Kasaragod,Nileshwar,Kottapuram,12.456701,75.231187,rural,61,24.81,False,2023,5,2023-05-01,6787.06,6787.06,218.6,39.01,0.0,False,0.773,0.4451,111.26,True,False,False
KL_0012,Kasaragod,Nileshwar,Kottapuram,12.456701,75.231187,rural,61,24.81,False,2023,6,2023-06-01,6921.21,6921.21,225.8,41.86,0.0,False,0.851,0.4538,113.46,False,True,False
KL_0012,Kasaragod,Nileshwar,Kottapuram,12.456701,75.231187,rural,61,24.81,False,2023,7,2023-07-01,3873.15,3873.15,235.4,23.1,0.0,False,0.863,0.254,63.49,False,True,False
KL_0012,Kasaragod,Nileshwar,Kottapuram,12.456701,75.231187,rural,61,24.81,False,2023,8,2023-08-01,5043.57,5043.57,223.1,31.8,0.0,False,0.895,0.3307,82.68,False,True,False
KL_0012,Kasaragod,Nileshwar,Kottapuram,12.456701,75.231187,rural,61,24.81,False,2023,9,2023-09-01,3739.16,3739.16,232.7,20.54,0.0,False,0.837,0.2452,61.3,False,True,False
KL_0012,Kasaragod,Nileshwar,Kottapuram,12.456701,75.231187,rural,61,24.81,False,2023,10,2023-10-01,6843.34,6843.34,241.6,39.09,0.0,False,0.841,0.4487,112.19,False,False,False
KL_0012,Kasaragod,Nileshwar,Kottapuram,12.456701,75.231187,rural,61,24.81,False,2023,11,2023-11-01,5993.57,5993.57,234.0,36.09,0.0,False,0.748,0.393,98.26,False,False,False
KL_0012,Kasaragod,Nileshwar,Kottapuram,12.456701,75.231187,rural,61,24.81,False,2023,12,2023-12-01,1969.36,1969.36,224.9,12.32,0.0,False,0.964,0.1291,32.28,False,False,True
KL_0012,Kasaragod,Nileshwar,Kottapuram,12.456701,75.231187,rural,61,24.81,False,2024,1,2024-01-01,3104.97,3104.97,221.8,18.0,0.0,False,0.865,0.2036,50.9,False,False,True
KL_0012,Kasaragod,Nileshwar,Kottapuram,12.456701,75.231187,rural,61,24.81,False,2024,2,2024-02-01,5233.45,5233.45,220.4,30.37,0.0,False,0.872,0.3432,85.79,False,False,True
KL_0012,Kasaragod,Nileshwar,Kottapuram,12.456701,75.231187,rural,61,24.81,False,2024,3,2024-03-01,1406.35,1406.35,238.4,8.64,0.0,False,0.904,0.0922,23.05,True,False,False
KL_0012,Kasaragod,Nileshwar,Kottapuram,12.456701,75.231187,rural,61,24.81,False,2024,4,2024-04-01,6184.85,6184.85,227.8,39.45,0.0,False,0.847,0.4056,101.39,True,False,False
KL_0012,Kasaragod,Nileshwar,Kottapuram,12.456701,75.231187,rural,61,24.81,False,2024,5,2024-05-01,8023.17,8023.17,229.7,53.13,0.0,False,0.871,0.5261,131.53,True,False,False
KL_0012,Kasaragod,Nileshwar,Kottapuram,12.456701,75.231187,rural,61,24.81,False,2024,6,2024-06-01,5443.26,5443.26,213.8,36.55,0.0,False,0.886,0.3569,89.23,False,True,False
KL_0012,Kasaragod,Nileshwar,Kottapuram,12.456701,75.231187,rural,61,24.81,False,2024,7,2024-07-01,5884.27,5884.27,224.9,39.32,0.0,False,0.776,0.3859,96.46,False,True,False
KL_0012,Kasaragod,Nileshwar,Kottapuram,12.456701,75.231187,rural,61,24.81,False,2024,8,2024-08-01,5792.34,5792.34,233.8,35.95,0.0,False,0.877,0.3798,94.96,False,True,False
KL_0012,Kasaragod,Nileshwar,Kottapuram,12.456701,75.231187,rural,61,24.81,False,2024,9,2024-09-01,6580.55,6580.55,220.1,44.5,0.0,False,0.954,0.4315,107.88,False,True,False
KL_0012,Kasaragod,Nileshwar,Kottapuram,12.456701,75.231187,rural,61,24.81,False,2024,10,2024-10-01,3953.5,3953.5,216.1,24.55,0.0,False,0.937,0.2592,64.81,False,False,False
KL_0012,Kasaragod,Nileshwar,Kottapuram,12.456701,75.231187,rural,61,24.81,False,2024,11,2024-11-01,7182.25,7182.25,218.9,47.06,0.0,False,0.927,0.471,117.74,False,False,False
KL_0012,Kasaragod,Nileshwar,Kottapuram,12.456701,75.231187,rural,61,24.81,False,2024,12,2024-12-01,6621.73,6621.73,244.7,36.02,0.0,False,0.946,0.4342,108.55,False,False,True
KL_0013,Kollam,Kollam,Idavanagar,8.775618,76.43292,urban,171,1.53,False,2023,1,2023-01-01,24788.32,24788.32,247.5,151.4,0.0,False,0.787,0.5798,144.96,False,False,True
KL_0013,Kollam,Kollam,Idavanagar,8.775618,76.43292,urban,171,1.53,False,2023,2,2023-02-01,26415.35,26415.35,218.4,155.88,0.0,False,0.824,0.6179,154.48,False,False,True
KL_0013,Kollam,Kollam,Idavanagar,8.775618,76.43292,urban,171,1.53,False,2023,3,2023-03-01,25018.28,25018.28,231.5,146.71,0.0,False,0.804,0.5852,146.31,True,False,False
KL_0013,Kollam,Kollam,Idavanagar,8.775618,76.43292,urban,171,1.53,False,2023,4,2023-04-01,42153.71,42153.71,225.4,280.0,0.0,False,1.025,0.9861,246.51,True,False,False
KL_0013,Kollam,Kollam,Idavanagar,8.775618,76.43292,urban,171,1.53,False,2023,5,2023-05-01,31187.02,31187.02,251.0,173.58,0.0,False,0.862,0.7295,182.38,True,False,False
KL_0013,Kollam,Kollam,Idavanagar,8.775618,76.43292,urban,171,1.53,False,2023,6,2023-06-01,30743.21,30743.21,233.7,181.2,0.0,False,0.779,0.7191,179.78,False,True,False
KL_0013,Kollam,Kollam,Idavanagar,8.775618,76.43292,urban,171,1.53,False,2023,7,2023-07-01,19354.03,19354.03,230.3,127.96,0.0,False,0.795,0.4527,113.18,False,True,False
KL_0013,Kollam,Kollam,Idavanagar,8.775618,76.43292,urban,171,1.53,False,2023,8,2023-08-01,28883.43,28883.43,229.4,178.11,0.0,False,0.855,0.6756,168.91,False,True,False
KL_0013,Kollam,Kollam,Idavanagar,8.775618,76.43292,urban,171,1.53,False,2023,9,2023-09-01,36581.51,36581.51,223.2,226.6,0.0,False,0.782,0.8557,213.93,False,True,False
KL_0013,Kollam,Kollam,Idavanagar,8.775618,76.43292,urban,171,1.53,False,2023,10,2023-10-01,43142.17,43142.17,237.9,265.5,0.0,False,0.943,1.0092,252.29,False,False,False
KL_0013,Kollam,Kollam,Idavanagar,8.775618,76.43292,urban,171,1.53,False,2023,11,2023-11-01,22877.0,22877.0,237.4,139.97,0.0,False,0.89,0.5351,133.78,False,False,False
KL_0013,Kollam,Kollam,Idavanagar,8.775618,76.43292,urban,171,1.53,False,2023,12,2023-12-01,31529.66,31529.66,218.7,191.81,0.0,False,0.866,0.7375,184.38,False,False,True
KL_0013,Kollam,Kollam,Idavanagar,8.775618,76.43292,urban,171,1.53,False,2024,1,2024-01-01,23577.6,23577.6,241.8,146.74,0.0,False,0.797,0.5515,137.88,False,False,True
KL_0013,Kollam,Kollam,Idavanagar,8.775618,76.43292,urban,171,1.53,False,2024,2,2024-02-01,35551.81,35551.81,223.9,214.32,0.0,False,0.784,0.8316,207.91,False,False,True
KL_0013,Kollam,Kollam,Idavanagar,8.775618,76.43292,urban,171,1.53,False,2024,3,2024-03-01,30007.71,30007.71,214.0,176.69,0.0,False,0.867,0.7019,175.48,True,False,False
KL_0013,Kollam,Kollam,Idavanagar,8.775618,76.43292,urban,171,1.53,False,2024,4,2024-04-01,25112.62,25112.62,243.7,150.56,0.0,False,0.857,0.5874,146.86,True,False,False
KL_0013,Kollam,Kollam,Idavanagar,8.775618,76.43292,urban,171,1.53,False,2024,5,2024-05-01,42097.34,42097.34,234.7,249.04,0.0,False,0.786,0.9847,246.18,True,False,False
KL_0013,Kollam,Kollam,Idavanagar,8.775618,76.43292,urban,171,1.53,False,2024,6,2024-06-01,34291.39,34291.39,215.7,201.89,0.0,False,0.847,0.8021,200.53,False,True,False
KL_0013,Kollam,Kollam,Idavanagar,8.775618,76.43292,urban,171,1.53,False,2024,7,2024-07-01,33700.1,33700.1,233.6,211.22,0.0,False,0.847,0.7883,197.08,False,True,False
KL_0013,Kollam,Kollam,Idavanagar,8.775618,76.43292,urban,171,1.53,False,2024,8,2024-08-01,29430.03,29430.03,235.0,157.87,0.0,False,0.887,0.6884,172.11,False,True,False
KL_0013,Kollam,Kollam,Idavanagar,8.775618,76.43292,urban,171,1.53,False,2024,9,2024-09-01,29268.0,29268.0,224.2,174.22,0.0,False,0.955,0.6846,171.16,False,True,False
KL_0013,Kollam,Kollam,Idavanagar,8.775618,76.43292,urban,171,1.53,False,2024,10,2024-10-01,47973.58,47973.58,233.1,274.58,0.0,False,0.746,1.1222,280.55,False,False,False
KL_0013,Kollam,Kollam,Idavanagar,8.775618,76.43292,urban,171,1.53,False,2024,11,2024-11-01,29002.96,29002.96,237.0,180.39,0.0,False,0.89,0.6784,169.61,False,False,False
KL_0013,Kollam,Kollam,Idavanagar,8.775618,76.43292,urban,171,1.53,False,2024,12,2024-12-01,26676.21,26676.21,232.4,148.8,0.0,False,0.815,0.624,156.0,False,False,True
KL_0014,Pathanamthitta,Adoor,Idavamoodu,9.495672,76.961886,urban,24,2.67,False,2023,1,2023-01-01,3166.92,3166.92,234.2,19.56,0.0,False,0.871,0.5278,131.96,False,False,True
KL_0014,Pathanamthitta,Adoor,Idavamoodu,9.495672,76.961886,urban,24,2.67,False,2023,2,2023-02-01,3568.35,3568.35,234.3,20.49,0.0,False,0.857,0.5947,148.68,False,False,True
KL_0014,Pathanamthitta,Adoor,Idavamoodu,9.495672,76.961886,urban,24,2.67,False,2023,3,2023-03-01,3214.22,3214.22,235.0,19.65,0.0,False,0.875,0.5357,133.93,True,False,False
KL_0014,Pathanamthitta,Adoor,Idavamoodu,9.495672,76.961886,urban,24,2.67,False,2023,4,2023-04-01,5161.72,5161.72,210.7,36.79,0.0,False,0.788,0.8603,215.07,True,False,False
KL_0014,Pathanamthitta,Adoor,Idavamoodu,9.495672,76.961886,urban,24,2.67,False,2023,5,2023-05-01,6714.01,6714.01,231.4,40.31,0.0,False,0.898,1.119,279.75,True,False,False
KL_0014,Pathanamthitta,Adoor,Idavamoodu,9.495672,76.961886,urban,24,2.67,False,2023,6,2023-06-01,2285.72,2285.72,238.1,12.31,0.0,False,0.852,0.381,95.24,False,True,False
KL_0014,Pathanamthitta,Adoor,Idavamoodu,9.495672,76.961886,urban,24,2.67,False,2023,7,2023-07-01,5324.73,5324.73,244.1,30.3,0.0,False,0.92,0.8875,221.86,False,True,False
KL_0014,Pathanamthitta,Adoor,Idavamoodu,9.495672,76.961886,urban,24,2.67,False,2023,8,2023-08-01,4024.27,4024.27,223.8,23.41,0.0,False,0.93,0.6707,167.68,False,True,False
KL_0014,Pathanamthitta,Adoor,Idavamoodu,9.495672,76.961886,urban,24,2.67,False,2023,9,2023-09-01,4424.05,4424.05,216.6,30.51,0.0,False,0.862,0.7373,184.34,False,True,False
KL_0014,Pathanamthitta,Adoor,Idavamoodu,9.495672,76.961886,urban,24,2.67,False,2023,10,2023-10-01,4011.88,4011.88,228.3,22.32,0.0,False,0.899,0.6686,167.16,False,False,False
KL_0014,Pathanamthitta,Adoor,Idavamoodu,9.495672,76.961886,urban,24,2.67,False,2023,11,2023-11-01,4305.37,4305.37,234.4,26.03,0.0,False,0.895,0.7176,179.39,False,False,False
KL_0014,Pathanamthitta,Adoor,Idavamoodu,9.495672,76.961886,urban,24,2.67,False,2023,12,2023-12-01,4743.35,4743.35,223.7,29.93,0.0,False,0.917,0.7906,197.64,False,False,True
KL_0014,Pathanamthitta,Adoor,Idavamoodu,9.495672,76.961886,urban,24,2.67,False,2024,1,2024-01-01,4151.33,4151.33,225.4,26.25,0.0,False,0.913,0.6919,172.97,False,False,True
KL_0014,Pathanamthitta,Adoor,Idavamoodu,9.495672,76.961886,urban,24,2.67,False,2024,2,2024-02-01,4102.04,4102.04,224.9,23.14,0.0,False,0.792,0.6837,170.92,False,False,True
KL_0014,Pathanamthitta,Adoor,Idavamoodu,9.495672,76.961886,urban,24,2.67,False,2024,3,2024-03-01,3574.77,3574.77,228.9,22.57,0.0,False,0.864,0.5958,148.95,True,False,False
KL_0014,Pathanamthitta,Adoor,Idavamoodu,9.495672,76.961886,urban,24,2.67,False,2024,4,2024-04-01,7932.64,7932.64,223.6,46.8,0.0,False,0.781,1.3221,330.53,True,False,False
KL_0014,Pathanamthitta,Adoor,Idavamoodu,9.495672,76.961886,urban,24,2.67,False,2024,5,2024-05-01,4460.43,4460.43,224.8,29.06,0.0,False,0.824,0.7434,185.85,True,False,False
KL_0014,Pathanamthitta,Adoor,Idavamoodu,9.495672,76.961886,urban,24,2.67,False,2024,6,2024-06-01,5195.13,5195.13,229.6,31.68,0.0,False,0.826,0.8659,216.46,False,True,False
KL_0014,Pathanamthitta,Adoor,Idavamoodu,9.495672,76.961886,urban,24,2.67,False,2024,7,2024-07-01,3711.55,3711.55,233.2,23.18,0.0,False,0.879,0.6186,154.65,False,True,False
KL_0014,Pathanamthitta,Adoor,Idavamoodu,9.495672,76.961886,urban,24,2.67,False,2024,8,2024-08-01,4476.95,4476.95,229.2,29.82,0.0,False,0.838,0.7462,186.54,False,True,False
KL_0014,Pathanamthitta,Adoor,Idavamoodu,9.495672,76.961886,urban,24,2.67,False,2024,9,2024-09-01,5359.96,5359.96,238.1,33.26,0.0,False,0.842,0.8933,223.33,False,True,False
KL_0014,Pathanamthitta,Adoor,Idavamoodu,9.495672,76.961886,urban,24,2.67,False,2024,10,2024-10-01,4564.95,4564.95,229.2,28.2,0.0,False,0.9,0.7608,190.21,False,False,False
KL_0014,Pathanamthitta,Adoor,Idavamoodu,9.495672,76.961886,urban,24,2.67,False,2024,11,2024-11-01,5381.02,5381.02,225.0,31.78,0.0,False,0.894,0.8968,224.21,False,False,False
KL_0014,Pathanamthitta,Adoor,Idavamoodu,9.495672,76.961886,urban,24,2.67,False,2024,12,2024-12-01,2896.85,2896.85,225.5,18.8,0.0,False,0.864,0.4828,120.7,False,False,True
KL_0015,Malappuram,Ponnani,Vattamoodu,11.020622,75.951668,semi-urban,53,4.69,False,2023,1,2023-01-01,5828.14,5828.14,234.6,32.77,0.0,False,0.887,0.4399,109.96,False,False,True
KL_0015,Malappuram,Ponnani,Vattamoodu,11.020622,75.951668,semi-urban,53,4.69,False,2023,2,2023-02-01,10150.96,10150.96,215.8,69.58,0.0,False,0.882,0.7661,191.53,False,False,True
KL_0015,Malappuram,Ponnani,Vattamoodu,11.020622,75.951668,semi-urban,53,4.69,False,2023,3,2023-03-01,3916.65,3916.65,233.6,21.45,0.0,False,0.948,0.2956,73.9,True,False,False
KL_0015,Malappuram,Ponnani,Vattamoodu,11.020622,75.951668,semi-urban,53,4.69,False,2023,4,2023-04-01,10821.79,10821.79,229.3,59.91,0.0,False,0.84,0.8167,204.18,True,False,False
KL_0015,Malappuram,Ponnani,Vattamoodu,11.020622,75.951668,semi-urban,53,4.69,False,2023,5,2023-05-01,7120.38,7120.38,223.6,42.36,0.0,False,0.812,0.5374,134.35,True,False,False
KL_0015,Malappuram,Ponnani,Vattamoodu,11.020622,75.951668,semi-urban,53,4.69,False,2023,6,2023-06-01,6292.34,6292.34,235.5,39.56,0.0,False,0.86,0.4749,118.72,False,True,False
KL_0015,Malappuram,Ponnani,Vattamoodu,11.020622,75.951668,semi-urban,53,4.69,False,2023,7,2023-07-01,8830.94,8830.94,222.7,59.22,0.0,False,0.802,0.6665,166.62,False,True,False
KL_0015,Malappuram,Ponnani,Vattamoodu,11.020622,75.951668,semi-urban,53,4.69,False,2023,8,2023-08-01,4934.73,4934.73,256.8,27.63,0.0,False,0.832,0.3724,93.11,False,True,False
KL_0015,Malappuram,Ponnani,Vattamoodu,11.020622,75.951668,semi-urban,53,4.69,False,2023,9,2023-09-01,7501.43,7501.43,235.4,45.81,0.0,False,0.873,0.5661,141.54,False,True,False
KL_0015,Malappuram,Ponnani,Vattamoodu,11.020622,75.951668,semi-urban,53,4.69,False,2023,10,2023-10-01,5599.86,5599.86,218.6,37.14,0.0,False,0.825,0.4226,105.66,False,False,False
KL_0015,Malappuram,Ponnani,Vattamoodu,11.020622,75.951668,semi-urban,53,4.69,False,2023,11,2023-11-01,10345.72,10345.72,225.5,60.17,0.0,False,0.839,0.7808,195.2,False,False,False
KL_0015,Malappuram,Ponnani,Vattamoodu,11.020622,75.951668,semi-urban,53,4.69,False,2023,12,2023-12-01,7140.96,7140.96,229.4,44.23,0.0,False,0.836,0.5389,134.74,False,False,True
KL_0015,Malappuram,Ponnani,Vattamoodu,11.020622,75.951668,semi-urban,53,4.69,False,2024,1,2024-01-01,8869.98,8869.98,211.8,54.34,0.0,False,0.828,0.6694,167.36,False,False,True
KL_0015,Malappuram,Ponnani,Vattamoodu,11.020622,75.951668,semi-urban,53,4.69,False,2024,2,2024-02-01,6577.59,6577.59,229.5,40.64,0.0,False,0.795,0.4964,124.11,False,False,True
KL_0015,Malappuram,Ponnani,Vattamoodu,11.020622,75.951668,semi-urban,53,4.69,False,2024,3,2024-03-01,5325.41,5325.41,219.9,36.3,0.0,False,0.901,0.4019,100.48,True,False,False
KL_0015,Malappuram,Ponnani,Vattamoodu,11.020622,75.951668,semi-urban,53,4.69,False,2024,4,2024-04-01,5761.48,5761.48,221.4,35.96,0.0,False,0.919,0.4348,108.71,True,False,False
KL_0015,Malappuram,Ponnani,Vattamoodu,11.020622,75.951668,semi-urban,53,4.69,False,2024,5,2024-05-01,10370.67,10370.67,237.5,61.08,0.0,False,0.898,0.7827,195.67,True,False,False
KL_0015,Malappuram,Ponnani,Vattamoodu,11.020622,75.951668,semi-urban,53,4.69,False,2024,6,2024-06-01,8658.07,8658.07,241.6,49.29,0.0,False,0.897,0.6534,163.36,False,True,False
KL_0015,Malappuram,Ponnani,Vattamoodu,11.020622,75.951668,semi-urban,53,4.69,False,2024,7,2024-07-01,5970.86,5970.86,234.2,37.56,0.0,False,0.829,0.4506,112.66,False,True,False
KL_0015,Malappuram,Ponnani,Vattamoodu,11.020622,75.951668,semi-urban,53,4.69,False,2024,8,2024-08-01,7409.09,7409.09,204.4,51.84,0.0,False,0.859,0.5592,139.79,False,True,False
KL_0015,Malappuram,Ponnani,Vattamoodu,11.020622,75.951668,semi-urban,53,4.69,False,2024,9,2024-09-01,6464.79,6464.79,239.2,36.19,0.0,False,0.811,0.4879,121.98,False,True,False
KL_0015,Malappuram,Ponnani,Vattamoodu,11.020622,75.951668,semi-urban,53,4.69,False,2024,10,2024-10-01,5331.04,5331.04,225.7,34.26,0.0,False,0.843,0.4023,100.59,False,False,False
KL_0015,Malappuram,Ponnani,Vattamoodu,11.020622,75.951668,semi-urban,53,4.69,False,2024,11,2024-11-01,8303.88,8303.88,248.9,48.86,0.0,False,0.848,0.6267,156.68,False,False,False
KL_0015,Malappuram,Ponnani,Vattamoodu,11.020622,75.951668,semi-urban,53,4.69,False,2024,12,2024-12-01,7359.18,7359.18,242.9,44.63,0.0,False,0.781,0.5554,138.85,False,False,True
KL_0016,Wayanad,Mananthavady,Puzhaveli,11.739862,75.607518,semi-urban,58,9.42,False,2023,1,2023-01-01,6570.6,6570.6,235.0,39.59,0.0,False,0.857,0.4531,113.29,False,False,True
KL_0016,Wayanad,Mananthavady,Puzhaveli,11.739862,75.607518,semi-urban,58,9.42,False,2023,2,2023-02-01,7171.38,7171.38,236.1,44.01,0.0,False,0.823,0.4946,123.64,False,False,True
KL_0016,Wayanad,Mananthavady,Puzhaveli,11.739862,75.607518,semi-urban,58,9.42,False,2023,3,2023-03-01,6088.32,6088.32,220.5,41.48,0.0,False,0.863,0.4199,104.97,True,False,False
KL_0016,Wayanad,Mananthavady,Puzhaveli,11.739862,75.607518,semi-urban,58,9.42,False,2023,4,2023-04-01,9189.89,9189.89,228.3,57.7,0.0,False,0.838,0.6338,158.45,True,False,False
KL_0016,Wayanad,Mananthavady,Puzhaveli,11.739862,75.607518,semi-urban,58,9.42,False,2023,5,2023-05-01,13400.08,13400.08,236.7,75.87,0.0,False,0.867,0.9241,231.04,True,False,False
KL_0016,Wayanad,Mananthavady,Puzhaveli,11.739862,75.607518,semi-urban,58,9.42,False,2023,6,2023-06-01,7715.14,7715.14,229.9,48.11,0.0,False,0.885,0.5321,133.02,False,True,False
KL_0016,Wayanad,Mananthavady,Puzhaveli,11.739862,75.607518,semi-urban,58,9.42,False,2023,7,2023-07-01,8186.16,8186.16,235.1,47.09,0.0,False,0.787,0.5646,141.14,False,True,False
KL_0016,Wayanad,Mananthavady,Puzhaveli,11.739862,75.607518,semi-urban,58,9.42,False,2023,8,2023-08-01,7269.12,7269.12,225.1,46.34,0.0,False,0.834,0.5013,125.33,False,True,False
KL_0016,Wayanad,Mananthavady,Puzhaveli,11.739862,75.607518,semi-urban,58,9.42,False,2023,9,2023-09-01,7703.4,7703.4,240.5,47.38,0.0,False,0.818,0.5313,132.82,False,True,False
KL_0016,Wayanad,Mananthavady,Puzhaveli,11.739862,75.607518,semi-urban,58,9.42,False,2023,10,2023-10-01,9097.96,9097.96,235.6,51.77,0.0,False,0.909,0.6274,156.86,False,False,False
KL_0016,Wayanad,Mananthavady,Puzhaveli,11.739862,75.607518,semi-urban,58,9.42,False,2023,11,2023-11-01,8468.98,8468.98,223.9,55.53,0.0,False,0.935,0.5841,146.02,False,False,False
KL_0016,Wayanad,Mananthavady,Puzhaveli,11.739862,75.607518,semi-urban,58,9.42,False,2023,12,2023-12-01,7824.92,7824.92,236.9,47.01,0.0,False,0.852,0.5396,134.91,False,False,True
KL_0016,Wayanad,Mananthavady,Puzhaveli,11.739862,75.607518,semi-urban,58,9.42,False,2024,1,2024-01-01,9424.76,9424.76,237.1,56.11,0.0,False,0.87,0.65,162.5,False,False,True
KL_0016,Wayanad,Mananthavady,Puzhaveli,11.739862,75.607518,semi-urban,58,9.42,False,2024,2,2024-02-01,6387.82,6387.82,229.1,42.05,0.0,False,0.776,0.4405,110.13,False,False,True
KL_0016,Wayanad,Mananthavady,Puzhaveli,11.739862,75.607518,semi-urban,58,9.42,False,2024,3,2024-03-01,3732.37,3732.37,228.4,22.5,0.0,False,0.865,0.2574,64.35,True,False,False
KL_0016,Wayanad,Mananthavady,Puzhaveli,11.739862,75.607518,semi-urban,58,9.42,False,2024,4,2024-04-01,11268.85,11268.85,226.4,71.76,0.0,False,0.837,0.7772,194.29,True,False,False
KL_0016,Wayanad,Mananthavady,Puzhaveli,11.739862,75.607518,semi-urban,58,9.42,False,2024,5,2024-05-01,13922.5,13922.5,225.2,80.36,0.0,False,0.918,0.9602,240.04,True,False,False
KL_0016,Wayanad,Mananthavady,Puzhaveli,11.739862,75.607518,semi-urban,58,9.42,False,2024,6,2024-06-01,12137.51,12137.51,224.7,79.21,0.0,False,0.839,0.8371,209.27,False,True,False
KL_0016,Wayanad,Mananthavady,Puzhaveli,11.739862,75.607518,semi-urban,58,9.42,False,2024,7,2024-07-01,10223.82,10223.82,231.9,61.1,0.0,False,0.809,0.7051,176.27,False,True,False
KL_0016,Wayanad,Mananthavady,Puzhaveli,11.739862,75.607518,semi-urban,58,9.42,False,2024,8,2024-08-01,7304.65,7304.65,233.1,44.32,0.0,False,0.783,0.5038,125.94,False,True,False
KL_0016,Wayanad,Mananthavady,Puzhaveli,11.739862,75.607518,semi-urban,58,9.42,False,2024,9,2024-09-01,6806.35,6806.35,225.6,45.1,0.0,False,0.859,0.4694,117.35,False,True,False
KL_0016,Wayanad,Mananthavady,Puzhaveli,11.739862,75.607518,semi-urban,58,9.42,False,2024,10,2024-10-01,11019.35,11019.35,220.9,72.59,0.0,False,0.823,0.76,189.99,False,False,False
KL_0016,Wayanad,Mananthavady,Puzhaveli,11.739862,75.607518,semi-urban,58,9.42,False,2024,11,2024-11-01,7485.29,7485.29,233.7,47.58,0.0,False,0.911,0.5162,129.06,False,False,False
KL_0016,Wayanad,Mananthavady,Puzhaveli,11.739862,75.607518,semi-urban,58,9.42,False,2024,12,2024-12-01,7140.38,7140.38,224.4,43.19,0.0,False,0.882,0.4924,123.11,False,False,True
KL_0017,Kollam,Punalur,Kottanagar,8.706228,76.468584,rural,34,6.1,False,2023,1,2023-01-01,3434.01,3434.01,220.1,19.59,0.0,False,0.845,0.404,101.0,False,False,True
KL_0017,Kollam,Punalur,Kottanagar,8.706228,76.468584,rural,34,6.1,False,2023,2,2023-02-01,2417.44,2417.44,215.4,16.83,0.0,False,0.881,0.2844,71.1,False,False,True
KL_0017,Kollam,Punalur,Kottanagar,8.706228,76.468584,rural,34,6.1,False,2023,3,2023-03-01,3625.35,3625.35,215.5,22.49,0.0,False,0.937,0.4265,106.63,True,False,False
KL_0017,Kollam,Punalur,Kottanagar,8.706228,76.468584,rural,34,6.1,False,2023,4,2023-04-01,3302.65,3302.65,226.2,19.73,0.0,False,0.792,0.3885,97.14,True,False,False
KL_0017,Kollam,Punalur,Kottanagar,8.706228,76.468584,rural,34,6.1,False,2023,5,2023-05-01,3138.56,3138.56,223.7,17.71,0.0,False,0.818,0.3692,92.31,True,False,False
KL_0017,Kollam,Punalur,Kottanagar,8.706228,76.468584,rural,34,6.1,False,2023,6,2023-06-01,3322.18,3322.18,227.0,20.57,0.0,False,0.947,0.3908,97.71,False,True,False
KL_0017,Kollam,Punalur,Kottanagar,8.706228,76.468584,rural,34,6.1,False,2023,7,2023-07-01,3353.01,3353.01,228.3,20.05,0.0,False,0.812,0.3945,98.62,False,True,False
KL_0017,Kollam,Punalur,Kottanagar,8.706228,76.468584,rural,34,6.1,False,2023,8,2023-08-01,3317.46,3317.46,233.4,19.36,0.0,False,0.883,0.3903,97.57,False,True,False
KL_0017,Kollam,Punalur,Kottanagar,8.706228,76.468584,rural,34,6.1,False,2023,9,2023-09-01,2032.54,2032.54,224.7,13.58,0.0,False,0.909,0.2391,59.78,False,True,False
KL_0017,Kollam,Punalur,Kottanagar,8.706228,76.468584,rural,34,6.1,False,2023,10,2023-10-01,4511.55,4511.55,231.6,29.44,0.0,False,0.849,0.5308,132.69,False,False,False
KL_0017,Kollam,Punalur,Kottanagar,8.706228,76.468584,rural,34,6.1,False,2023,11,2023-11-01,2545.49,2545.49,247.7,12.92,0.0,False,0.884,0.2995,74.87,False,False,False
KL_0017,Kollam,Punalur,Kottanagar,8.706228,76.468584,rural,34,6.1,False,2023,12,2023-12-01,2903.85,2903.85,234.4,17.55,0.0,False,0.835,0.3416,85.41,False,False,True
KL_0017,Kollam,Punalur,Kottanagar,8.706228,76.468584,rural,34,6.1,False,2024,1,2024-01-01,2375.61,2375.61,216.7,14.6,0.0,False,0.941,0.2795,69.87,False,False,True
KL_0017,Kollam,Punalur,Kottanagar,8.706228,76.468584,rural,34,6.1,False,2024,2,2024-02-01,2710.56,2710.56,239.3,15.77,0.0,False,0.828,0.3189,79.72,False,False,True
KL_0017,Kollam,Punalur,Kottanagar,8.706228,76.468584,rural,34,6.1,False,2024,3,2024-03-01,3021.23,3021.23,223.1,19.79,0.0,False,0.802,0.3554,88.86,True,False,False
KL_0017,Kollam,Punalur,Kottanagar,8.706228,76.468584,rural,34,6.1,False,2024,4,2024-04-01,3430.1,3430.1,222.4,19.81,0.0,False,0.894,0.4035,100.89,True,False,False
KL_0017,Kollam,Punalur,Kottanagar,8.706228,76.468584,rural,34,6.1,False,2024,5,2024-05-01,2029.0,2029.0,232.7,12.77,0.0,False,0.885,0.2387,59.68,True,False,False
KL_0017,Kollam,Punalur,Kottanagar,8.706228,76.468584,rural,34,6.1,False,2024,6,2024-06-01,3087.95,3087.95,232.3,19.02,0.0,False,0.857,0.3633,90.82,False,True,False
KL_0017,Kollam,Punalur,Kottanagar,8.706228,76.468584,rural,34,6.1,False,2024,7,2024-07-01,3224.38,3224.38,227.5,18.97,0.0,False,0.852,0.3793,94.83,False,True,False
KL_0017,Kollam,Punalur,Kottanagar,8.706228,76.468584,rural,34,6.1,False,2024,8,2024-08-01,2233.45,2233.45,221.2,13.55,0.0,False,0.825,0.2628,65.69,False,True,False
KL_0017,Kollam,Punalur,Kottanagar,8.706228,76.468584,rural,34,6.1,False,2024,9,2024-09-01,3569.24,3569.24,233.7,21.63,0.0,False,0.813,0.4199,104.98,False,True,False
KL_0017,Kollam,Punalur,Kottanagar,8.706228,76.468584,rural,34,6.1,False,2024,10,2024-10-01,1066.58,1066.58,235.4,6.35,0.0,False,0.82,0.1255,31.37,False,False,False
KL_0017,Kollam,Punalur,Kottanagar,8.706228,76.468584,rural,34,6.1,False,2024,11,2024-11-01,2041.19,2041.19,232.0,13.07,0.0,False,0.866,0.2401,60.04,False,False,False
KL_0017,Kollam,Punalur,Kottanagar,8.706228,76.468584,rural,34,6.1,False,2024,12,2024-12-01,2740.06,2740.06,228.5,15.79,0.0,False,0.84,0.3224,80.59,False,False,True
KL_0018,Alappuzha,Haripad,Kottapuram,9.483762,76.336499,rural,39,23.26,True,2023,1,2023-01-01,1595.88,1595.88,226.7,10.33,0.0,False,0.775,0.1637,40.92,False,False,True
KL_0018,Alappuzha,Haripad,Kottapuram,9.483762,76.336499,rural,39,23.26,True,2023,2,2023-02-01,4142.3,4142.3,218.1,27.73,0.0,False,0.829,0.4249,106.21,False,False,True
KL_0018,Alappuzha,Haripad,Kottapuram,9.483762,76.336499,rural,39,23.26,True,2023,3,2023-03-01,2283.15,2283.15,226.1,14.32,0.0,False,0.839,0.2342,58.54,True,False,False
KL_0018,Alappuzha,Haripad,Kottapuram,9.483762,76.336499,rural,39,23.26,True,2023,4,2023-04-01,3754.69,3754.69,219.8,25.86,0.0,False,0.875,0.3851,96.27,True,False,False
KL_0018,Alappuzha,Haripad,Kottapuram,9.483762,76.336499,rural,39,23.26,True,2023,5,2023-05-01,4547.43,4547.43,240.0,23.92,0.0,False,0.865,0.4664,116.6,True,False,False
KL_0018,Alappuzha,Haripad,Kottapuram,9.483762,76.336499,rural,39,23.26,True,2023,6,2023-06-01,2774.52,2774.52,235.0,16.6,0.0,False,0.938,0.2846,71.14,False,True,False
KL_0018,Alappuzha,Haripad,Kottapuram,9.483762,76.336499,rural,39,23.26,True,2023,7,2023-07-01,3969.79,3969.79,222.0,26.8,0.0,False,0.801,0.4072,101.79,False,True,False
KL_0018,Alappuzha,Haripad,Kottapuram,9.483762,76.336499,rural,39,23.26,True,2023,8,2023-08-01,3395.77,3395.77,235.4,21.19,0.0,False,0.878,0.3483,87.07,False,True,False
KL_0018,Alappuzha,Haripad,Kottapuram,9.483762,76.336499,rural,39,23.26,True,2023,9,2023-09-01,3719.15,3719.15,209.5,26.05,0.0,False,0.882,0.3815,95.36,False,True,False
KL_0018,Alappuzha,Haripad,Kottapuram,9.483762,76.336499,rural,39,23.26,True,2023,10,2023-10-01,3175.7,3175.7,229.7,17.81,0.0,False,0.864,0.3257,81.43,False,False,False
KL_0018,Alappuzha,Haripad,Kottapuram,9.483762,76.336499,rural,39,23.26,True,2023,11,2023-11-01,4255.62,4255.62,232.9,23.64,0.0,False,0.835,0.4365,109.12,False,False,False
KL_0018,Alappuzha,Haripad,Kottapuram,9.483762,76.336499,rural,39,23.26,True,2023,12,2023-12-01,3033.73,3033.73,231.0,18.48,0.0,False,0.816,0.3112,77.79,False,False,True
KL_0018,Alappuzha,Haripad,Kottapuram,9.483762,76.336499,rural,39,23.26,True,2024,1,2024-01-01,2712.21,2712.21,228.0,15.54,0.0,False,0.848,0.2782,69.54,False,False,True
KL_0018,Alappuzha,Haripad,Kottapuram,9.483762,76.336499,rural,39,23.26,True,2024,2,2024-02-01,2690.14,2690.14,225.4,17.09,0.0,False,0.761,0.2759,68.98,False,False,True
KL_0018,Alappuzha,Haripad,Kottapuram,9.483762,76.336499,rural,39,23.26,True,2024,3,2024-03-01,1730.97,1730.97,225.3,9.7,0.0,False,0.804,0.1775,44.38,True,False,False
KL_0018,Alappuzha,Haripad,Kottapuram,9.483762,76.336499,rural,39,23.26,True,2024,4,2024-04-01,5406.71,5406.71,213.0,33.98,0.0,False,0.801,0.5545,138.63,True,False,False
KL_0018,Alappuzha,Haripad,Kottapuram,9.483762,76.336499,rural,39,23.26,True,2024,5,2024-05-01,5518.66,5518.66,232.3,33.24,0.0,False,0.875,0.566,141.5,True,False,False
KL_0018,Alappuzha,Haripad,Kottapuram,9.483762,76.336499,rural,39,23.26,True,2024,6,2024-06-01,2425.43,2425.43,219.1,14.32,0.0,False,0.881,0.2488,62.19,False,True,False
KL_0018,Alappuzha,Haripad,Kottapuram,9.483762,76.336499,rural,39,23.26,True,2024,7,2024-07-01,3122.84,3122.84,236.5,17.47,0.0,False,0.796,0.3203,80.07,False,True,False
KL_0018,Alappuzha,Haripad,Kottapuram,9.483762,76.336499,rural,39,23.26,True,2024,8,2024-08-01,3677.31,3677.31,220.2,22.2,0.0,False,0.785,0.3772,94.29,False,True,False
KL_0018,Alappuzha,Haripad,Kottapuram,9.483762,76.336499,rural,39,23.26,True,2024,9,2024-09-01,3125.56,3125.56,213.0,18.38,0.0,False,0.777,0.3206,80.14,False,True,False
KL_0018,Alappuzha,Haripad,Kottapuram,9.483762,76.336499,rural,39,23.26,True,2024,10,2024-10-01,3553.62,3553.62,228.5,20.62,0.0,False,0.899,0.3645,91.12,False,False,False
KL_0018,Alappuzha,Haripad,Kottapuram,9.483762,76.336499,rural,39,23.26,True,2024,11,2024-11-01,3383.21,3383.21,238.6,20.47,0.0,False,0.896,0.347,86.75,False,False,False
KL_0018,Alappuzha,Haripad,Kottapuram,9.483762,76.336499,rural,39,23.26,True,2024,12,2024-12-01,2176.65,2176.65,224.0,12.5,0.0,False,0.882,0.2232,55.81,False,False,True
KL_0019,Thiruvananthapuram,Attingal,Cheramoodu,8.422286,76.880701,rural,17,24.95,False,2023,1,2023-01-01,1093.59,1093.59,216.9,7.55,0.0,False,0.925,0.2573,64.33,False,False,True
KL_0019,Thiruvananthapuram,Attingal,Cheramoodu,8.422286,76.880701,rural,17,24.95,False,2023,2,2023-02-01,1218.2,1218.2,223.3,7.92,0.0,False,0.939,0.2866,71.66,False,False,True
KL_0019,Thiruvananthapuram,Attingal,Cheramoodu,8.422286,76.880701,rural,17,24.95,False,2023,3,2023-03-01,859.58,859.58,216.6,5.88,0.0,False,0.8,0.2023,50.56,True,False,False
KL_0019,Thiruvananthapuram,Attingal,Cheramoodu,8.422286,76.880701,rural,17,24.95,False,2023,4,2023-04-01,1532.18,1532.18,213.8,10.8,0.0,False,0.83,0.3605,90.13,True,False,False
KL_0019,Thiruvananthapuram,Attingal,Cheramoodu,8.422286,76.880701,rural,17,24.95,False,2023,5,2023-05-01,1519.39,1519.39,238.8,8.6,0.0,False,0.889,0.3575,89.38,True,False,False
KL_0019,Thiruvananthapuram,Attingal,Cheramoodu,8.422286,76.880701,rural,17,24.95,False,2023,6,2023-06-01,1553.53,1553.53,225.4,8.87,0.0,False,0.712,0.3655,91.38,False,True,False
KL_0019,Thiruvananthapuram,Attingal,Cheramoodu,8.422286,76.880701,rural,17,24.95,False,2023,7,2023-07-01,752.78,752.78,217.4,4.63,0.0,False,0.837,0.1771,44.28,False,True,False
KL_0019,Thiruvananthapuram,Attingal,Cheramoodu,8.422286,76.880701,rural,17,24.95,False,2023,8,2023-08-01,1109.33,1109.33,220.7,6.75,0.0,False,0.898,0.261,65.25,False,True,False
KL_0019,Thiruvananthapuram,Attingal,Cheramoodu,8.422286,76.880701,rural,17,24.95,False,2023,9,2023-09-01,1707.16,1707.16,237.7,10.08,0.0,False,0.833,0.4017,100.42,False,True,False
KL_0019,Thiruvananthapuram,Attingal,Cheramoodu,8.422286,76.880701,rural,17,24.95,False,2023,10,2023-10-01,1238.35,1238.35,228.8,7.29,0.0,False,0.887,0.2914,72.84,False,False,False
KL_0019,Thiruvananthapuram,Attingal,Cheramoodu,8.422286,76.880701,rural,17,24.95,False,2023,11,2023-11-01,1041.8,1041.8,222.4,6.9,0.0,False,0.75,0.2451,61.28,False,False,False
KL_0019,Thiruvananthapuram,Attingal,Cheramoodu,8.422286,76.880701,rural,17,24.95,False,2023,12,2023-12-01,759.47,759.47,226.8,5.0,0.0,False,0.864,0.1787,44.67,False,False,True
KL_0019,Thiruvananthapuram,Attingal,Cheramoodu,8.422286,76.880701,rural,17,24.95,False,2024,1,2024-01-01,972.52,972.52,230.7,5.9,0.0,False,0.827,0.2288,57.21,False,False,True
KL_0019,Thiruvananthapuram,Attingal,Cheramoodu,8.422286,76.880701,rural,17,24.95,False,2024,2,2024-02-01,1365.5,1365.5,224.0,9.29,0.0,False,0.839,0.3213,80.32,False,False,True
KL_0019,Thiruvananthapuram,Attingal,Cheramoodu,8.422286,76.880701,rural,17,24.95,False,2024,3,2024-03-01,1265.15,1265.15,220.2,8.21,0.0,False,0.803,0.2977,74.42,True,False,False
KL_0019,Thiruvananthapuram,Attingal,Cheramoodu,8.422286,76.880701,rural,17,24.95,False,2024,4,2024-04-01,1503.24,1503.24,226.0,9.28,0.0,False,0.93,0.3537,88.43,True,False,False
KL_0019,Thiruvananthapuram,Attingal,Cheramoodu,8.422286,76.880701,rural,17,24.95,False,2024,5,2024-05-01,1753.9,1753.9,231.3,11.15,0.0,False,0.853,0.4127,103.17,True,False,False
KL_0019,Thiruvananthapuram,Attingal,Cheramoodu,8.422286,76.880701,rural,17,24.95,False,2024,6,2024-06-01,1581.99,1581.99,231.8,8.79,0.0,False,0.857,0.3722,93.06,False,True,False
KL_0019,Thiruvananthapuram,Attingal,Cheramoodu,8.422286,76.880701,rural,17,24.95,False,2024,7,2024-07-01,1052.11,1052.11,222.4,6.78,0.0,False,0.953,0.2476,61.89,False,True,False
KL_0019,Thiruvananthapuram,Attingal,Cheramoodu,8.422286,76.880701,rural,17,24.95,False,2024,8,2024-08-01,759.44,759.44,235.4,4.14,0.0,False,0.804,0.1787,44.67,False,True,False
KL_0019,Thiruvananthapuram,Attingal,Cheramoodu,8.422286,76.880701,rural,17,24.95,False,2024,9,2024-09-01,778.91,778.91,231.2,4.94,0.0,False,0.857,0.1833,45.82,False,True,False
KL_0019,Thiruvananthapuram,Attingal,Cheramoodu,8.422286,76.880701,rural,17,24.95,False,2024,10,2024-10-01,2175.61,2175.61,225.3,14.23,0.0,False,0.816,0.5119,127.98,False,False,False
KL_0019,Thiruvananthapuram,Attingal,Cheramoodu,8.422286,76.880701,rural,17,24.95,False,2024,11,2024-11-01,957.67,957.67,230.8,5.33,0.0,False,0.814,0.2253,56.33,False,False,False
KL_0019,Thiruvananthapuram,Attingal,Cheramoodu,8.422286,76.880701,rural,17,24.95,False,2024,12,2024-12-01,1621.67,1621.67,229.8,10.36,0.0,False,0.865,0.3816,95.39,False,False,True
KL_0020,Alappuzha,Haripad,Thoduvayal,9.617375,76.539344,rural,187,18.59,False,2023,1,2023-01-01,13400.19,13400.19,219.9,76.44,0.0,False,0.836,0.2866,71.66,False,False,True
KL_0020,Alappuzha,Haripad,Thoduvayal,9.617375,76.539344,rural,187,18.59,False,2023,2,2023-02-01,9943.11,9943.11,237.7,53.39,0.0,False,0.949,0.2127,53.17,False,False,True
KL_0020,Alappuzha,Haripad,Thoduvayal,9.617375,76.539344,rural,187,18.59,False,2023,3,2023-03-01,12380.19,12380.19,217.3,71.2,0.0,False,0.939,0.2648,66.2,True,False,False
KL_0020,Alappuzha,Haripad,Thoduvayal,9.617375,76.539344,rural,187,18.59,False,2023,4,2023-04-01,14575.29,14575.29,229.7,88.39,0.0,False,0.842,0.3118,77.94,True,False,False
KL_0020,Alappuzha,Haripad,Thoduvayal,9.617375,76.539344,rural,187,18.59,False,2023,5,2023-05-01,19993.02,19993.02,211.7,120.52,0.0,False,0.773,0.4277,106.91,True,False,False
KL_0020,Alappuzha,Haripad,Thoduvayal,9.617375,76.539344,rural,187,18.59,False,2023,6,2023-06-01,15321.67,15321.67,214.2,100.97,0.0,False,0.835,0.3277,81.93,False,True,False
KL_0020,Alappuzha,Haripad,Thoduvayal,9.617375,76.539344,rural,187,18.59,False,2023,7,2023-07-01,13039.38,13039.38,217.1,80.32,0.0,False,0.902,0.2789,69.73,False,True,False
KL_0020,Alappuzha,Haripad,Thoduvayal,9.617375,76.539344,rural,187,18.59,False,2023,8,2023-08-01,16338.47,16338.47,222.2,107.28,0.0,False,0.806,0.3495,87.37,False,True,False
KL_0020,Alappuzha,Haripad,Thoduvayal,9.617375,76.539344,rural,187,18.59,False,2023,9,2023-09-01,14153.39,14153.39,232.2,81.0,0.0,False,0.93,0.3027,75.69,False,True,False
KL_0020,Alappuzha,Haripad,Thoduvayal,9.617375,76.539344,rural,187,18.59,False,2023,10,2023-10-01,24912.87,24912.87,237.5,134.28,0.0,False,0.879,0.5329,133.22,False,False,False
KL_0020,Alappuzha,Haripad,Thoduvayal,9.617375,76.539344,rural,187,18.59,False,2023,11,2023-11-01,25371.85,25371.85,222.9,160.79,0.0,False,0.791,0.5427,135.68,False,False,False
KL_0020,Alappuzha,Haripad,Thoduvayal,9.617375,76.539344,rural,187,18.59,False,2023,12,2023-12-01,7231.39,7231.39,231.4,45.04,0.0,False,0.817,0.1547,38.67,False,False,True
KL_0020,Alappuzha,Haripad,Thoduvayal,9.617375,76.539344,rural,187,18.59,False,2024,1,2024-01-01,10813.03,10813.03,230.7,68.08,0.0,False,0.824,0.2313,57.82,False,False,True
KL_0020,Alappuzha,Haripad,Thoduvayal,9.617375,76.539344,rural,187,18.59,False,2024,2,2024-02-01,20542.22,20542.22,227.3,121.97,0.0,False,0.81,0.4394,109.85,False,False,True
KL_0020,Alappuzha,Haripad,Thoduvayal,9.617375,76.539344,rural,187,18.59,False,2024,3,2024-03-01,12985.15,12985.15,238.2,74.13,0.0,False,0.793,0.2778,69.44,True,False,False
KL_0020,Alappuzha,Haripad,Thoduvayal,9.617375,76.539344,rural,187,18.59,False,2024,4,2024-04-01,15915.76,15915.76,221.4,101.53,0.0,False,0.821,0.3404,85.11,True,False,False
KL_0020,Alappuzha,Haripad,Thoduvayal,9.617375,76.539344,rural,187,18.59,False,2024,5,2024-05-01,19377.2,19377.2,219.2,126.66,0.0,False,0.831,0.4145,103.62,True,False,False
KL_0020,Alappuzha,Haripad,Thoduvayal,9.617375,76.539344,rural,187,18.59,False,2024,6,2024-06-01,11922.48,11922.48,216.2,78.86,0.0,False,0.915,0.255,63.76,False,True,False
KL_0020,Alappuzha,Haripad,Thoduvayal,9.617375,76.539344,rural,187,18.59,False,2024,7,2024-07-01,16125.86,16125.86,222.1,97.59,0.0,False,0.872,0.3449,86.23,False,True,False
KL_0020,Alappuzha,Haripad,Thoduvayal,9.617375,76.539344,rural,187,18.59,False,2024,8,2024-08-01,12363.69,12363.69,216.0,80.33,0.0,False,0.875,0.2645,66.12,False,True,False
KL_0020,Alappuzha,Haripad,Thoduvayal,9.617375,76.539344,rural,187,18.59,False,2024,9,2024-09-01,20706.32,20706.32,235.6,111.82,0.0,False,0.867,0.4429,110.73,False,True,False
KL_0020,Alappuzha,Haripad,Thoduvayal,9.617375,76.539344,rural,187,18.59,False,2024,10,2024-10-01,19427.63,19427.63,216.7,122.86,0.0,False,0.81,0.4156,103.89,False,False,False
KL_0020,Alappuzha,Haripad,Thoduvayal,9.617375,76.539344,rural,187,18.59,False,2024,11,2024-11-01,11321.48,11321.48,229.9,70.18,0.0,False,0.907,0.2422,60.54,False,False,False
KL_0020,Alappuzha,Haripad,Thoduvayal,9.617375,76.539344,rural,187,18.59,False,2024,12,2024-12-01,15479.57,15479.57,232.1,101.36,0.0,False,0.828,0.3311,82.78,False,False,True
KL_0021,Thrissur,Irinjalakuda,Vattanagar,10.367948,76.278282,rural,100,14.39,False,2023,1,2023-01-01,8675.83,8675.83,229.8,49.56,0.0,False,0.833,0.347,86.76,False,False,True
KL_0021,Thrissur,Irinjalakuda,Vattanagar,10.367948,76.278282,rural,100,14.39,False,2023,2,2023-02-01,2983.13,2983.13,223.1,17.42,0.0,False,0.869,0.1193,29.83,False,False,True
KL_0021,Thrissur,Irinjalakuda,Vattanagar,10.367948,76.278282,rural,100,14.39,False,2023,3,2023-03-01,11202.13,11202.13,213.8,72.82,0.0,False,0.975,0.4481,112.02,True,False,False
KL_0021,Thrissur,Irinjalakuda,Vattanagar,10.367948,76.278282,rural,100,14.39,False,2023,4,2023-04-01,9125.31,9125.31,232.5,50.86,0.0,False,0.822,0.365,91.25,True,False,False
KL_0021,Thrissur,Irinjalakuda,Vattanagar,10.367948,76.278282,rural,100,14.39,False,2023,5,2023-05-01,10528.06,10528.06,232.0,66.64,0.0,False,0.769,0.4211,105.28,True,False,False
KL_0021,Thrissur,Irinjalakuda,Vattanagar,10.367948,76.278282,rural,100,14.39,False,2023,6,2023-06-01,11814.73,11814.73,226.7,67.22,0.0,False,0.864,0.4726,118.15,False,True,False
KL_0021,Thrissur,Irinjalakuda,Vattanagar,10.367948,76.278282,rural,100,14.39,False,2023,7,2023-07-01,6463.05,6463.05,245.5,39.37,0.0,False,0.884,0.2585,64.63,False,True,False
KL_0021,Thrissur,Irinjalakuda,Vattanagar,10.367948,76.278282,rural,100,14.39,False,2023,8,2023-08-01,5236.28,5236.28,228.3,31.98,0.0,False,0.828,0.2095,52.36,False,True,False
KL_0021,Thrissur,Irinjalakuda,Vattanagar,10.367948,76.278282,rural,100,14.39,False,2023,9,2023-09-01,6619.43,6619.43,239.7,38.01,0.0,False,0.82,0.2648,66.19,False,True,False
KL_0021,Thrissur,Irinjalakuda,Vattanagar,10.367948,76.278282,rural,100,14.39,False,2023,10,2023-10-01,10076.11,10076.11,230.2,63.11,0.0,False,0.786,0.403,100.76,False,False,False
KL_0021,Thrissur,Irinjalakuda,Vattanagar,10.367948,76.278282,rural,100,14.39,False,2023,11,2023-11-01,10736.87,10736.87,224.0,67.64,0.0,False,0.867,0.4295,107.37,False,False,False
KL_0021,Thrissur,Irinjalakuda,Vattanagar,10.367948,76.278282,rural,100,14.39,False,2023,12,2023-12-01,8439.42,8439.42,213.6,56.15,0.0,False,0.947,0.3376,84.39,False,False,True
KL_0021,Thrissur,Irinjalakuda,Vattanagar,10.367948,76.278282,rural,100,14.39,False,2024,1,2024-01-01,8538.95,8538.95,220.9,55.06,0.0,False,0.936,0.3416,85.39,False,False,True
KL_0021,Thrissur,Irinjalakuda,Vattanagar,10.367948,76.278282,rural,100,14.39,False,2024,2,2024-02-01,10550.13,10550.13,221.9,65.9,0.0,False,0.865,0.422,105.5,False,False,True
KL_0021,Thrissur,Irinjalakuda,Vattanagar,10.367948,76.278282,rural,100,14.39,False,2024,3,2024-03-01,10627.9,10627.9,232.3,60.65,0.0,False,0.829,0.4251,106.28,True,False,False
KL_0021,Thrissur,Irinjalakuda,Vattanagar,10.367948,76.278282,rural,100,14.39,False,2024,4,2024-04-01,7075.23,7075.23,234.3,45.21,0.0,False,0.869,0.283,70.75,True,False,False
KL_0021,Thrissur,Irinjalakuda,Vattanagar,10.367948,76.278282,rural,100,14.39,False,2024,5,2024-05-01,9026.4,9026.4,233.5,55.13,0.0,False,0.834,0.3611,90.26,True,False,False
KL_0021,Thrissur,Irinjalakuda,Vattanagar,10.367948,76.278282,rural,100,14.39,False,2024,6,2024-06-01,4458.66,4458.66,217.1,29.84,0.0,False,0.818,0.1783,44.59,False,True,False
KL_0021,Thrissur,Irinjalakuda,Vattanagar,10.367948,76.278282,rural,100,14.39,False,2024,7,2024-07-01,9318.6,9318.6,234.0,51.98,0.0,False,0.858,0.3727,93.19,False,True,False
KL_0021,Thrissur,Irinjalakuda,Vattanagar,10.367948,76.278282,rural,100,14.39,False,2024,8,2024-08-01,4777.34,4777.34,217.1,29.53,0.0,False,0.914,0.1911,47.77,False,True,False
KL_0021,Thrissur,Irinjalakuda,Vattanagar,10.367948,76.278282,rural,100,14.39,False,2024,9,2024-09-01,6279.3,6279.3,215.8,38.94,0.0,False,0.841,0.2512,62.79,False,True,False
KL_0021,Thrissur,Irinjalakuda,Vattanagar,10.367948,76.278282,rural,100,14.39,False,2024,10,2024-10-01,7017.47,7017.47,210.6,42.49,0.0,False,0.84,0.2807,70.17,False,False,False
KL_0021,Thrissur,Irinjalakuda,Vattanagar,10.367948,76.278282,rural,100,14.39,False,2024,11,2024-11-01,6205.42,6205.42,213.3,42.14,0.0,False,0.837,0.2482,62.05,False,False,False
KL_0021,Thrissur,Irinjalakuda,Vattanagar,10.367948,76.278282,rural,100,14.39,False,2024,12,2024-12-01,5515.05,5515.05,217.3,32.58,0.0,False,0.89,0.2206,55.15,False,False,True
KL_0022,Ernakulam,Angamaly,Vellinagar,10.034666,76.378611,semi-urban,165,6.3,False,2023,1,2023-01-01,19635.57,19635.57,225.8,114.68,0.0,False,0.893,0.476,119.0,False,False,True
KL_0022,Ernakulam,Angamaly,Vellinagar,10.034666,76.378611,semi-urban,165,6.3,False,2023,2,2023-02-01,11257.51,11257.51,236.3,60.71,0.0,False,0.796,0.2729,68.23,False,False,True
KL_0022,Ernakulam,Angamaly,Vellinagar,10.034666,76.378611,semi-urban,165,6.3,False,2023,3,2023-03-01,14552.45,14552.45,224.6,81.24,0.0,False,0.841,0.3528,88.2,True,False,False
KL_0022,Ernakulam,Angamaly,Vellinagar,10.034666,76.378611,semi-urban,165,6.3,False,2023,4,2023-04-01,34863.34,34863.34,237.9,210.79,0.0,False,0.905,0.8452,211.29,True,False,False
KL_0022,Ernakulam,Angamaly,Vellinagar,10.034666,76.378611,semi-urban,165,6.3,False,2023,5,2023-05-01,34382.74,34382.74,222.1,199.47,0.0,False,0.833,0.8335,208.38,True,False,False
KL_0022,Ernakulam,Angamaly,Vellinagar,10.034666,76.378611,semi-urban,165,6.3,False,2023,6,2023-06-01,34407.81,34407.81,237.4,193.76,0.0,False,0.92,0.8341,208.53,False,True,False
KL_0022,Ernakulam,Angamaly,Vellinagar,10.034666,76.378611,semi-urban,165,6.3,False,2023,7,2023-07-01,21376.27,21376.27,225.9,138.86,0.0,False,0.884,0.5182,129.55,False,True,False
KL_0022,Ernakulam,Angamaly,Vellinagar,10.034666,76.378611,semi-urban,165,6.3,False,2023,8,2023-08-01,24330.07,24330.07,233.4,151.42,0.0,False,0.938,0.5898,147.45,False,True,False
KL_0022,Ernakulam,Angamaly,Vellinagar,10.034666,76.378611,semi-urban,165,6.3,False,2023,9,2023-09-01,23526.98,23526.98,230.1,148.99,0.0,False,0.834,0.5704,142.59,False,True,False
KL_0022,Ernakulam,Angamaly,Vellinagar,10.034666,76.378611,semi-urban,165,6.3,False,2023,10,2023-10-01,16543.59,16543.59,228.2,98.09,0.0,False,0.885,0.4011,100.26,False,False,False
KL_0022,Ernakulam,Angamaly,Vellinagar,10.034666,76.378611,semi-urban,165,6.3,False,2023,11,2023-11-01,26889.56,26889.56,228.9,157.91,0.0,False,0.887,0.6519,162.97,False,False,False
KL_0022,Ernakulam,Angamaly,Vellinagar,10.034666,76.378611,semi-urban,165,6.3,False,2023,12,2023-12-01,16744.21,16744.21,228.3,109.52,0.0,False,0.904,0.4059,101.48,False,False,True
KL_0022,Ernakulam,Angamaly,Vellinagar,10.034666,76.378611,semi-urban,165,6.3,False,2024,1,2024-01-01,16280.82,16280.82,234.7,104.9,0.0,False,0.868,0.3947,98.67,False,False,True
KL_0022,Ernakulam,Angamaly,Vellinagar,10.034666,76.378611,semi-urban,165,6.3,False,2024,2,2024-02-01,26633.9,26633.9,222.5,159.99,0.0,False,0.906,0.6457,161.42,False,False,True
KL_0022,Ernakulam,Angamaly,Vellinagar,10.034666,76.378611,semi-urban,165,6.3,False,2024,3,2024-03-01,24850.36,24850.36,221.9,169.44,0.0,False,0.818,0.6024,150.61,True,False,False
KL_0022,Ernakulam,Angamaly,Vellinagar,10.034666,76.378611,semi-urban,165,6.3,False,2024,4,2024-04-01,24882.67,24882.67,224.4,146.4,0.0,False,0.847,0.6032,150.8,True,False,False
KL_0022,Ernakulam,Angamaly,Vellinagar,10.034666,76.378611,semi-urban,165,6.3,False,2024,5,2024-05-01,29256.85,29256.85,231.3,171.58,0.0,False,0.776,0.7093,177.31,True,False,False
KL_0022,Ernakulam,Angamaly,Vellinagar,10.034666,76.378611,semi-urban,165,6.3,False,2024,6,2024-06-01,24313.83,24313.83,229.5,150.19,0.0,False,0.837,0.5894,147.36,False,True,False
KL_0022,Ernakulam,Angamaly,Vellinagar,10.034666,76.378611,semi-urban,165,6.3,False,2024,7,2024-07-01,19446.45,19446.45,239.2,116.79,0.0,False,0.807,0.4714,117.86,False,True,False
KL_0022,Ernakulam,Angamaly,Vellinagar,10.034666,76.378611,semi-urban,165,6.3,False,2024,8,2024-08-01,25924.37,25924.37,231.2,167.76,0.0,False,0.867,0.6285,157.12,False,True,False
KL_0022,Ernakulam,Angamaly,Vellinagar,10.034666,76.378611,semi-urban,165,6.3,False,2024,9,2024-09-01,32559.2,32559.2,218.4,218.5,0.0,False,0.899,0.7893,197.33,False,True,False
KL_0022,Ernakulam,Angamaly,Vellinagar,10.034666,76.378611,semi-urban,165,6.3,False,2024,10,2024-10-01,24551.11,24551.11,223.8,148.0,0.0,False,0.878,0.5952,148.79,False,False,False
KL_0022,Ernakulam,Angamaly,Vellinagar,10.034666,76.378611,semi-urban,165,6.3,False,2024,11,2024-11-01,10796.17,10796.17,226.6,61.4,0.0,False,0.889,0.2617,65.43,False,False,False
KL_0022,Ernakulam,Angamaly,Vellinagar,10.034666,76.378611,semi-urban,165,6.3,False,2024,12,2024-12-01,17982.98,17982.98,245.7,95.47,0.0,False,0.855,0.436,108.99,False,False,True
KL_0023,Kollam,Punalur,Vattamukku,9.088329,76.735736,rural,31,10.54,False,2023,1,2023-01-01,2896.92,2896.92,217.2,18.06,0.0,False,0.843,0.3738,93.45,False,False,True
KL_0023,Kollam,Punalur,Vattamukku,9.088329,76.735736,rural,31,10.54,False,2023,2,2023-02-01,1697.67,1697.67,255.4,9.7,0.0,False,0.791,0.2191,54.76,False,False,True
KL_0023,Kollam,Punalur,Vattamukku,9.088329,76.735736,rural,31,10.54,False,2023,3,2023-03-01,3062.07,3062.07,231.1,17.46,0.0,False,0.754,0.3951,98.78,True,False,False
KL_0023,Kollam,Punalur,Vattamukku,9.088329,76.735736,rural,31,10.54,False,2023,4,2023-04-01,3300.73,3300.73,239.8,17.62,0.0,False,0.775,0.4259,106.48,True,False,False
KL_0023,Kollam,Punalur,Vattamukku,9.088329,76.735736,rural,31,10.54,False,2023,5,2023-05-01,3694.79,3694.79,215.8,24.92,0.0,False,0.817,0.4767,119.19,True,False,False
KL_0023,Kollam,Punalur,Vattamukku,9.088329,76.735736,rural,31,10.54,False,2023,6,2023-06-01,3845.07,3845.07,224.5,23.95,0.0,False,0.896,0.4961,124.03,False,True,False
KL_0023,Kollam,Punalur,Vattamukku,9.088329,76.735736,rural,31,10.54,False,2023,7,2023-07-01,3210.14,3210.14,220.7,21.67,0.0,False,0.789,0.4142,103.55,False,True,False
KL_0023,Kollam,Punalur,Vattamukku,9.088329,76.735736,rural,31,10.54,False,2023,8,2023-08-01,2781.2,2781.2,229.1,15.24,0.0,False,0.809,0.3589,89.72,False,True,False
KL_0023,Kollam,Punalur,Vattamukku,9.088329,76.735736,rural,31,10.54,False,2023,9,2023-09-01,2361.32,2361.32,213.9,14.92,0.0,False,0.826,0.3047,76.17,False,True,False
KL_0023,Kollam,Punalur,Vattamukku,9.088329,76.735736,rural,31,10.54,False,2023,10,2023-10-01,3103.68,3103.68,238.8,17.47,0.0,False,0.914,0.4005,100.12,False,False,False
KL_0023,Kollam,Punalur,Vattamukku,9.088329,76.735736,rural,31,10.54,False,2023,11,2023-11-01,3385.55,3385.55,228.7,21.63,0.0,False,0.848,0.4368,109.21,False,False,False
KL_0023,Kollam,Punalur,Vattamukku,9.088329,76.735736,rural,31,10.54,False,2023,12,2023-12-01,3630.81,3630.81,215.2,21.64,0.0,False,0.857,0.4685,117.12,False,False,True
KL_0023,Kollam,Punalur,Vattamukku,9.088329,76.735736,rural,31,10.54,False,2024,1,2024-01-01,2247.49,2247.49,234.9,14.49,0.0,False,0.871,0.29,72.5,False,False,True
KL_0023,Kollam,Punalur,Vattamukku,9.088329,76.735736,rural,31,10.54,False,2024,2,2024-02-01,1960.22,1960.22,232.9,12.46,0.0,False,0.92,0.2529,63.23,False,False,True
KL_0023,Kollam,Punalur,Vattamukku,9.088329,76.735736,rural,31,10.54,False,2024,3,2024-03-01,1724.52,1724.52,234.5,9.64,0.0,False,0.854,0.2225,55.63,True,False,False
KL_0023,Kollam,Punalur,Vattamukku,9.088329,76.735736,rural,31,10.54,False,2024,4,2024-04-01,2238.51,2238.51,234.2,13.29,0.0,False,0.762,0.2888,72.21,True,False,False
KL_0023,Kollam,Punalur,Vattamukku,9.088329,76.735736,rural,31,10.54,False,2024,5,2024-05-01,3310.19,3310.19,250.2,18.85,0.0,False,0.856,0.4271,106.78,True,False,False
KL_0023,Kollam,Punalur,Vattamukku,9.088329,76.735736,rural,31,10.54,False,2024,6,2024-06-01,2375.67,2375.67,232.1,15.42,0.0,False,0.922,0.3065,76.63,False,True,False
KL_0023,Kollam,Punalur,Vattamukku,9.088329,76.735736,rural,31,10.54,False,2024,7,2024-07-01,2749.71,2749.71,233.9,16.94,0.0,False,0.882,0.3548,88.7,False,True,False
KL_0023,Kollam,Punalur,Vattamukku,9.088329,76.735736,rural,31,10.54,False,2024,8,2024-08-01,1316.68,1316.68,228.0,8.71,0.0,False,0.861,0.1699,42.47,False,True,False
KL_0023,Kollam,Punalur,Vattamukku,9.088329,76.735736,rural,31,10.54,False,2024,9,2024-09-01,2871.47,2871.47,235.0,16.88,0.0,False,0.868,0.3705,92.63,False,True,False
KL_0023,Kollam,Punalur,Vattamukku,9.088329,76.735736,rural,31,10.54,False,2024,10,2024-10-01,2984.5,2984.5,218.9,19.23,0.0,False,0.758,0.3851,96.27,False,False,False
KL_0023,Kollam,Punalur,Vattamukku,9.088329,76.735736,rural,31,10.54,False,2024,11,2024-11-01,2806.57,2806.57,226.4,16.21,0.0,False,0.751,0.3621,90.53,False,False,False
KL_0023,Kollam,Punalur,Vattamukku,9.088329,76.735736,rural,31,10.54,False,2024,12,2024-12-01,1258.63,1258.63,240.7,7.03,0.0,False,0.895,0.1624,40.6,False,False,True
KL_0024,Pathanamthitta,Thiruvalla,Vadakkemukku,9.20794,76.955205,rural,99,15.93,False,2023,1,2023-01-01,6949.92,6949.92,234.7,39.71,0.0,False,0.914,0.2808,70.2,False,False,True
KL_0024,Pathanamthitta,Thiruvalla,Vadakkemukku,9.20794,76.955205,rural,99,15.93,False,2023,2,2023-02-01,10782.97,10782.97,228.0,70.7,0.0,False,0.819,0.4357,108.92,False,False,True
KL_0024,Pathanamthitta,Thiruvalla,Vadakkemukku,9.20794,76.955205,rural,99,15.93,False,2023,3,2023-03-01,4323.55,4323.55,226.9,28.91,0.0,False,0.86,0.1747,43.67,True,False,False
KL_0024,Pathanamthitta,Thiruvalla,Vadakkemukku,9.20794,76.955205,rural,99,15.93,False,2023,4,2023-04-01,8149.0,8149.0,229.3,52.44,0.0,False,0.881,0.3293,82.31,True,False,False
KL_0024,Pathanamthitta,Thiruvalla,Vadakkemukku,9.20794,76.955205,rural,99,15.93,False,2023,5,2023-05-01,8516.81,8516.81,241.9,50.1,0.0,False,0.933,0.3441,86.03,True,False,False
KL_0024,Pathanamthitta,Thiruvalla,Vadakkemukku,9.20794,76.955205,rural,99,15.93,False,2023,6,2023-06-01,10370.57,10370.57,235.0,63.43,0.0,False,0.846,0.419,104.75,False,True,False
KL_0024,Pathanamthitta,Thiruvalla,Vadakkemukku,9.20794,76.955205,rural,99,15.93,False,2023,7,2023-07-01,11051.51,11051.51,219.8,70.46,0.0,False,0.887,0.4465,111.63,False,True,False
KL_0024,Pathanamthitta,Thiruvalla,Vadakkemukku,9.20794,76.955205,rural,99,15.93,False,2023,8,2023-08-01,5768.48,5768.48,247.7,33.74,0.0,False,0.95,0.2331,58.27,False,True,False
KL_0024,Pathanamthitta,Thiruvalla,Vadakkemukku,9.20794,76.955205,rural,99,15.93,False,2023,9,2023-09-01,7827.69,7827.69,230.1,44.91,0.0,False,0.836,0.3163,79.07,False,True,False
KL_0024,Pathanamthitta,Thiruvalla,Vadakkemukku,9.20794,76.955205,rural,99,15.93,False,2023,10,2023-10-01,6560.34,6560.34,219.0,38.73,0.0,False,0.853,0.2651,66.27,False,False,False
KL_0024,Pathanamthitta,Thiruvalla,Vadakkemukku,9.20794,76.955205,rural,99,15.93,False,2023,11,2023-11-01,11035.19,11035.19,234.8,63.22,0.0,False,0.795,0.4459,111.47,False,False,False
KL_0024,Pathanamthitta,Thiruvalla,Vadakkemukku,9.20794,76.955205,rural,99,15.93,False,2023,12,2023-12-01,6566.13,6566.13,221.9,40.88,0.0,False,0.797,0.2653,66.32,False,False,True
KL_0024,Pathanamthitta,Thiruvalla,Vadakkemukku,9.20794,76.955205,rural,99,15.93,False,2024,1,2024-01-01,5885.55,5885.55,230.1,33.15,0.0,False,0.894,0.2378,59.45,False,False,True
KL_0024,Pathanamthitta,Thiruvalla,Vadakkemukku,9.20794,76.955205,rural,99,15.93,False,2024,2,2024-02-01,7623.73,7623.73,225.4,45.31,0.0,False,0.91,0.308,77.01,False,False,True
KL_0024,Pathanamthitta,Thiruvalla,Vadakkemukku,9.20794,76.955205,rural,99,15.93,False,2024,3,2024-03-01,11582.65,11582.65,245.9,71.05,0.0,False,0.908,0.468,117.0,True,False,False
KL_0024,Pathanamthitta,Thiruvalla,Vadakkemukku,9.20794,76.955205,rural,99,15.93,False,2024,4,2024-04-01,4900.25,4900.25,223.0,31.14,0.0,False,0.798,0.198,49.5,True,False,False
KL_0024,Pathanamthitta,Thiruvalla,Vadakkemukku,9.20794,76.955205,rural,99,15.93,False,2024,5,2024-05-01,9712.86,9712.86,234.2,60.61,0.0,False,0.84,0.3924,98.11,True,False,False
KL_0024,Pathanamthitta,Thiruvalla,Vadakkemukku,9.20794,76.955205,rural,99,15.93,False,2024,6,2024-06-01,5905.28,5905.28,239.5,34.44,0.0,False,0.874,0.2386,59.65,False,True,False
KL_0024,Pathanamthitta,Thiruvalla,Vadakkemukku,9.20794,76.955205,rural,99,15.93,False,2024,7,2024-07-01,8027.04,8027.04,217.7,50.55,0.0,False,0.736,0.3243,81.08,False,True,False
KL_0024,Pathanamthitta,Thiruvalla,Vadakkemukku,9.20794,76.955205,rural,99,15.93,False,2024,8,2024-08-01,5700.03,5700.03,219.8,39.06,0.0,False,0.873,0.2303,57.58,False,True,False
KL_0024,Pathanamthitta,Thiruvalla,Vadakkemukku,9.20794,76.955205,rural,99,15.93,False,2024,9,2024-09-01,3402.71,3402.71,218.5,21.86,0.0,False,0.944,0.1375,34.37,False,True,False
KL_0024,Pathanamthitta,Thiruvalla,Vadakkemukku,9.20794,76.955205,rural,99,15.93,False,2024,10,2024-10-01,8109.05,8109.05,230.5,48.18,0.0,False,0.907,0.3276,81.91,False,False,False
KL_0024,Pathanamthitta,Thiruvalla,Vadakkemukku,9.20794,76.955205,rural,99,15.93,False,2024,11,2024-11-01,7593.87,7593.87,210.8,50.8,0.0,False,0.729,0.3068,76.71,False,False,False
KL_0024,Pathanamthitta,Thiruvalla,Vadakkemukku,9.20794,76.955205,rural,99,15.93,False,2024,12,2024-12-01,9463.99,9463.99,214.5,62.23,0.0,False,0.87,0.3824,95.6,False,False,True
KL_0025,Kannur,Iritty,Pallipuram,12.121199,75.392617,rural,139,22.7,False,2023,1,2023-01-01,8187.93,8187.93,249.7,48.71,0.0,False,0.861,0.2356,58.91,False,False,True
KL_0025,Kannur,Iritty,Pallipuram,12.121199,75.392617,rural,139,22.7,False,2023,2,2023-02-01,6447.93,6447.93,215.8,40.84,0.0,False,0.864,0.1856,46.39,False,False,True
KL_0025,Kannur,Iritty,Pallipuram,12.121199,75.392617,rural,139,22.7,False,2023,3,2023-03-01,6744.81,6744.81,224.5,38.42,0.0,False,0.855,0.1941,48.52,True,False,False
KL_0025,Kannur,Iritty,Pallipuram,12.121199,75.392617,rural,139,22.7,False,2023,4,2023-04-01,16115.01,16115.01,243.8,82.82,0.0,False,0.834,0.4637,115.94,True,False,False
KL_0025,Kannur,Iritty,Pallipuram,12.121199,75.392617,rural,139,22.7,False,2023,5,2023-05-01,20357.6,20357.6,231.1,114.02,0.0,False,0.734,0.5858,146.46,True,False,False
KL_0025,Kannur,Iritty,Pallipuram,12.121199,75.392617,rural,139,22.7,False,2023,6,2023-06-01,7469.42,7469.42,240.0,43.02,0.0,False,0.866,0.2149,53.74,False,True,False
KL_0025,Kannur,Iritty,Pallipuram,12.121199,75.392617,rural,139,22.7,False,2023,7,2023-07-01,7482.55,7482.55,214.4,45.64,0.0,False,0.881,0.2153,53.83,False,True,False
KL_0025,Kannur,Iritty,Pallipuram,12.121199,75.392617,rural,139,22.7,False,2023,8,2023-08-01,11042.28,11042.28,227.9,71.97,0.0,False,0.822,0.3178,79.44,False,True,False
KL_0025,Kannur,Iritty,Pallipuram,12.121199,75.392617,rural,139,22.7,False,2023,9,2023-09-01,11379.44,11379.44,220.6,70.24,0.0,False,0.913,0.3275,81.87,False,True,False
KL_0025,Kannur,Iritty,Pallipuram,12.121199,75.392617,rural,139,22.7,False,2023,10,2023-10-01,17286.3,17286.3,221.3,99.79,0.0,False,0.768,0.4974,124.36,False,False,False
KL_0025,Kannur,Iritty,Pallipuram,12.121199,75.392617,rural,139,22.7,False,2023,11,2023-11-01,20108.8,20108.8,224.3,112.85,0.0,False,0.764,0.5787,144.67,False,False,False
KL_0025,Kannur,Iritty,Pallipuram,12.121199,75.392617,rural,139,22.7,False,2023,12,2023-12-01,7927.4,7927.4,229.4,52.01,0.0,False,0.854,0.2281,57.03,False,False,True
KL_0025,Kannur,Iritty,Pallipuram,12.121199,75.392617,rural,139,22.7,False,2024,1,2024-01-01,9899.94,9899.94,225.5,65.26,0.0,False,0.816,0.2849,71.22,False,False,True
KL_0025,Kannur,Iritty,Pallipuram,12.121199,75.392617,rural,139,22.7,False,2024,2,2024-02-01,11507.55,11507.55,234.5,63.17,0.0,False,0.899,0.3312,82.79,False,False,True
KL_0025,Kannur,Iritty,Pallipuram,12.121199,75.392617,rural,139,22.7,False,2024,3,2024-03-01,8838.97,8838.97,211.4,63.34,0.0,False,0.829,0.2544,63.59,True,False,False
KL_0025,Kannur,Iritty,Pallipuram,12.121199,75.392617,rural,139,22.7,False,2024,4,2024-04-01,13255.26,13255.26,220.0,85.11,0.0,False,0.918,0.3814,95.36,True,False,False
KL_0025,Kannur,Iritty,Pallipuram,12.121199,75.392617,rural,139,22.7,False,2024,5,2024-05-01,15311.25,15311.25,228.3,89.64,0.0,False,0.814,0.4406,110.15,True,False,False
KL_0025,Kannur,Iritty,Pallipuram,12.121199,75.392617,rural,139,22.7,False,2024,6,2024-06-01,17553.69,17553.69,226.6,106.38,0.0,False,0.857,0.5051,126.29,False,True,False
KL_0025,Kannur,Iritty,Pallipuram,12.121199,75.392617,rural,139,22.7,False,2024,7,2024-07-01,11132.69,11132.69,231.5,73.44,0.0,False,0.751,0.3204,80.09,False,True,False
KL_0025,Kannur,Iritty,Pallipuram,12.121199,75.392617,rural,139,22.7,False,2024,8,2024-08-01,7136.44,7136.44,224.9,46.92,0.0,False,0.847,0.2054,51.34,False,True,False
KL_0025,Kannur,Iritty,Pallipuram,12.121199,75.392617,rural,139,22.7,False,2024,9,2024-09-01,8656.57,8656.57,229.4,49.02,0.0,False,0.854,0.2491,62.28,False,True,False
KL_0025,Kannur,Iritty,Pallipuram,12.121199,75.392617,rural,139,22.7,False,2024,10,2024-10-01,17201.79,17201.79,223.6,103.19,0.0,False,0.91,0.495,123.75,False,False,False
KL_0025,Kannur,Iritty,Pallipuram,12.121199,75.392617,rural,139,22.7,False,2024,11,2024-11-01,12042.05,12042.05,217.9,71.0,0.0,False,0.774,0.3465,86.63,False,False,False
KL_0025,Kannur,Iritty,Pallipuram,12.121199,75.392617,rural,139,22.7,False,2024,12,2024-12-01,10208.38,10208.38,221.6,59.99,0.0,False,0.836,0.2938,73.44,False,False,True
KL_0026,Thiruvananthapuram,Thiruvananthapuram,Kottapara,8.44351,77.121228,rural,161,20.67,False,2023,1,2023-01-01,10839.51,10839.51,254.4,63.83,0.0,False,0.923,0.2693,67.33,False,False,True
KL_0026,Thiruvananthapuram,Thiruvananthapuram,Kottapara,8.44351,77.121228,rural,161,20.67,False,2023,2,2023-02-01,15224.38,15224.38,238.7,82.26,0.0,False,0.929,0.3782,94.56,False,False,True
KL_0026,Thiruvananthapuram,Thiruvananthapuram,Kottapara,8.44351,77.121228,rural,161,20.67,False,2023,3,2023-03-01,7372.29,7372.29,209.4,49.66,0.0,False,0.808,0.1832,45.79,True,False,False
KL_0026,Thiruvananthapuram,Thiruvananthapuram,Kottapara,8.44351,77.121228,rural,161,20.67,False,2023,4,2023-04-01,16535.69,16535.69,216.2,116.15,0.0,False,0.816,0.4108,102.71,True,False,False
KL_0026,Thiruvananthapuram,Thiruvananthapuram,Kottapara,8.44351,77.121228,rural,161,20.67,False,2023,5,2023-05-01,14692.71,14692.71,233.2,95.37,0.0,False,0.765,0.365,91.26,True,False,False
KL_0026,Thiruvananthapuram,Thiruvananthapuram,Kottapara,8.44351,77.121228,rural,161,20.67,False,2023,6,2023-06-01,15966.28,15966.28,230.6,92.07,0.0,False,0.744,0.3967,99.17,False,True,False
KL_0026,Thiruvananthapuram,Thiruvananthapuram,Kottapara,8.44351,77.121228,rural,161,20.67,False,2023,7,2023-07-01,22571.11,22571.11,229.9,136.34,0.0,False,0.831,0.5608,140.19,False,True,False
KL_0026,Thiruvananthapuram,Thiruvananthapuram,Kottapara,8.44351,77.121228,rural,161,20.67,False,2023,8,2023-08-01,7363.62,7363.62,237.9,43.95,0.0,False,0.818,0.1829,45.74,False,True,False
KL_0026,Thiruvananthapuram,Thiruvananthapuram,Kottapara,8.44351,77.121228,rural,161,20.67,False,2023,9,2023-09-01,17371.97,17371.97,217.8,117.0,0.0,False,0.953,0.4316,107.9,False,True,False
KL_0026,Thiruvananthapuram,Thiruvananthapuram,Kottapara,8.44351,77.121228,rural,161,20.67,False,2023,10,2023-10-01,21782.76,21782.76,231.0,123.73,0.0,False,0.867,0.5412,135.3,False,False,False
KL_0026,Thiruvananthapuram,Thiruvananthapuram,Kottapara,8.44351,77.121228,rural,161,20.67,False,2023,11,2023-11-01,7406.46,7406.46,233.4,47.28,0.0,False,0.84,0.184,46.0,False,False,False
KL_0026,Thiruvananthapuram,Thiruvananthapuram,Kottapara,8.44351,77.121228,rural,161,20.67,False,2023,12,2023-12-01,13948.91,13948.91,234.1,76.02,0.0,False,0.883,0.3466,86.64,False,False,True
KL_0026,Thiruvananthapuram,Thiruvananthapuram,Kottapara,8.44351,77.121228,rural,161,20.67,False,2024,1,2024-01-01,4400.72,4400.72,238.5,24.34,0.0,False,0.901,0.1093,27.33,False,False,True
KL_0026,Thiruvananthapuram,Thiruvananthapuram,Kottapara,8.44351,77.121228,rural,161,20.67,False,2024,2,2024-02-01,14205.55,14205.55,232.0,88.25,0.0,False,0.911,0.3529,88.23,False,False,True
KL_0026,Thiruvananthapuram,Thiruvananthapuram,Kottapara,8.44351,77.121228,rural,161,20.67,False,2024,3,2024-03-01,15981.61,15981.61,217.9,98.21,0.0,False,0.863,0.3971,99.26,True,False,False
KL_0026,Thiruvananthapuram,Thiruvananthapuram,Kottapara,8.44351,77.121228,rural,161,20.67,False,2024,4,2024-04-01,12824.34,12824.34,231.7,84.32,0.0,False,0.849,0.3186,79.65,True,False,False
KL_0026,Thiruvananthapuram,Thiruvananthapuram,Kottapara,8.44351,77.121228,rural,161,20.67,False,2024,5,2024-05-01,19295.65,19295.65,242.4,100.93,0.0,False,0.858,0.4794,119.85,True,False,False
KL_0026,Thiruvananthapuram,Thiruvananthapuram,Kottapara,8.44351,77.121228,rural,161,20.67,False,2024,6,2024-06-01,19693.61,19693.61,229.0,118.51,0.0,False,0.847,0.4893,122.32,False,True,False
KL_0026,Thiruvananthapuram,Thiruvananthapuram,Kottapara,8.44351,77.121228,rural,161,20.67,False,2024,7,2024-07-01,11580.98,11580.98,219.4,67.82,0.0,False,0.824,0.2877,71.93,False,True,False
KL_0026,Thiruvananthapuram,Thiruvananthapuram,Kottapara,8.44351,77.121228,rural,161,20.67,False,2024,8,2024-08-01,9106.63,9106.63,213.2,57.75,0.0,False,0.902,0.2263,56.56,False,True,False
KL_0026,Thiruvananthapuram,Thiruvananthapuram,Kottapara,8.44351,77.121228,rural,161,20.67,False,2024,9,2024-09-01,14140.33,14140.33,224.3,93.82,0.0,False,0.84,0.3513,87.83,False,True,False
KL_0026,Thiruvananthapuram,Thiruvananthapuram,Kottapara,8.44351,77.121228,rural,161,20.67,False,2024,10,2024-10-01,11529.43,11529.43,239.5,60.3,0.0,False,0.799,0.2864,71.61,False,False,False
KL_0026,Thiruvananthapuram,Thiruvananthapuram,Kottapara,8.44351,77.121228,rural,161,20.67,False,2024,11,2024-11-01,6492.51,6492.51,238.1,36.31,0.0,False,0.851,0.1613,40.33,False,False,False
KL_0026,Thiruvananthapuram,Thiruvananthapuram,Kottapara,8.44351,77.121228,rural,161,20.67,False,2024,12,2024-12-01,19297.44,19297.44,224.1,111.4,0.0,False,0.886,0.4794,119.86,False,False,True
KL_0027,Kasaragod,Uppala,Vellipara,12.653345,75.1455,rural,17,10.21,False,2023,1,2023-01-01,1955.78,1955.78,216.8,11.34,0.0,False,0.777,0.4602,115.05,False,False,True
KL_0027,Kasaragod,Uppala,Vellipara,12.653345,75.1455,rural,17,10.21,False,2023,2,2023-02-01,588.78,588.78,229.7,3.42,0.0,False,0.837,0.1385,34.63,False,False,True
KL_0027,Kasaragod,Uppala,Vellipara,12.653345,75.1455,rural,17,10.21,False,2023,3,2023-03-01,839.94,839.94,221.1,5.41,0.0,False,0.81,0.1976,49.41,True,False,False
KL_0027,Kasaragod,Uppala,Vellipara,12.653345,75.1455,rural,17,10.21,False,2023,4,2023-04-01,1336.17,1336.17,231.9,7.6,0.0,False,0.959,0.3144,78.6,True,False,False
KL_0027,Kasaragod,Uppala,Vellipara,12.653345,75.1455,rural,17,10.21,False,2023,5,2023-05-01,1780.39,1780.39,227.2,10.27,0.0,False,0.855,0.4189,104.73,True,False,False
KL_0027,Kasaragod,Uppala,Vellipara,12.653345,75.1455,rural,17,10.21,False,2023,6,2023-06-01,1735.08,1735.08,213.1,12.24,0.0,False,0.928,0.4083,102.06,False,True,False
KL_0027,Kasaragod,Uppala,Vellipara,12.653345,75.1455,rural,17,10.21,False,2023,7,2023-07-01,913.92,913.92,239.8,5.0,0.0,False,0.862,0.215,53.76,False,True,False
KL_0027,Kasaragod,Uppala,Vellipara,12.653345,75.1455,rural,17,10.21,False,2023,8,2023-08-01,1758.12,1758.12,226.2,10.7,0.0,False,0.867,0.4137,103.42,False,True,False
KL_0027,Kasaragod,Uppala,Vellipara,12.653345,75.1455,rural,17,10.21,False,2023,9,2023-09-01,2471.65,2471.65,221.7,15.8,0.0,False,0.847,0.5816,145.39,False,True,False
KL_0027,Kasaragod,Uppala,Vellipara,12.653345,75.1455,rural,17,10.21,False,2023,10,2023-10-01,743.15,743.15,231.1,4.25,0.0,False,0.839,0.1749,43.71,False,False,False
KL_0027,Kasaragod,Uppala,Vellipara,12.653345,75.1455,rural,17,10.21,False,2023,11,2023-11-01,1625.35,1625.35,224.9,10.22,0.0,False,0.846,0.3824,95.61,False,False,False
KL_0027,Kasaragod,Uppala,Vellipara,12.653345,75.1455,rural,17,10.21,False,2023,12,2023-12-01,1562.78,1562.78,223.1,9.53,0.0,False,0.817,0.3677,91.93,False,False,True
KL_0027,Kasaragod,Uppala,Vellipara,12.653345,75.1455,rural,17,10.21,False,2024,1,2024-01-01,1213.47,1213.47,234.7,6.9,0.0,False,0.849,0.2855,71.38,False,False,True
KL_0027,Kasaragod,Uppala,Vellipara,12.653345,75.1455,rural,17,10.21,False,2024,2,2024-02-01,1091.29,1091.29,225.0,7.03,0.0,False,0.769,0.2568,64.19,False,False,True
KL_0027,Kasaragod,Uppala,Vellipara,12.653345,75.1455,rural,17,10.21,False,2024,3,2024-03-01,1843.42,1843.42,236.1,11.79,0.0,False,0.859,0.4337,108.44,True,False,False
KL_0027,Kasaragod,Uppala,Vellipara,12.653345,75.1455,rural,17,10.21,False,2024,4,2024-04-01,1238.7,1238.7,239.4,6.5,0.0,False,0.79,0.2915,72.86,True,False,False
KL_0027,Kasaragod,Uppala,Vellipara,12.653345,75.1455,rural,17,10.21,False,2024,5,2024-05-01,1877.19,1877.19,239.2,11.3,0.0,False,0.855,0.4417,110.42,True,False,False
KL_0027,Kasaragod,Uppala,Vellipara,12.653345,75.1455,rural,17,10.21,False,2024,6,2024-06-01,1938.07,1938.07,236.2,11.16,0.0,False,0.866,0.456,114.0,False,True,False
KL_0027,Kasaragod,Uppala,Vellipara,12.653345,75.1455,rural,17,10.21,False,2024,7,2024-07-01,1541.65,1541.65,226.5,9.04,0.0,False,0.921,0.3627,90.69,False,True,False
KL_0027,Kasaragod,Uppala,Vellipara,12.653345,75.1455,rural,17,10.21,False,2024,8,2024-08-01,701.83,701.83,239.5,4.22,0.0,False,0.866,0.1651,41.28,False,True,False
KL_0027,Kasaragod,Uppala,Vellipara,12.653345,75.1455,rural,17,10.21,False,2024,9,2024-09-01,1812.53,1812.53,215.8,11.7,0.0,False,0.837,0.4265,106.62,False,True,False
KL_0027,Kasaragod,Uppala,Vellipara,12.653345,75.1455,rural,17,10.21,False,2024,10,2024-10-01,992.48,992.48,229.0,6.21,0.0,False,0.819,0.2335,58.38,False,False,False
KL_0027,Kasaragod,Uppala,Vellipara,12.653345,75.1455,rural,17,10.21,False,2024,11,2024-11-01,1620.93,1620.93,221.0,10.05,0.0,False,0.886,0.3814,95.35,False,False,False
KL_0027,Kasaragod,Uppala,Vellipara,12.653345,75.1455,rural,17,10.21,False,2024,12,2024-12-01,1614.32,1614.32,226.7,9.86,0.0,False,0.845,0.3798,94.96,False,False,True
KL_0028,Kottayam,Pala,Kizhakkunnu,9.367617,76.862938,urban,30,3.89,False,2023,1,2023-01-01,3003.63,3003.63,235.0,19.22,0.0,False,0.812,0.4005,100.12,False,False,True
KL_0028,Kottayam,Pala,Kizhakkunnu,9.367617,76.862938,urban,30,3.89,False,2023,2,2023-02-01,5453.65,5453.65,231.0,30.86,0.0,False,0.858,0.7272,181.79,False,False,True
KL_0028,Kottayam,Pala,Kizhakkunnu,9.367617,76.862938,urban,30,3.89,False,2023,3,2023-03-01,7513.0,7513.0,231.8,44.75,0.0,False,0.757,1.0017,250.43,True,False,False
KL_0028,Kottayam,Pala,Kizhakkunnu,9.367617,76.862938,urban,30,3.89,False,2023,4,2023-04-01,9630.17,9630.17,247.7,53.48,0.0,False,0.854,1.284,321.01,True,False,False
KL_0028,Kottayam,Pala,Kizhakkunnu,9.367617,76.862938,urban,30,3.89,False,2023,5,2023-05-01,5561.42,5561.42,223.8,31.92,0.0,False,0.811,0.7415,185.38,True,False,False
KL_0028,Kottayam,Pala,Kizhakkunnu,9.367617,76.862938,urban,30,3.89,False,2023,6,2023-06-01,6060.48,6060.48,213.1,38.9,0.0,False,0.834,0.8081,202.02,False,True,False
KL_0028,Kottayam,Pala,Kizhakkunnu,9.367617,76.862938,urban,30,3.89,False,2023,7,2023-07-01,5744.78,5744.78,222.3,33.26,0.0,False,0.95,0.766,191.49,False,True,False
KL_0028,Kottayam,Pala,Kizhakkunnu,9.367617,76.862938,urban,30,3.89,False,2023,8,2023-08-01,6251.23,6251.23,223.9,38.69,0.0,False,0.826,0.8335,208.37,False,True,False
KL_0028,Kottayam,Pala,Kizhakkunnu,9.367617,76.862938,urban,30,3.89,False,2023,9,2023-09-01,7023.95,7023.95,223.5,44.74,0.0,False,0.889,0.9365,234.13,False,True,False
KL_0028,Kottayam,Pala,Kizhakkunnu,9.367617,76.862938,urban,30,3.89,False,2023,10,2023-10-01,5304.43,5304.43,223.6,34.13,0.0,False,0.902,0.7073,176.81,False,False,False
KL_0028,Kottayam,Pala,Kizhakkunnu,9.367617,76.862938,urban,30,3.89,False,2023,11,2023-11-01,5113.38,5113.38,230.3,33.38,0.0,False,0.893,0.6818,170.45,False,False,False
KL_0028,Kottayam,Pala,Kizhakkunnu,9.367617,76.862938,urban,30,3.89,False,2023,12,2023-12-01,5397.08,5397.08,228.4,36.02,0.0,False,0.869,0.7196,179.9,False,False,True
KL_0028,Kottayam,Pala,Kizhakkunnu,9.367617,76.862938,urban,30,3.89,False,2024,1,2024-01-01,4860.69,4860.69,245.5,25.87,0.0,False,0.795,0.6481,162.02,False,False,True
KL_0028,Kottayam,Pala,Kizhakkunnu,9.367617,76.862938,urban,30,3.89,False,2024,2,2024-02-01,3423.14,3423.14,216.1,23.79,0.0,False,0.817,0.4564,114.1,False,False,True
KL_0028,Kottayam,Pala,Kizhakkunnu,9.367617,76.862938,urban,30,3.89,False,2024,3,2024-03-01,4498.95,4498.95,233.5,24.42,0.0,False,0.792,0.5999,149.96,True,False,False
KL_0028,Kottayam,Pala,Kizhakkunnu,9.367617,76.862938,urban,30,3.89,False,2024,4,2024-04-01,8743.84,8743.84,217.0,56.88,0.0,False,0.832,1.1658,291.46,True,False,False
KL_0028,Kottayam,Pala,Kizhakkunnu,9.367617,76.862938,urban,30,3.89,False,2024,5,2024-05-01,5818.98,5818.98,219.1,38.48,0.0,False,0.833,0.7759,193.97,True,False,False
KL_0028,Kottayam,Pala,Kizhakkunnu,9.367617,76.862938,urban,30,3.89,False,2024,6,2024-06-01,6341.26,6341.26,221.4,38.01,0.0,False,0.804,0.8455,211.38,False,True,False
KL_0028,Kottayam,Pala,Kizhakkunnu,9.367617,76.862938,urban,30,3.89,False,2024,7,2024-07-01,6559.75,6559.75,224.9,38.02,0.0,False,0.877,0.8746,218.66,False,True,False
KL_0028,Kottayam,Pala,Kizhakkunnu,9.367617,76.862938,urban,30,3.89,False,2024,8,2024-08-01,5814.81,5814.81,227.9,35.61,0.0,False,0.825,0.7753,193.83,False,True,False
KL_0028,Kottayam,Pala,Kizhakkunnu,9.367617,76.862938,urban,30,3.89,False,2024,9,2024-09-01,5109.57,5109.57,227.9,34.14,0.0,False,0.832,0.6813,170.32,False,True,False
KL_0028,Kottayam,Pala,Kizhakkunnu,9.367617,76.862938,urban,30,3.89,False,2024,10,2024-10-01,4578.43,4578.43,213.0,30.43,0.0,False,0.772,0.6105,152.61,False,False,False
KL_0028,Kottayam,Pala,Kizhakkunnu,9.367617,76.862938,urban,30,3.89,False,2024,11,2024-11-01,5911.31,5911.31,231.5,35.51,0.0,False,0.853,0.7882,197.04,False,False,False
KL_0028,Kottayam,Pala,Kizhakkunnu,9.367617,76.862938,urban,30,3.89,False,2024,12,2024-12-01,6765.66,6765.66,217.7,43.97,0.0,False,0.845,0.9021,225.52,False,False,True
KL_0029,Kannur,Iritty,Idavapara,12.186492,75.61881,rural,171,10.01,False,2023,1,2023-01-01,12170.07,12170.07,233.0,71.91,0.0,False,0.82,0.2847,71.17,False,False,True
KL_0029,Kannur,Iritty,Idavapara,12.186492,75.61881,rural,171,10.01,False,2023,2,2023-02-01,7774.64,7774.64,231.7,50.65,0.0,False,0.869,0.1819,45.47,False,False,True
KL_0029,Kannur,Iritty,Idavapara,12.186492,75.61881,rural,171,10.01,False,2023,3,2023-03-01,12822.04,12822.04,238.4,73.65,0.0,False,0.856,0.2999,74.98,True,False,False
KL_0029,Kannur,Iritty,Idavapara,12.186492,75.61881,rural,171,10.01,False,2023,4,2023-04-01,17209.36,17209.36,219.0,103.06,0.0,False,0.879,0.4026,100.64,True,False,False
KL_0029,Kannur,Iritty,Idavapara,12.186492,75.61881,rural,171,10.01,False,2023,5,2023-05-01,19494.0,19494.0,224.4,113.6,0.0,False,0.882,0.456,114.0,True,False,False
KL_0029,Kannur,Iritty,Idavapara,12.186492,75.61881,rural,171,10.01,False,2023,6,2023-06-01,14427.19,14427.19,219.8,100.26,0.0,False,0.886,0.3375,84.37,False,True,False
KL_0029,Kannur,Iritty,Idavapara,12.186492,75.61881,rural,171,10.01,False,2023,7,2023-07-01,13710.84,13710.84,222.3,79.38,0.0,False,0.933,0.3207,80.18,False,True,False
KL_0029,Kannur,Iritty,Idavapara,12.186492,75.61881,rural,171,10.01,False,2023,8,2023-08-01,12904.62,12904.62,232.4,81.98,0.0,False,0.856,0.3019,75.47,False,True,False
KL_0029,Kannur,Iritty,Idavapara,12.186492,75.61881,rural,171,10.01,False,2023,9,2023-09-01,16067.25,16067.25,233.0,93.84,0.0,False,0.803,0.3758,93.96,False,True,False
KL_0029,Kannur,Iritty,Idavapara,12.186492,75.61881,rural,171,10.01,False,2023,10,2023-10-01,16002.28,16002.28,221.1,91.45,0.0,False,0.829,0.3743,93.58,False,False,False
KL_0029,Kannur,Iritty,Idavapara,12.186492,75.61881,rural,171,10.01,False,2023,11,2023-11-01,7597.42,7597.42,227.0,48.96,0.0,False,0.83,0.1777,44.43,False,False,False
KL_0029,Kannur,Iritty,Idavapara,12.186492,75.61881,rural,171,10.01,False,2023,12,2023-12-01,11603.67,11603.67,234.0,70.35,0.0,False,0.804,0.2714,67.86,False,False,True
KL_0029,Kannur,Iritty,Idavapara,12.186492,75.61881,rural,171,10.01,False,2024,1,2024-01-01,12581.48,12581.48,232.5,69.43,0.0,False,0.724,0.2943,73.58,False,False,True
KL_0029,Kannur,Iritty,Idavapara,12.186492,75.61881,rural,171,10.01,False,2024,2,2024-02-01,16216.39,16216.39,221.4,105.18,0.0,False,0.862,0.3793,94.83,False,False,True
KL_0029,Kannur,Iritty,Idavapara,12.186492,75.61881,rural,171,10.01,False,2024,3,2024-03-01,11310.48,11310.48,222.8,63.67,0.0,False,0.852,0.2646,66.14,True,False,False
KL_0029,Kannur,Iritty,Idavapara,12.186492,75.61881,rural,171,10.01,False,2024,4,2024-04-01,17341.71,17341.71,229.2,101.3,0.0,False,0.946,0.4057,101.41,True,False,False
KL_0029,Kannur,Iritty,Idavapara,12.186492,75.61881,rural,171,10.01,False,2024,5,2024-05-01,19959.79,19959.79,210.5,130.42,0.0,False,0.943,0.4669,116.72,True,False,False
KL_0029,Kannur,Iritty,Idavapara,12.186492,75.61881,rural,171,10.01,False,2024,6,2024-06-01,14111.02,14111.02,232.0,84.03,0.0,False,0.884,0.3301,82.52,False,True,False
KL_0029,Kannur,Iritty,Idavapara,12.186492,75.61881,rural,171,10.01,False,2024,7,2024-07-01,8712.04,8712.04,232.3,55.28,0.0,False,0.878,0.2038,50.95,False,True,False
KL_0029,Kannur,Iritty,Idavapara,12.186492,75.61881,rural,171,10.01,False,2024,8,2024-08-01,12364.47,12364.47,241.4,77.08,0.0,False,0.809,0.2892,72.31,False,True,False
KL_0029,Kannur,Iritty,Idavapara,12.186492,75.61881,rural,171,10.01,False,2024,9,2024-09-01,16041.5,16041.5,241.5,84.98,0.0,False,0.859,0.3752,93.81,False,True,False
KL_0029,Kannur,Iritty,Idavapara,12.186492,75.61881,rural,171,10.01,False,2024,10,2024-10-01,13105.52,13105.52,230.8,75.56,0.0,False,0.844,0.3066,76.64,False,False,False
KL_0029,Kannur,Iritty,Idavapara,12.186492,75.61881,rural,171,10.01,False,2024,11,2024-11-01,12920.43,12920.43,232.7,77.08,0.0,False,0.857,0.3022,75.56,False,False,False
KL_0029,Kannur,Iritty,Idavapara,12.186492,75.61881,rural,171,10.01,False,2024,12,2024-12-01,16221.74,16221.74,223.0,96.72,0.0,False,0.812,0.3795,94.86,False,False,True
KL_0030,Thiruvananthapuram,Nedumangad,Pettapuram,8.647027,77.128433,urban,189,0.74,False,2023,1,2023-01-01,30142.62,42861.88,219.8,307.62,42.2,True,0.871,0.9071,226.78,False,False,True
KL_0030,Thiruvananthapuram,Nedumangad,Pettapuram,8.647027,77.128433,urban,189,0.74,False,2023,2,2023-02-01,34669.46,42682.95,223.1,327.23,23.11,True,0.782,0.9033,225.84,False,False,True
KL_0030,Thiruvananthapuram,Nedumangad,Pettapuram,8.647027,77.128433,urban,189,0.74,False,2023,3,2023-03-01,34004.22,34004.22,234.4,192.78,0.0,False,1.002,0.7197,179.92,True,False,False
KL_0030,Thiruvananthapuram,Nedumangad,Pettapuram,8.647027,77.128433,urban,189,0.74,False,2023,4,2023-04-01,31171.04,39689.73,225.1,300.64,27.33,True,0.922,0.84,210.0,True,False,False
KL_0030,Thiruvananthapuram,Nedumangad,Pettapuram,8.647027,77.128433,urban,189,0.74,False,2023,5,2023-05-01,40246.74,40246.74,229.3,227.6,0.0,False,0.916,0.8518,212.95,True,False,False
KL_0030,Thiruvananthapuram,Nedumangad,Pettapuram,8.647027,77.128433,urban,189,0.74,False,2023,6,2023-06-01,46234.57,53875.24,213.6,398.53,16.53,True,0.786,1.1402,285.05,False,True,False
KL_0030,Thiruvananthapuram,Nedumangad,Pettapuram,8.647027,77.128433,urban,189,0.74,False,2023,7,2023-07-01,31478.48,39721.54,217.1,304.34,26.19,True,0.769,0.8407,210.17,False,True,False
KL_0030,Thiruvananthapuram,Nedumangad,Pettapuram,8.647027,77.128433,urban,189,0.74,False,2023,8,2023-08-01,31238.67,40731.78,214.9,319.14,30.39,True,0.864,0.862,215.51,False,True,False
KL_0030,Thiruvananthapuram,Nedumangad,Pettapuram,8.647027,77.128433,urban,189,0.74,False,2023,9,2023-09-01,39594.03,57060.82,199.5,500.76,44.11,True,0.835,1.2076,301.91,False,True,False
KL_0030,Thiruvananthapuram,Nedumangad,Pettapuram,8.647027,77.128433,urban,189,0.74,False,2023,10,2023-10-01,50262.66,68245.84,224.0,486.14,35.78,True,0.942,1.4444,361.09,False,False,False
KL_0030,Thiruvananthapuram,Nedumangad,Pettapuram,8.647027,77.128433,urban,189,0.74,False,2023,11,2023-11-01,37812.83,50871.37,209.7,434.46,34.53,True,0.881,1.0766,269.16,False,False,False
KL_0030,Thiruvananthapuram,Nedumangad,Pettapuram,8.647027,77.128433,urban,189,0.74,False,2023,12,2023-12-01,29430.36,29430.36,221.5,180.85,0.0,False,0.848,0.6229,155.72,False,False,True
KL_0030,Thiruvananthapuram,Nedumangad,Pettapuram,8.647027,77.128433,urban,189,0.74,False,2024,1,2024-01-01,27450.97,32821.81,225.5,250.91,19.57,True,0.924,0.6946,173.66,False,False,True
KL_0030,Thiruvananthapuram,Nedumangad,Pettapuram,8.647027,77.128433,urban,189,0.74,False,2024,2,2024-02-01,31829.28,44068.94,210.8,353.04,38.45,True,0.859,0.9327,233.17,False,False,True
KL_0030,Thiruvananthapuram,Nedumangad,Pettapuram,8.647027,77.128433,urban,189,0.74,False,2024,3,2024-03-01,33775.96,45444.24,214.8,375.82,34.55,True,0.861,0.9618,240.45,True,False,False
KL_0030,Thiruvananthapuram,Nedumangad,Pettapuram,8.647027,77.128433,urban,189,0.74,False,2024,4,2024-04-01,44920.98,61372.9,223.3,455.4,36.62,True,0.902,1.2989,324.72,True,False,False
KL_0030,Thiruvananthapuram,Nedumangad,Pettapuram,8.647027,77.128433,urban,189,0.74,False,2024,5,2024-05-01,45980.05,62037.31,221.2,445.21,34.92,True,0.816,1.313,328.24,True,False,False
KL_0030,Thiruvananthapuram,Nedumangad,Pettapuram,8.647027,77.128433,urban,189,0.74,False,2024,6,2024-06-01,48242.04,56438.41,208.5,457.96,16.99,True,0.901,1.1945,298.62,False,True,False
KL_0030,Thiruvananthapuram,Nedumangad,Pettapuram,8.647027,77.128433,urban,189,0.74,False,2024,7,2024-07-01,40643.28,40643.28,229.0,249.64,0.0,False,0.878,0.8602,215.04,False,True,False
KL_0030,Thiruvananthapuram,Nedumangad,Pettapuram,8.647027,77.128433,urban,189,0.74,False,2024,8,2024-08-01,38294.86,55150.44,207.3,416.98,44.02,True,0.804,1.1672,291.8,False,True,False
KL_0030,Thiruvananthapuram,Nedumangad,Pettapuram,8.647027,77.128433,urban,189,0.74,False,2024,9,2024-09-01,44645.26,52463.29,218.6,387.47,17.51,True,0.948,1.1103,277.58,False,True,False
KL_0030,Thiruvananthapuram,Nedumangad,Pettapuram,8.647027,77.128433,urban,189,0.74,False,2024,10,2024-10-01,51118.2,64561.77,216.1,500.18,26.3,True,0.827,1.3664,341.6,False,False,False
KL_0030,Thiruvananthapuram,Nedumangad,Pettapuram,8.647027,77.128433,urban,189,0.74,False,2024,11,2024-11-01,51730.23,73981.07,223.8,557.98,43.01,True,0.768,1.5657,391.43,False,False,False
KL_0030,Thiruvananthapuram,Nedumangad,Pettapuram,8.647027,77.128433,urban,189,0.74,False,2024,12,2024-12-01,35737.63,41977.97,232.1,324.09,17.46,True,0.811,0.8884,222.11,False,False,True
KL_0031,Kottayam,Pala,Padamnagar,9.572524,76.649341,rural,191,24.58,True,2023,1,2023-01-01,7293.46,7293.46,225.2,47.34,0.0,False,0.798,0.1527,38.19,False,False,True
KL_0031,Kottayam,Pala,Padamnagar,9.572524,76.649341,rural,191,24.58,True,2023,2,2023-02-01,15921.09,15921.09,226.2,104.11,0.0,False,0.86,0.3334,83.36,False,False,True
KL_0031,Kottayam,Pala,Padamnagar,9.572524,76.649341,rural,191,24.58,True,2023,3,2023-03-01,15765.41,15765.41,230.3,85.76,0.0,False,0.931,0.3302,82.54,True,False,False
KL_0031,Kottayam,Pala,Padamnagar,9.572524,76.649341,rural,191,24.58,True,2023,4,2023-04-01,22857.12,22857.12,217.6,140.41,0.0,False,0.862,0.4787,119.67,True,False,False
KL_0031,Kottayam,Pala,Padamnagar,9.572524,76.649341,rural,191,24.58,True,2023,5,2023-05-01,23740.6,23740.6,231.3,151.11,0.0,False,0.929,0.4972,124.3,True,False,False
KL_0031,Kottayam,Pala,Padamnagar,9.572524,76.649341,rural,191,24.58,True,2023,6,2023-06-01,18567.45,18567.45,233.8,110.87,0.0,False,0.903,0.3888,97.21,False,True,False
KL_0031,Kottayam,Pala,Padamnagar,9.572524,76.649341,rural,191,24.58,True,2023,7,2023-07-01,19625.3,19625.3,241.9,112.89,0.0,False,0.717,0.411,102.75,False,True,False
KL_0031,Kottayam,Pala,Padamnagar,9.572524,76.649341,rural,191,24.58,True,2023,8,2023-08-01,13831.37,13831.37,229.4,82.8,0.0,False,0.895,0.2897,72.42,False,True,False
KL_0031,Kottayam,Pala,Padamnagar,9.572524,76.649341,rural,191,24.58,True,2023,9,2023-09-01,20418.59,20418.59,227.5,132.04,0.0,False,0.821,0.4276,106.9,False,True,False
KL_0031,Kottayam,Pala,Padamnagar,9.572524,76.649341,rural,191,24.58,True,2023,10,2023-10-01,17731.31,17731.31,243.1,97.25,0.0,False,0.876,0.3713,92.83,False,False,False
KL_0031,Kottayam,Pala,Padamnagar,9.572524,76.649341,rural,191,24.58,True,2023,11,2023-11-01,11543.91,11543.91,220.8,78.2,0.0,False,0.847,0.2418,60.44,False,False,False
KL_0031,Kottayam,Pala,Padamnagar,9.572524,76.649341,rural,191,24.58,True,2023,12,2023-12-01,19593.76,19593.76,229.2,114.84,0.0,False,0.989,0.4103,102.59,False,False,True
KL_0031,Kottayam,Pala,Padamnagar,9.572524,76.649341,rural,191,24.58,True,2024,1,2024-01-01,10770.18,10770.18,239.2,58.54,0.0,False,0.872,0.2256,56.39,False,False,True
KL_0031,Kottayam,Pala,Padamnagar,9.572524,76.649341,rural,191,24.58,True,2024,2,2024-02-01,10765.66,10765.66,229.8,63.47,0.0,False,0.879,0.2255,56.36,False,False,True
KL_0031,Kottayam,Pala,Padamnagar,9.572524,76.649341,rural,191,24.58,True,2024,3,2024-03-01,18885.15,18885.15,213.2,135.31,0.0,False,0.904,0.3955,98.88,True,False,False
KL_0031,Kottayam,Pala,Padamnagar,9.572524,76.649341,rural,191,24.58,True,2024,4,2024-04-01,11457.73,11457.73,210.1,68.67,0.0,False,0.776,0.24,59.99,True,False,False
KL_0031,Kottayam,Pala,Padamnagar,9.572524,76.649341,rural,191,24.58,True,2024,5,2024-05-01,33499.65,33499.65,228.3,223.49,0.0,False,0.904,0.7016,175.39,True,False,False
KL_0031,Kottayam,Pala,Padamnagar,9.572524,76.649341,rural,191,24.58,True,2024,6,2024-06-01,22432.11,22432.11,237.9,127.21,0.0,False,0.839,0.4698,117.45,False,True,False
KL_0031,Kottayam,Pala,Padamnagar,9.572524,76.649341,rural,191,24.58,True,2024,7,2024-07-01,11488.93,11488.93,227.8,73.59,0.0,False,0.815,0.2406,60.15,False,True,False
KL_0031,Kottayam,Pala,Padamnagar,9.572524,76.649341,rural,191,24.58,True,2024,8,2024-08-01,18199.6,18199.6,233.0,106.43,0.0,False,0.891,0.3811,95.29,False,True,False
KL_0031,Kottayam,Pala,Padamnagar,9.572524,76.649341,rural,191,24.58,True,2024,9,2024-09-01,14485.8,14485.8,224.1,93.46,0.0,False,0.776,0.3034,75.84,False,True,False
KL_0031,Kottayam,Pala,Padamnagar,9.572524,76.649341,rural,191,24.58,True,2024,10,2024-10-01,13849.84,13849.84,221.7,87.17,0.0,False,0.897,0.29,72.51,False,False,False
KL_0031,Kottayam,Pala,Padamnagar,9.572524,76.649341,rural,191,24.58,True,2024,11,2024-11-01,16008.69,16008.69,226.4,93.87,0.0,False,0.842,0.3353,83.82,False,False,False
KL_0031,Kottayam,Pala,Padamnagar,9.572524,76.649341,rural,191,24.58,True,2024,12,2024-12-01,15983.82,15983.82,219.9,108.11,0.0,False,0.845,0.3347,83.68,False,False,True
KL_0032,Alappuzha,Haripad,Melapara,9.446361,76.625814,rural,71,8.11,False,2023,1,2023-01-01,3731.11,3731.11,239.0,19.63,0.0,False,0.738,0.2102,52.55,False,False,True
KL_0032,Alappuzha,Haripad,Melapara,9.446361,76.625814,rural,71,8.11,False,2023,2,2023-02-01,5020.39,5020.39,243.3,25.84,0.0,False,0.895,0.2828,70.71,False,False,True
KL_0032,Alappuzha,Haripad,Melapara,9.446361,76.625814,rural,71,8.11,False,2023,3,2023-03-01,5479.42,5479.42,231.8,30.79,0.0,False,0.862,0.3087,77.17,True,False,False
KL_0032,Alappuzha,Haripad,Melapara,9.446361,76.625814,rural,71,8.11,False,2023,4,2023-04-01,6863.98,6863.98,216.3,43.56,0.0,False,0.827,0.3867,96.68,True,False,False
KL_0032,Alappuzha,Haripad,Melapara,9.446361,76.625814,rural,71,8.11,False,2023,5,2023-05-01,8574.91,8574.91,230.8,50.23,0.0,False,0.804,0.4831,120.77,True,False,False
KL_0032,Alappuzha,Haripad,Melapara,9.446361,76.625814,rural,71,8.11,False,2023,6,2023-06-01,4566.31,4566.31,232.5,27.61,0.0,False,0.889,0.2573,64.31,False,True,False
KL_0032,Alappuzha,Haripad,Melapara,9.446361,76.625814,rural,71,8.11,False,2023,7,2023-07-01,3240.16,3240.16,233.1,17.68,0.0,False,0.867,0.1825,45.64,False,True,False
KL_0032,Alappuzha,Haripad,Melapara,9.446361,76.625814,rural,71,8.11,False,2023,8,2023-08-01,6251.44,6251.44,221.7,42.63,0.0,False,0.85,0.3522,88.05,False,True,False
KL_0032,Alappuzha,Haripad,Melapara,9.446361,76.625814,rural,71,8.11,False,2023,9,2023-09-01,5081.18,5081.18,234.8,28.2,0.0,False,0.801,0.2863,71.57,False,True,False
KL_0032,Alappuzha,Haripad,Melapara,9.446361,76.625814,rural,71,8.11,False,2023,10,2023-10-01,6330.79,6330.79,218.9,38.34,0.0,False,0.865,0.3567,89.17,False,False,False
KL_0032,Alappuzha,Haripad,Melapara,9.446361,76.625814,rural,71,8.11,False,2023,11,2023-11-01,5484.35,5484.35,235.2,31.52,0.0,False,0.862,0.309,77.24,False,False,False
KL_0032,Alappuzha,Haripad,Melapara,9.446361,76.625814,rural,71,8.11,False,2023,12,2023-12-01,5504.69,5504.69,233.3,34.5,0.0,False,0.916,0.3101,77.53,False,False,True
KL_0032,Alappuzha,Haripad,Melapara,9.446361,76.625814,rural,71,8.11,False,2024,1,2024-01-01,5570.64,5570.64,221.2,32.27,0.0,False,0.79,0.3138,78.46,False,False,True
KL_0032,Alappuzha,Haripad,Melapara,9.446361,76.625814,rural,71,8.11,False,2024,2,2024-02-01,4369.54,4369.54,233.3,27.01,0.0,False,0.814,0.2462,61.54,False,False,True
KL_0032,Alappuzha,Haripad,Melapara,9.446361,76.625814,rural,71,8.11,False,2024,3,2024-03-01,9072.46,9072.46,226.0,57.31,0.0,False,0.947,0.5111,127.78,True,False,False
KL_0032,Alappuzha,Haripad,Melapara,9.446361,76.625814,rural,71,8.11,False,2024,4,2024-04-01,8237.57,8237.57,232.6,52.08,0.0,False,0.86,0.4641,116.02,True,False,False
KL_0032,Alappuzha,Haripad,Melapara,9.446361,76.625814,rural,71,8.11,False,2024,5,2024-05-01,10473.82,10473.82,220.5,68.41,0.0,False,0.863,0.5901,147.52,True,False,False
KL_0032,Alappuzha,Haripad,Melapara,9.446361,76.625814,rural,71,8.11,False,2024,6,2024-06-01,5759.64,5759.64,219.0,35.22,0.0,False,0.898,0.3245,81.12,False,True,False
KL_0032,Alappuzha,Haripad,Melapara,9.446361,76.625814,rural,71,8.11,False,2024,7,2024-07-01,4883.27,4883.27,247.4,29.58,0.0,False,0.941,0.2751,68.78,False,True,False
KL_0032,Alappuzha,Haripad,Melapara,9.446361,76.625814,rural,71,8.11,False,2024,8,2024-08-01,3898.09,3898.09,229.2,25.08,0.0,False,0.792,0.2196,54.9,False,True,False
KL_0032,Alappuzha,Haripad,Melapara,9.446361,76.625814,rural,71,8.11,False,2024,9,2024-09-01,3588.86,3588.86,244.2,21.9,0.0,False,0.959,0.2022,50.55,False,True,False
KL_0032,Alappuzha,Haripad,Melapara,9.446361,76.625814,rural,71,8.11,False,2024,10,2024-10-01,7692.66,7692.66,214.9,46.9,0.0,False,0.848,0.4334,108.35,False,False,False
KL_0032,Alappuzha,Haripad,Melapara,9.446361,76.625814,rural,71,8.11,False,2024,11,2024-11-01,8112.11,8112.11,229.0,52.25,0.0,False,0.863,0.457,114.26,False,False,False
KL_0032,Alappuzha,Haripad,Melapara,9.446361,76.625814,rural,71,8.11,False,2024,12,2024-12-01,6271.72,6271.72,238.1,38.9,0.0,False,0.853,0.3533,88.33,False,False,True
KL_0033,Alappuzha,Kayamkulam,Kizhakpara,9.587063,76.502501,semi-urban,182,5.39,False,2023,1,2023-01-01,19131.12,19131.12,220.4,125.52,0.0,False,0.925,0.4205,105.12,False,False,True
KL_0033,Alappuzha,Kayamkulam,Kizhakpara,9.587063,76.502501,semi-urban,182,5.39,False,2023,2,2023-02-01,14418.41,14418.41,232.9,78.0,0.0,False,0.898,0.3169,79.22,False,False,True
KL_0033,Alappuzha,Kayamkulam,Kizhakpara,9.587063,76.502501,semi-urban,182,5.39,False,2023,3,2023-03-01,28315.55,28315.55,224.6,157.72,0.0,False,0.843,0.6223,155.58,True,False,False
KL_0033,Alappuzha,Kayamkulam,Kizhakpara,9.587063,76.502501,semi-urban,182,5.39,False,2023,4,2023-04-01,29184.31,29184.31,216.0,202.25,0.0,False,0.794,0.6414,160.35,True,False,False
KL_0033,Alappuzha,Kayamkulam,Kizhakpara,9.587063,76.502501,semi-urban,182,5.39,False,2023,5,2023-05-01,31242.92,31242.92,237.9,191.02,0.0,False,0.838,0.6867,171.66,True,False,False
KL_0033,Alappuzha,Kayamkulam,Kizhakpara,9.587063,76.502501,semi-urban,182,5.39,False,2023,6,2023-06-01,35114.41,35114.41,231.6,196.86,0.0,False,0.783,0.7717,192.94,False,True,False
KL_0033,Alappuzha,Kayamkulam,Kizhakpara,9.587063,76.502501,semi-urban,182,5.39,False,2023,7,2023-07-01,21778.98,21778.98,246.9,123.58,0.0,False,0.895,0.4787,119.66,False,True,False
KL_0033,Alappuzha,Kayamkulam,Kizhakpara,9.587063,76.502501,semi-urban,182,5.39,False,2023,8,2023-08-01,36926.82,36926.82,233.3,233.32,0.0,False,0.816,0.8116,202.89,False,True,False
KL_0033,Alappuzha,Kayamkulam,Kizhakpara,9.587063,76.502501,semi-urban,182,5.39,False,2023,9,2023-09-01,18857.71,18857.71,228.1,116.84,0.0,False,0.845,0.4145,103.61,False,True,False
KL_0033,Alappuzha,Kayamkulam,Kizhakpara,9.587063,76.502501,semi-urban,182,5.39,False,2023,10,2023-10-01,18654.38,18654.38,235.3,116.22,0.0,False,0.909,0.41,102.5,False,False,False
KL_0033,Alappuzha,Kayamkulam,Kizhakpara,9.587063,76.502501,semi-urban,182,5.39,False,2023,11,2023-11-01,31878.58,31878.58,227.4,185.35,0.0,False,0.89,0.7006,175.16,False,False,False
KL_0033,Alappuzha,Kayamkulam,Kizhakpara,9.587063,76.502501,semi-urban,182,5.39,False,2023,12,2023-12-01,22070.08,22070.08,218.9,141.0,0.0,False,0.869,0.4851,121.26,False,False,True
KL_0033,Alappuzha,Kayamkulam,Kizhakpara,9.587063,76.502501,semi-urban,182,5.39,False,2024,1,2024-01-01,22535.42,22535.42,223.5,144.68,0.0,False,0.81,0.4953,123.82,False,False,True
KL_0033,Alappuzha,Kayamkulam,Kizhakpara,9.587063,76.502501,semi-urban,182,5.39,False,2024,2,2024-02-01,32866.66,32866.66,223.7,216.67,0.0,False,0.874,0.7223,180.59,False,False,True
KL_0033,Alappuzha,Kayamkulam,Kizhakpara,9.587063,76.502501,semi-urban,182,5.39,False,2024,3,2024-03-01,31873.78,31873.78,225.2,210.46,0.0,False,0.81,0.7005,175.13,True,False,False
KL_0033,Alappuzha,Kayamkulam,Kizhakpara,9.587063,76.502501,semi-urban,182,5.39,False,2024,4,2024-04-01,21489.97,21489.97,226.7,136.13,0.0,False,0.875,0.4723,118.08,True,False,False
KL_0033,Alappuzha,Kayamkulam,Kizhakpara,9.587063,76.502501,semi-urban,182,5.39,False,2024,5,2024-05-01,19686.96,19686.96,233.2,113.31,0.0,False,0.785,0.4327,108.17,True,False,False
KL_0033,Alappuzha,Kayamkulam,Kizhakpara,9.587063,76.502501,semi-urban,182,5.39,False,2024,6,2024-06-01,36625.98,36625.98,228.3,217.76,0.0,False,0.91,0.805,201.24,False,True,False
KL_0033,Alappuzha,Kayamkulam,Kizhakpara,9.587063,76.502501,semi-urban,182,5.39,False,2024,7,2024-07-01,35571.86,35571.86,226.5,223.78,0.0,False,0.86,0.7818,195.45,False,True,False
KL_0033,Alappuzha,Kayamkulam,Kizhakpara,9.587063,76.502501,semi-urban,182,5.39,False,2024,8,2024-08-01,18423.06,18423.06,225.4,118.39,0.0,False,0.849,0.4049,101.23,False,True,False
KL_0033,Alappuzha,Kayamkulam,Kizhakpara,9.587063,76.502501,semi-urban,182,5.39,False,2024,9,2024-09-01,17343.2,17343.2,225.4,103.38,0.0,False,0.87,0.3812,95.29,False,True,False
KL_0033,Alappuzha,Kayamkulam,Kizhakpara,9.587063,76.502501,semi-urban,182,5.39,False,2024,10,2024-10-01,20250.31,20250.31,229.8,110.89,0.0,False,0.844,0.4451,111.27,False,False,False
KL_0033,Alappuzha,Kayamkulam,Kizhakpara,9.587063,76.502501,semi-urban,182,5.39,False,2024,11,2024-11-01,26278.53,26278.53,225.6,172.63,0.0,False,0.853,0.5776,144.39,False,False,False
KL_0033,Alappuzha,Kayamkulam,Kizhakpara,9.587063,76.502501,semi-urban,182,5.39,False,2024,12,2024-12-01,32877.95,32877.95,241.5,202.68,0.0,False,0.915,0.7226,180.65,False,False,True
KL_0034,Kottayam,Ettumanoor,Manjapuram,9.687014,76.788539,semi-urban,100,4.31,False,2023,1,2023-01-01,14209.14,14209.14,219.5,84.8,0.0,False,0.903,0.5684,142.09,False,False,True
KL_0034,Kottayam,Ettumanoor,Manjapuram,9.687014,76.788539,semi-urban,100,4.31,False,2023,2,2023-02-01,10899.48,10899.48,224.7,73.21,0.0,False,0.886,0.436,108.99,False,False,True
KL_0034,Kottayam,Ettumanoor,Manjapuram,9.687014,76.788539,semi-urban,100,4.31,False,2023,3,2023-03-01,17600.24,17600.24,226.6,110.87,0.0,False,0.863,0.704,176.0,True,False,False
KL_0034,Kottayam,Ettumanoor,Manjapuram,9.687014,76.788539,semi-urban,100,4.31,False,2023,4,2023-04-01,16324.36,16324.36,225.7,96.76,0.0,False,0.834,0.653,163.24,True,False,False
KL_0034,Kottayam,Ettumanoor,Manjapuram,9.687014,76.788539,semi-urban,100,4.31,False,2023,5,2023-05-01,26239.53,26239.53,225.4,147.02,0.0,False,0.904,1.0496,262.4,True,False,False
KL_0034,Kottayam,Ettumanoor,Manjapuram,9.687014,76.788539,semi-urban,100,4.31,False,2023,6,2023-06-01,18160.19,18160.19,217.2,121.98,0.0,False,0.804,0.7264,181.6,False,True,False
KL_0034,Kottayam,Ettumanoor,Manjapuram,9.687014,76.788539,semi-urban,100,4.31,False,2023,7,2023-07-01,9328.47,9328.47,213.4,66.25,0.0,False,0.939,0.3731,93.28,False,True,False
KL_0034,Kottayam,Ettumanoor,Manjapuram,9.687014,76.788539,semi-urban,100,4.31,False,2023,8,2023-08-01,14343.81,14343.81,225.9,94.25,0.0,False,0.886,0.5738,143.44,False,True,False
KL_0034,Kottayam,Ettumanoor,Manjapuram,9.687014,76.788539,semi-urban,100,4.31,False,2023,9,2023-09-01,9470.2,9470.2,220.6,58.6,0.0,False,0.909,0.3788,94.7,False,True,False
KL_0034,Kottayam,Ettumanoor,Manjapuram,9.687014,76.788539,semi-urban,100,4.31,False,2023,10,2023-10-01,21694.39,21694.39,225.4,125.48,0.0,False,0.873,0.8678,216.94,False,False,False
KL_0034,Kottayam,Ettumanoor,Manjapuram,9.687014,76.788539,semi-urban,100,4.31,False,2023,11,2023-11-01,13657.13,13657.13,229.0,82.34,0.0,False,0.844,0.5463,136.57,False,False,False
KL_0034,Kottayam,Ettumanoor,Manjapuram,9.687014,76.788539,semi-urban,100,4.31,False,2023,12,2023-12-01,12838.58,12838.58,239.3,72.22,0.0,False,0.897,0.5135,128.39,False,False,True
KL_0034,Kottayam,Ettumanoor,Manjapuram,9.687014,76.788539,semi-urban,100,4.31,False,2024,1,2024-01-01,12881.89,12881.89,222.4,78.48,0.0,False,0.78,0.5153,128.82,False,False,True
KL_0034,Kottayam,Ettumanoor,Manjapuram,9.687014,76.788539,semi-urban,100,4.31,False,2024,2,2024-02-01,9829.35,9829.35,218.7,62.49,0.0,False,0.821,0.3932,98.29,False,False,True
KL_0034,Kottayam,Ettumanoor,Manjapuram,9.687014,76.788539,semi-urban,100,4.31,False,2024,3,2024-03-01,15849.25,15849.25,223.3,104.84,0.0,False,0.84,0.634,158.49,True,False,False
KL_0034,Kottayam,Ettumanoor,Manjapuram,9.687014,76.788539,semi-urban,100,4.31,False,2024,4,2024-04-01,27038.55,27038.55,222.0,172.09,0.0,False,0.781,1.0815,270.39,True,False,False
KL_0034,Kottayam,Ettumanoor,Manjapuram,9.687014,76.788539,semi-urban,100,4.31,False,2024,5,2024-05-01,26567.59,26567.59,234.0,162.84,0.0,False,0.882,1.0627,265.68,True,False,False
KL_0034,Kottayam,Ettumanoor,Manjapuram,9.687014,76.788539,semi-urban,100,4.31,False,2024,6,2024-06-01,22288.0,22288.0,229.3,141.21,0.0,False,0.913,0.8915,222.88,False,True,False
KL_0034,Kottayam,Ettumanoor,Manjapuram,9.687014,76.788539,semi-urban,100,4.31,False,2024,7,2024-07-01,13137.52,13137.52,228.0,73.96,0.0,False,0.765,0.5255,131.38,False,True,False
KL_0034,Kottayam,Ettumanoor,Manjapuram,9.687014,76.788539,semi-urban,100,4.31,False,2024,8,2024-08-01,15482.61,15482.61,237.1,84.0,0.0,False,0.829,0.6193,154.83,False,True,False
KL_0034,Kottayam,Ettumanoor,Manjapuram,9.687014,76.788539,semi-urban,100,4.31,False,2024,9,2024-09-01,12745.97,12745.97,225.8,77.35,0.0,False,0.842,0.5098,127.46,False,True,False
KL_0034,Kottayam,Ettumanoor,Manjapuram,9.687014,76.788539,semi-urban,100,4.31,False,2024,10,2024-10-01,15638.67,15638.67,229.7,95.62,0.0,False,0.866,0.6255,156.39,False,False,False
KL_0034,Kottayam,Ettumanoor,Manjapuram,9.687014,76.788539,semi-urban,100,4.31,False,2024,11,2024-11-01,18201.63,18201.63,241.8,94.49,0.0,False,0.893,0.7281,182.02,False,False,False
KL_0034,Kottayam,Ettumanoor,Manjapuram,9.687014,76.788539,semi-urban,100,4.31,False,2024,12,2024-12-01,16380.31,16380.31,231.5,102.0,0.0,False,0.836,0.6552,163.8,False,False,True
KL_0035,Kozhikode,Kozhikode,Thoduthara,11.208467,75.768244,rural,189,9.73,True,2023,1,2023-01-01,7725.42,7725.42,228.1,50.97,0.0,False,0.897,0.1635,40.88,False,False,True
KL_0035,Kozhikode,Kozhikode,Thoduthara,11.208467,75.768244,rural,189,9.73,True,2023,2,2023-02-01,9391.48,9391.48,222.0,61.02,0.0,False,0.854,0.1988,49.69,False,False,True
KL_0035,Kozhikode,Kozhikode,Thoduthara,11.208467,75.768244,rural,189,9.73,True,2023,3,2023-03-01,20558.79,20558.79,218.2,130.39,0.0,False,0.82,0.4351,108.78,True,False,False
KL_0035,Kozhikode,Kozhikode,Thoduthara,11.208467,75.768244,rural,189,9.73,True,2023,4,2023-04-01,16796.53,16796.53,225.9,106.79,0.0,False,0.862,0.3555,88.87,True,False,False
KL_0035,Kozhikode,Kozhikode,Thoduthara,11.208467,75.768244,rural,189,9.73,True,2023,5,2023-05-01,20284.54,20284.54,233.2,111.77,0.0,False,0.787,0.4293,107.33,True,False,False
KL_0035,Kozhikode,Kozhikode,Thoduthara,11.208467,75.768244,rural,189,9.73,True,2023,6,2023-06-01,14524.49,14524.49,226.1,88.19,0.0,False,0.837,0.3074,76.85,False,True,False
KL_0035,Kozhikode,Kozhikode,Thoduthara,11.208467,75.768244,rural,189,9.73,True,2023,7,2023-07-01,22618.53,22618.53,232.3,134.22,0.0,False,0.841,0.4787,119.67,False,True,False
KL_0035,Kozhikode,Kozhikode,Thoduthara,11.208467,75.768244,rural,189,9.73,True,2023,8,2023-08-01,18149.8,18149.8,243.0,108.11,0.0,False,0.82,0.3841,96.03,False,True,False
KL_0035,Kozhikode,Kozhikode,Thoduthara,11.208467,75.768244,rural,189,9.73,True,2023,9,2023-09-01,8309.61,8309.61,213.3,56.81,0.0,False,0.977,0.1759,43.97,False,True,False
KL_0035,Kozhikode,Kozhikode,Thoduthara,11.208467,75.768244,rural,189,9.73,True,2023,10,2023-10-01,15712.3,15712.3,214.8,107.28,0.0,False,0.915,0.3325,83.13,False,False,False
KL_0035,Kozhikode,Kozhikode,Thoduthara,11.208467,75.768244,rural,189,9.73,True,2023,11,2023-11-01,12325.13,12325.13,233.6,74.81,0.0,False,0.86,0.2608,65.21,False,False,False
KL_0035,Kozhikode,Kozhikode,Thoduthara,11.208467,75.768244,rural,189,9.73,True,2023,12,2023-12-01,12742.99,12742.99,228.4,71.76,0.0,False,0.871,0.2697,67.42,False,False,True
KL_0035,Kozhikode,Kozhikode,Thoduthara,11.208467,75.768244,rural,189,9.73,True,2024,1,2024-01-01,12045.41,12045.41,224.6,69.78,0.0,False,0.876,0.2549,63.73,False,False,True
KL_0035,Kozhikode,Kozhikode,Thoduthara,11.208467,75.768244,rural,189,9.73,True,2024,2,2024-02-01,11688.26,11688.26,219.3,70.58,0.0,False,0.881,0.2474,61.84,False,False,True
KL_0035,Kozhikode,Kozhikode,Thoduthara,11.208467,75.768244,rural,189,9.73,True,2024,3,2024-03-01,10386.9,10386.9,250.0,62.46,0.0,False,0.928,0.2198,54.96,True,False,False
KL_0035,Kozhikode,Kozhikode,Thoduthara,11.208467,75.768244,rural,189,9.73,True,2024,4,2024-04-01,14701.97,14701.97,231.7,80.11,0.0,False,0.896,0.3112,77.79,True,False,False
KL_0035,Kozhikode,Kozhikode,Thoduthara,11.208467,75.768244,rural,189,9.73,True,2024,5,2024-05-01,8755.58,8755.58,225.5,53.21,0.0,False,0.751,0.1853,46.33,True,False,False
KL_0035,Kozhikode,Kozhikode,Thoduthara,11.208467,75.768244,rural,189,9.73,True,2024,6,2024-06-01,16901.87,16901.87,235.2,106.85,0.0,False,0.892,0.3577,89.43,False,True,False
KL_0035,Kozhikode,Kozhikode,Thoduthara,11.208467,75.768244,rural,189,9.73,True,2024,7,2024-07-01,14434.14,14434.14,226.4,80.46,0.0,False,0.808,0.3055,76.37,False,True,False
KL_0035,Kozhikode,Kozhikode,Thoduthara,11.208467,75.768244,rural,189,9.73,True,2024,8,2024-08-01,13042.19,13042.19,216.2,88.92,0.0,False,0.822,0.276,69.01,False,True,False
KL_0035,Kozhikode,Kozhikode,Thoduthara,11.208467,75.768244,rural,189,9.73,True,2024,9,2024-09-01,15107.62,15107.62,220.8,85.97,0.0,False,0.899,0.3197,79.93,False,True,False
KL_0035,Kozhikode,Kozhikode,Thoduthara,11.208467,75.768244,rural,189,9.73,True,2024,10,2024-10-01,23076.76,23076.76,226.9,143.23,0.0,False,0.757,0.4884,122.1,False,False,False
KL_0035,Kozhikode,Kozhikode,Thoduthara,11.208467,75.768244,rural,189,9.73,True,2024,11,2024-11-01,9738.14,9738.14,236.2,61.19,0.0,False,0.936,0.2061,51.52,False,False,False
KL_0035,Kozhikode,Kozhikode,Thoduthara,11.208467,75.768244,rural,189,9.73,True,2024,12,2024-12-01,12221.41,12221.41,226.3,69.87,0.0,False,0.891,0.2587,64.66,False,False,True
KL_0036,Pathanamthitta,Thiruvalla,Kizhakvayal,9.369611,76.852061,semi-urban,198,8.3,False,2023,1,2023-01-01,14281.98,14281.98,232.3,85.03,0.0,False,0.867,0.2885,72.13,False,False,True
KL_0036,Pathanamthitta,Thiruvalla,Kizhakvayal,9.369611,76.852061,semi-urban,198,8.3,False,2023,2,2023-02-01,21460.96,21460.96,218.4,141.08,0.0,False,0.892,0.4336,108.39,False,False,True
KL_0036,Pathanamthitta,Thiruvalla,Kizhakvayal,9.369611,76.852061,semi-urban,198,8.3,False,2023,3,2023-03-01,30713.0,30713.0,218.1,199.77,0.0,False,0.907,0.6205,155.12,True,False,False
KL_0036,Pathanamthitta,Thiruvalla,Kizhakvayal,9.369611,76.852061,semi-urban,198,8.3,False,2023,4,2023-04-01,29287.62,29287.62,230.0,162.64,0.0,False,0.861,0.5917,147.92,True,False,False
KL_0036,Pathanamthitta,Thiruvalla,Kizhakvayal,9.369611,76.852061,semi-urban,198,8.3,False,2023,5,2023-05-01,56500.77,56500.77,216.5,356.95,0.0,False,0.889,1.1414,285.36,True,False,False
KL_0036,Pathanamthitta,Thiruvalla,Kizhakvayal,9.369611,76.852061,semi-urban,198,8.3,False,2023,6,2023-06-01,39554.45,39554.45,232.3,220.47,0.0,False,0.801,0.7991,199.77,False,True,False
KL_0036,Pathanamthitta,Thiruvalla,Kizhakvayal,9.369611,76.852061,semi-urban,198,8.3,False,2023,7,2023-07-01,28240.15,28240.15,232.6,173.82,0.0,False,0.891,0.5705,142.63,False,True,False
KL_0036,Pathanamthitta,Thiruvalla,Kizhakvayal,9.369611,76.852061,semi-urban,198,8.3,False,2023,8,2023-08-01,23749.31,23749.31,231.7,131.15,0.0,False,0.88,0.4798,119.95,False,True,False
KL_0036,Pathanamthitta,Thiruvalla,Kizhakvayal,9.369611,76.852061,semi-urban,198,8.3,False,2023,9,2023-09-01,37473.49,37473.49,211.1,229.98,0.0,False,0.922,0.757,189.26,False,True,False
KL_0036,Pathanamthitta,Thiruvalla,Kizhakvayal,9.369611,76.852061,semi-urban,198,8.3,False,2023,10,2023-10-01,23837.29,23837.29,240.7,146.91,0.0,False,0.859,0.4816,120.39,False,False,False
KL_0036,Pathanamthitta,Thiruvalla,Kizhakvayal,9.369611,76.852061,semi-urban,198,8.3,False,2023,11,2023-11-01,32893.11,32893.11,223.2,213.79,0.0,False,0.865,0.6645,166.13,False,False,False
KL_0036,Pathanamthitta,Thiruvalla,Kizhakvayal,9.369611,76.852061,semi-urban,198,8.3,False,2023,12,2023-12-01,35752.61,35752.61,225.6,228.43,0.0,False,0.804,0.7223,180.57,False,False,True
KL_0036,Pathanamthitta,Thiruvalla,Kizhakvayal,9.369611,76.852061,semi-urban,198,8.3,False,2024,1,2024-01-01,14935.69,14935.69,219.4,94.78,0.0,False,0.85,0.3017,75.43,False,False,True
KL_0036,Pathanamthitta,Thiruvalla,Kizhakvayal,9.369611,76.852061,semi-urban,198,8.3,False,2024,2,2024-02-01,24142.6,24142.6,218.0,159.59,0.0,False,0.881,0.4877,121.93,False,False,True
KL_0036,Pathanamthitta,Thiruvalla,Kizhakvayal,9.369611,76.852061,semi-urban,198,8.3,False,2024,3,2024-03-01,32008.95,32008.95,225.6,184.74,0.0,False,0.885,0.6466,161.66,True,False,False
KL_0036,Pathanamthitta,Thiruvalla,Kizhakvayal,9.369611,76.852061,semi-urban,198,8.3,False,2024,4,2024-04-01,36804.9,36804.9,241.6,228.01,0.0,False,0.936,0.7435,185.88,True,False,False
KL_0036,Pathanamthitta,Thiruvalla,Kizhakvayal,9.369611,76.852061,semi-urban,198,8.3,False,2024,5,2024-05-01,43277.41,43277.41,222.0,271.84,0.0,False,0.873,0.8743,218.57,True,False,False
KL_0036,Pathanamthitta,Thiruvalla,Kizhakvayal,9.369611,76.852061,semi-urban,198,8.3,False,2024,6,2024-06-01,44115.14,44115.14,226.7,288.36,0.0,False,0.845,0.8912,222.8,False,True,False
KL_0036,Pathanamthitta,Thiruvalla,Kizhakvayal,9.369611,76.852061,semi-urban,198,8.3,False,2024,7,2024-07-01,25703.21,25703.21,218.6,156.5,0.0,False,0.878,0.5193,129.81,False,True,False
KL_0036,Pathanamthitta,Thiruvalla,Kizhakvayal,9.369611,76.852061,semi-urban,198,8.3,False,2024,8,2024-08-01,33789.0,33789.0,233.6,208.82,0.0,False,0.822,0.6826,170.65,False,True,False
KL_0036,Pathanamthitta,Thiruvalla,Kizhakvayal,9.369611,76.852061,semi-urban,198,8.3,False,2024,9,2024-09-01,19369.59,19369.59,228.2,118.94,0.0,False,0.916,0.3913,97.83,False,True,False
KL_0036,Pathanamthitta,Thiruvalla,Kizhakvayal,9.369611,76.852061,semi-urban,198,8.3,False,2024,10,2024-10-01,27285.55,27285.55,229.4,175.52,0.0,False,0.815,0.5512,137.81,False,False,False
KL_0036,Pathanamthitta,Thiruvalla,Kizhakvayal,9.369611,76.852061,semi-urban,198,8.3,False,2024,11,2024-11-01,32002.72,32002.72,222.3,214.66,0.0,False,0.83,0.6465,161.63,False,False,False
KL_0036,Pathanamthitta,Thiruvalla,Kizhakvayal,9.369611,76.852061,semi-urban,198,8.3,False,2024,12,2024-12-01,27686.5,27686.5,231.8,156.78,0.0,False,0.796,0.5593,139.83,False,False,True
KL_0037,Kozhikode,Koyilandy,Manjakavu,11.463472,75.68782,urban,175,4.69,False,2023,1,2023-01-01,23828.81,23828.81,215.4,149.6,0.0,False,0.854,0.5447,136.16,False,False,True
KL_0037,Kozhikode,Koyilandy,Manjakavu,11.463472,75.68782,urban,175,4.69,False,2023,2,2023-02-01,24758.06,24758.06,239.4,145.0,0.0,False,0.882,0.5659,141.47,False,False,True
KL_0037,Kozhikode,Koyilandy,Manjakavu,11.463472,75.68782,urban,175,4.69,False,2023,3,2023-03-01,34634.96,34634.96,218.1,233.31,0.0,False,0.933,0.7917,197.91,True,False,False
KL_0037,Kozhikode,Koyilandy,Manjakavu,11.463472,75.68782,urban,175,4.69,False,2023,4,2023-04-01,25583.15,25583.15,225.6,172.94,0.0,False,0.847,0.5848,146.19,True,False,False
KL_0037,Kozhikode,Koyilandy,Manjakavu,11.463472,75.68782,urban,175,4.69,False,2023,5,2023-05-01,52150.21,52150.21,233.2,320.65,0.0,False,0.839,1.192,298.0,True,False,False
KL_0037,Kozhikode,Koyilandy,Manjakavu,11.463472,75.68782,urban,175,4.69,False,2023,6,2023-06-01,25970.21,25970.21,226.4,169.24,0.0,False,0.717,0.5936,148.4,False,True,False
KL_0037,Kozhikode,Koyilandy,Manjakavu,11.463472,75.68782,urban,175,4.69,False,2023,7,2023-07-01,34949.21,34949.21,228.3,230.44,0.0,False,0.861,0.7988,199.71,False,True,False
KL_0037,Kozhikode,Koyilandy,Manjakavu,11.463472,75.68782,urban,175,4.69,False,2023,8,2023-08-01,23563.28,23563.28,222.0,137.65,0.0,False,0.851,0.5386,134.65,False,True,False
KL_0037,Kozhikode,Koyilandy,Manjakavu,11.463472,75.68782,urban,175,4.69,False,2023,9,2023-09-01,35388.61,35388.61,230.1,192.33,0.0,False,0.851,0.8089,202.22,False,True,False
KL_0037,Kozhikode,Koyilandy,Manjakavu,11.463472,75.68782,urban,175,4.69,False,2023,10,2023-10-01,30299.28,30299.28,242.0,159.1,0.0,False,0.925,0.6926,173.14,False,False,False
KL_0037,Kozhikode,Koyilandy,Manjakavu,11.463472,75.68782,urban,175,4.69,False,2023,11,2023-11-01,35425.83,35425.83,237.0,195.57,0.0,False,0.877,0.8097,202.43,False,False,False
KL_0037,Kozhikode,Koyilandy,Manjakavu,11.463472,75.68782,urban,175,4.69,False,2023,12,2023-12-01,36335.5,36335.5,215.5,242.12,0.0,False,0.829,0.8305,207.63,False,False,True
KL_0037,Kozhikode,Koyilandy,Manjakavu,11.463472,75.68782,urban,175,4.69,False,2024,1,2024-01-01,20743.72,20743.72,218.4,142.54,0.0,False,0.805,0.4741,118.54,False,False,True
KL_0037,Kozhikode,Koyilandy,Manjakavu,11.463472,75.68782,urban,175,4.69,False,2024,2,2024-02-01,17632.0,17632.0,229.7,105.27,0.0,False,0.792,0.403,100.75,False,False,True
KL_0037,Kozhikode,Koyilandy,Manjakavu,11.463472,75.68782,urban,175,4.69,False,2024,3,2024-03-01,36099.03,36099.03,222.9,242.47,0.0,False,0.828,0.8251,206.28,True,False,False
KL_0037,Kozhikode,Koyilandy,Manjakavu,11.463472,75.68782,urban,175,4.69,False,2024,4,2024-04-01,39356.85,39356.85,238.3,251.58,0.0,False,0.869,0.8996,224.9,True,False,False
KL_0037,Kozhikode,Koyilandy,Manjakavu,11.463472,75.68782,urban,175,4.69,False,2024,5,2024-05-01,48483.02,48483.02,209.5,318.14,0.0,False,0.745,1.1082,277.05,True,False,False
KL_0037,Kozhikode,Koyilandy,Manjakavu,11.463472,75.68782,urban,175,4.69,False,2024,6,2024-06-01,32450.36,32450.36,223.8,189.27,0.0,False,0.843,0.7417,185.43,False,True,False
KL_0037,Kozhikode,Koyilandy,Manjakavu,11.463472,75.68782,urban,175,4.69,False,2024,7,2024-07-01,40223.2,40223.2,236.6,235.05,0.0,False,0.89,0.9194,229.85,False,True,False
KL_0037,Kozhikode,Koyilandy,Manjakavu,11.463472,75.68782,urban,175,4.69,False,2024,8,2024-08-01,39899.53,39899.53,230.2,230.03,0.0,False,0.798,0.912,228.0,False,True,False
KL_0037,Kozhikode,Koyilandy,Manjakavu,11.463472,75.68782,urban,175,4.69,False,2024,9,2024-09-01,31304.63,31304.63,235.3,198.89,0.0,False,0.841,0.7155,178.88,False,True,False
KL_0037,Kozhikode,Koyilandy,Manjakavu,11.463472,75.68782,urban,175,4.69,False,2024,10,2024-10-01,53063.59,53063.59,225.5,297.61,0.0,False,0.8,1.2129,303.22,False,False,False
KL_0037,Kozhikode,Koyilandy,Manjakavu,11.463472,75.68782,urban,175,4.69,False,2024,11,2024-11-01,28708.9,28708.9,250.6,166.97,0.0,False,0.715,0.6562,164.05,False,False,False
KL_0037,Kozhikode,Koyilandy,Manjakavu,11.463472,75.68782,urban,175,4.69,False,2024,12,2024-12-01,29460.08,29460.08,238.1,178.0,0.0,False,0.81,0.6734,168.34,False,False,True
KL_0038,Thiruvananthapuram,Thiruvananthapuram,Thekkethara,8.443524,76.934046,rural,98,19.23,False,2023,1,2023-01-01,9776.87,9776.87,236.2,51.93,0.0,False,0.797,0.3991,99.76,False,False,True
KL_0038,Thiruvananthapuram,Thiruvananthapuram,Thekkethara,8.443524,76.934046,rural,98,19.23,False,2023,2,2023-02-01,6855.97,6855.97,217.8,40.61,0.0,False,0.889,0.2798,69.96,False,False,True
KL_0038,Thiruvananthapuram,Thiruvananthapuram,Thekkethara,8.443524,76.934046,rural,98,19.23,False,2023,3,2023-03-01,5954.72,5954.72,224.5,33.97,0.0,False,0.874,0.243,60.76,True,False,False
KL_0038,Thiruvananthapuram,Thiruvananthapuram,Thekkethara,8.443524,76.934046,rural,98,19.23,False,2023,4,2023-04-01,12166.72,12166.72,222.2,80.7,0.0,False,0.798,0.4966,124.15,True,False,False
KL_0038,Thiruvananthapuram,Thiruvananthapuram,Thekkethara,8.443524,76.934046,rural,98,19.23,False,2023,5,2023-05-01,5627.49,5627.49,239.1,33.21,0.0,False,0.915,0.2297,57.42,True,False,False
KL_0038,Thiruvananthapuram,Thiruvananthapuram,Thekkethara,8.443524,76.934046,rural,98,19.23,False,2023,6,2023-06-01,11483.89,11483.89,223.4,70.6,0.0,False,0.886,0.4687,117.18,False,True,False
KL_0038,Thiruvananthapuram,Thiruvananthapuram,Thekkethara,8.443524,76.934046,rural,98,19.23,False,2023,7,2023-07-01,11121.27,11121.27,238.0,70.88,0.0,False,0.837,0.4539,113.48,False,True,False
KL_0038,Thiruvananthapuram,Thiruvananthapuram,Thekkethara,8.443524,76.934046,rural,98,19.23,False,2023,8,2023-08-01,10892.43,10892.43,235.3,64.64,0.0,False,0.867,0.4446,111.15,False,True,False
KL_0038,Thiruvananthapuram,Thiruvananthapuram,Thekkethara,8.443524,76.934046,rural,98,19.23,False,2023,9,2023-09-01,9062.12,9062.12,242.6,49.79,0.0,False,0.803,0.3699,92.47,False,True,False
KL_0038,Thiruvananthapuram,Thiruvananthapuram,Thekkethara,8.443524,76.934046,rural,98,19.23,False,2023,10,2023-10-01,11467.01,11467.01,242.1,62.99,0.0,False,0.727,0.468,117.01,False,False,False
KL_0038,Thiruvananthapuram,Thiruvananthapuram,Thekkethara,8.443524,76.934046,rural,98,19.23,False,2023,11,2023-11-01,5298.99,5298.99,215.1,35.43,0.0,False,0.855,0.2163,54.07,False,False,False
KL_0038,Thiruvananthapuram,Thiruvananthapuram,Thekkethara,8.443524,76.934046,rural,98,19.23,False,2023,12,2023-12-01,4724.41,4724.41,227.6,26.79,0.0,False,0.782,0.1928,48.21,False,False,True
KL_0038,Thiruvananthapuram,Thiruvananthapuram,Thekkethara,8.443524,76.934046,rural,98,19.23,False,2024,1,2024-01-01,8455.96,8455.96,220.7,55.03,0.0,False,0.839,0.3451,86.29,False,False,True
KL_0038,Thiruvananthapuram,Thiruvananthapuram,Thekkethara,8.443524,76.934046,rural,98,19.23,False,2024,2,2024-02-01,4904.78,4904.78,226.7,30.74,0.0,False,0.871,0.2002,50.05,False,False,True
KL_0038,Thiruvananthapuram,Thiruvananthapuram,Thekkethara,8.443524,76.934046,rural,98,19.23,False,2024,3,2024-03-01,2510.94,2510.94,215.5,14.79,0.0,False,0.753,0.1025,25.62,True,False,False
KL_0038,Thiruvananthapuram,Thiruvananthapuram,Thekkethara,8.443524,76.934046,rural,98,19.23,False,2024,4,2024-04-01,11007.32,11007.32,235.3,70.54,0.0,False,0.86,0.4493,112.32,True,False,False
KL_0038,Thiruvananthapuram,Thiruvananthapuram,Thekkethara,8.443524,76.934046,rural,98,19.23,False,2024,5,2024-05-01,8895.75,8895.75,218.5,51.3,0.0,False,0.891,0.3631,90.77,True,False,False
KL_0038,Thiruvananthapuram,Thiruvananthapuram,Thekkethara,8.443524,76.934046,rural,98,19.23,False,2024,6,2024-06-01,14501.96,14501.96,233.7,90.14,0.0,False,0.746,0.5919,147.98,False,True,False
KL_0038,Thiruvananthapuram,Thiruvananthapuram,Thekkethara,8.443524,76.934046,rural,98,19.23,False,2024,7,2024-07-01,9471.88,9471.88,225.7,63.1,0.0,False,0.885,0.3866,96.65,False,True,False
KL_0038,Thiruvananthapuram,Thiruvananthapuram,Thekkethara,8.443524,76.934046,rural,98,19.23,False,2024,8,2024-08-01,8224.46,8224.46,218.8,52.95,0.0,False,0.945,0.3357,83.92,False,True,False
KL_0038,Thiruvananthapuram,Thiruvananthapuram,Thekkethara,8.443524,76.934046,rural,98,19.23,False,2024,9,2024-09-01,11433.84,11433.84,228.4,70.58,0.0,False,0.837,0.4667,116.67,False,True,False
KL_0038,Thiruvananthapuram,Thiruvananthapuram,Thekkethara,8.443524,76.934046,rural,98,19.23,False,2024,10,2024-10-01,4829.23,4829.23,214.9,31.84,0.0,False,0.887,0.1971,49.28,False,False,False
KL_0038,Thiruvananthapuram,Thiruvananthapuram,Thekkethara,8.443524,76.934046,rural,98,19.23,False,2024,11,2024-11-01,10863.12,10863.12,208.8,71.33,0.0,False,0.8,0.4434,110.85,False,False,False
KL_0038,Thiruvananthapuram,Thiruvananthapuram,Thekkethara,8.443524,76.934046,rural,98,19.23,False,2024,12,2024-12-01,5922.89,5922.89,223.7,37.24,0.0,False,0.896,0.2418,60.44,False,False,True
KL_0039,Kozhikode,Koyilandy,Muthakavu,11.377312,76.060861,rural,160,11.33,False,2023,1,2023-01-01,7775.86,7775.86,227.7,50.74,0.0,False,0.876,0.1944,48.6,False,False,True
KL_0039,Kozhikode,Koyilandy,Muthakavu,11.377312,76.060861,rural,160,11.33,False,2023,2,2023-02-01,11841.1,11841.1,221.3,70.88,0.0,False,0.861,0.296,74.01,False,False,True
KL_0039,Kozhikode,Koyilandy,Muthakavu,11.377312,76.060861,rural,160,11.33,False,2023,3,2023-03-01,10990.49,10990.49,228.0,60.9,0.0,False,0.858,0.2748,68.69,True,False,False
KL_0039,Kozhikode,Koyilandy,Muthakavu,11.377312,76.060861,rural,160,11.33,False,2023,4,2023-04-01,12522.24,12522.24,223.1,72.95,0.0,False,0.87,0.3131,78.26,True,False,False
KL_0039,Kozhikode,Koyilandy,Muthakavu,11.377312,76.060861,rural,160,11.33,False,2023,5,2023-05-01,18950.58,18950.58,236.1,117.46,0.0,False,0.847,0.4738,118.44,True,False,False
KL_0039,Kozhikode,Koyilandy,Muthakavu,11.377312,76.060861,rural,160,11.33,False,2023,6,2023-06-01,7519.92,7519.92,226.0,44.91,0.0,False,0.801,0.188,47.0,False,True,False
KL_0039,Kozhikode,Koyilandy,Muthakavu,11.377312,76.060861,rural,160,11.33,False,2023,7,2023-07-01,4151.45,4151.45,228.2,23.46,0.0,False,0.843,0.1038,25.95,False,True,False
KL_0039,Kozhikode,Koyilandy,Muthakavu,11.377312,76.060861,rural,160,11.33,False,2023,8,2023-08-01,18900.33,18900.33,224.1,119.58,0.0,False,0.848,0.4725,118.13,False,True,False
KL_0039,Kozhikode,Koyilandy,Muthakavu,11.377312,76.060861,rural,160,11.33,False,2023,9,2023-09-01,18747.14,18747.14,235.1,106.67,0.0,False,0.791,0.4687,117.17,False,True,False
KL_0039,Kozhikode,Koyilandy,Muthakavu,11.377312,76.060861,rural,160,11.33,False,2023,10,2023-10-01,13268.22,13268.22,221.9,81.72,0.0,False,0.844,0.3317,82.93,False,False,False
KL_0039,Kozhikode,Koyilandy,Muthakavu,11.377312,76.060861,rural,160,11.33,False,2023,11,2023-11-01,8787.64,8787.64,240.9,53.27,0.0,False,0.847,0.2197,54.92,False,False,False
KL_0039,Kozhikode,Koyilandy,Muthakavu,11.377312,76.060861,rural,160,11.33,False,2023,12,2023-12-01,16495.79,16495.79,219.0,103.32,0.0,False,0.824,0.4124,103.1,False,False,True
KL_0039,Kozhikode,Koyilandy,Muthakavu,11.377312,76.060861,rural,160,11.33,False,2024,1,2024-01-01,14773.8,14773.8,228.0,85.11,0.0,False,0.868,0.3693,92.34,False,False,True
KL_0039,Kozhikode,Koyilandy,Muthakavu,11.377312,76.060861,rural,160,11.33,False,2024,2,2024-02-01,8192.15,8192.15,222.5,55.33,0.0,False,0.879,0.2048,51.2,False,False,True
KL_0039,Kozhikode,Koyilandy,Muthakavu,11.377312,76.060861,rural,160,11.33,False,2024,3,2024-03-01,15275.88,15275.88,230.9,89.38,0.0,False,0.817,0.3819,95.47,True,False,False
KL_0039,Kozhikode,Koyilandy,Muthakavu,11.377312,76.060861,rural,160,11.33,False,2024,4,2024-04-01,12720.14,12720.14,227.2,79.88,0.0,False,0.857,0.318,79.5,True,False,False
KL_0039,Kozhikode,Koyilandy,Muthakavu,11.377312,76.060861,rural,160,11.33,False,2024,5,2024-05-01,20934.73,20934.73,239.3,131.08,0.0,False,0.895,0.5234,130.84,True,False,False
KL_0039,Kozhikode,Koyilandy,Muthakavu,11.377312,76.060861,rural,160,11.33,False,2024,6,2024-06-01,19286.43,19286.43,236.7,120.56,0.0,False,0.799,0.4822,120.54,False,True,False
KL_0039,Kozhikode,Koyilandy,Muthakavu,11.377312,76.060861,rural,160,11.33,False,2024,7,2024-07-01,13830.04,13830.04,232.9,76.01,0.0,False,0.767,0.3458,86.44,False,True,False
KL_0039,Kozhikode,Koyilandy,Muthakavu,11.377312,76.060861,rural,160,11.33,False,2024,8,2024-08-01,11464.41,11464.41,230.6,75.67,0.0,False,0.803,0.2866,71.65,False,True,False
KL_0039,Kozhikode,Koyilandy,Muthakavu,11.377312,76.060861,rural,160,11.33,False,2024,9,2024-09-01,10220.73,10220.73,228.1,57.73,0.0,False,0.876,0.2555,63.88,False,True,False
KL_0039,Kozhikode,Koyilandy,Muthakavu,11.377312,76.060861,rural,160,11.33,False,2024,10,2024-10-01,14500.98,14500.98,226.9,85.86,0.0,False,0.827,0.3625,90.63,False,False,False
KL_0039,Kozhikode,Koyilandy,Muthakavu,11.377312,76.060861,rural,160,11.33,False,2024,11,2024-11-01,12500.11,12500.11,240.6,67.4,0.0,False,0.788,0.3125,78.13,False,False,False
KL_0039,Kozhikode,Koyilandy,Muthakavu,11.377312,76.060861,rural,160,11.33,False,2024,12,2024-12-01,4805.49,4805.49,214.4,32.59,0.0,False,0.913,0.1201,30.03,False,False,True
KL_0040,Thiruvananthapuram,Thiruvananthapuram,Cherapara,8.622678,77.043286,rural,112,19.61,False,2023,1,2023-01-01,10452.62,10452.62,234.7,66.73,0.0,False,0.791,0.3733,93.33,False,False,True
KL_0040,Thiruvananthapuram,Thiruvananthapuram,Cherapara,8.622678,77.043286,rural,112,19.61,False,2023,2,2023-02-01,11349.57,11349.57,222.0,69.19,0.0,False,0.841,0.4053,101.34,False,False,True
KL_0040,Thiruvananthapuram,Thiruvananthapuram,Cherapara,8.622678,77.043286,rural,112,19.61,False,2023,3,2023-03-01,10770.17,10770.17,220.0,71.35,0.0,False,0.887,0.3846,96.16,True,False,False
KL_0040,Thiruvananthapuram,Thiruvananthapuram,Cherapara,8.622678,77.043286,rural,112,19.61,False,2023,4,2023-04-01,9726.83,9726.83,239.7,61.0,0.0,False,0.884,0.3474,86.85,True,False,False
KL_0040,Thiruvananthapuram,Thiruvananthapuram,Cherapara,8.622678,77.043286,rural,112,19.61,False,2023,5,2023-05-01,12051.63,12051.63,213.3,82.99,0.0,False,0.871,0.4304,107.6,True,False,False
KL_0040,Thiruvananthapuram,Thiruvananthapuram,Cherapara,8.622678,77.043286,rural,112,19.61,False,2023,6,2023-06-01,10039.47,10039.47,225.4,63.03,0.0,False,0.817,0.3586,89.64,False,True,False
KL_0040,Thiruvananthapuram,Thiruvananthapuram,Cherapara,8.622678,77.043286,rural,112,19.61,False,2023,7,2023-07-01,9545.86,9545.86,217.4,61.24,0.0,False,0.878,0.3409,85.23,False,True,False
KL_0040,Thiruvananthapuram,Thiruvananthapuram,Cherapara,8.622678,77.043286,rural,112,19.61,False,2023,8,2023-08-01,12048.12,12048.12,224.1,76.39,0.0,False,0.851,0.4303,107.57,False,True,False
KL_0040,Thiruvananthapuram,Thiruvananthapuram,Cherapara,8.622678,77.043286,rural,112,19.61,False,2023,9,2023-09-01,6710.24,6710.24,229.0,41.12,0.0,False,0.87,0.2397,59.91,False,True,False
KL_0040,Thiruvananthapuram,Thiruvananthapuram,Cherapara,8.622678,77.043286,rural,112,19.61,False,2023,10,2023-10-01,7903.38,7903.38,218.7,51.93,0.0,False,0.919,0.2823,70.57,False,False,False
KL_0040,Thiruvananthapuram,Thiruvananthapuram,Cherapara,8.622678,77.043286,rural,112,19.61,False,2023,11,2023-11-01,9763.22,9763.22,227.9,55.05,0.0,False,0.79,0.3487,87.17,False,False,False
KL_0040,Thiruvananthapuram,Thiruvananthapuram,Cherapara,8.622678,77.043286,rural,112,19.61,False,2023,12,2023-12-01,11123.8,11123.8,207.3,68.44,0.0,False,0.869,0.3973,99.32,False,False,True
KL_0040,Thiruvananthapuram,Thiruvananthapuram,Cherapara,8.622678,77.043286,rural,112,19.61,False,2024,1,2024-01-01,12114.72,12114.72,227.5,81.11,0.0,False,0.857,0.4327,108.17,False,False,True
KL_0040,Thiruvananthapuram,Thiruvananthapuram,Cherapara,8.622678,77.043286,rural,112,19.61,False,2024,2,2024-02-01,8243.33,8243.33,218.8,49.23,0.0,False,0.897,0.2944,73.6,False,False,True
KL_0040,Thiruvananthapuram,Thiruvananthapuram,Cherapara,8.622678,77.043286,rural,112,19.61,False,2024,3,2024-03-01,5438.89,5438.89,228.5,34.76,0.0,False,0.939,0.1942,48.56,True,False,False
KL_0040,Thiruvananthapuram,Thiruvananthapuram,Cherapara,8.622678,77.043286,rural,112,19.61,False,2024,4,2024-04-01,14863.16,14863.16,239.0,79.64,0.0,False,0.937,0.5308,132.71,True,False,False
KL_0040,Thiruvananthapuram,Thiruvananthapuram,Cherapara,8.622678,77.043286,rural,112,19.61,False,2024,5,2024-05-01,16723.02,16723.02,232.1,106.28,0.0,False,0.892,0.5973,149.31,True,False,False
KL_0040,Thiruvananthapuram,Thiruvananthapuram,Cherapara,8.622678,77.043286,rural,112,19.61,False,2024,6,2024-06-01,11788.12,11788.12,232.1,73.75,0.0,False,0.82,0.421,105.25,False,True,False
KL_0040,Thiruvananthapuram,Thiruvananthapuram,Cherapara,8.622678,77.043286,rural,112,19.61,False,2024,7,2024-07-01,7843.42,7843.42,230.4,49.76,0.0,False,0.829,0.2801,70.03,False,True,False
KL_0040,Thiruvananthapuram,Thiruvananthapuram,Cherapara,8.622678,77.043286,rural,112,19.61,False,2024,8,2024-08-01,9167.75,9167.75,221.7,62.12,0.0,False,0.886,0.3274,81.85,False,True,False
KL_0040,Thiruvananthapuram,Thiruvananthapuram,Cherapara,8.622678,77.043286,rural,112,19.61,False,2024,9,2024-09-01,12014.89,12014.89,226.1,67.01,0.0,False,0.786,0.4291,107.28,False,True,False
KL_0040,Thiruvananthapuram,Thiruvananthapuram,Cherapara,8.622678,77.043286,rural,112,19.61,False,2024,10,2024-10-01,12977.07,12977.07,231.1,85.73,0.0,False,0.838,0.4635,115.87,False,False,False
KL_0040,Thiruvananthapuram,Thiruvananthapuram,Cherapara,8.622678,77.043286,rural,112,19.61,False,2024,11,2024-11-01,8414.08,8414.08,221.3,47.9,0.0,False,0.813,0.3005,75.13,False,False,False
KL_0040,Thiruvananthapuram,Thiruvananthapuram,Cherapara,8.622678,77.043286,rural,112,19.61,False,2024,12,2024-12-01,11760.76,11760.76,240.5,72.21,0.0,False,0.791,0.42,105.01,False,False,True
KL_0041,Malappuram,Tirur,Thodukunnu,11.071066,75.908919,urban,114,3.84,False,2023,1,2023-01-01,16805.84,16805.84,233.7,107.36,0.0,False,0.862,0.5897,147.42,False,False,True
KL_0041,Malappuram,Tirur,Thodukunnu,11.071066,75.908919,urban,114,3.84,False,2023,2,2023-02-01,16871.32,16871.32,230.8,101.72,0.0,False,0.889,0.592,147.99,False,False,True
KL_0041,Malappuram,Tirur,Thodukunnu,11.071066,75.908919,urban,114,3.84,False,2023,3,2023-03-01,25925.49,25925.49,242.4,157.13,0.0,False,0.88,0.9097,227.42,True,False,False
KL_0041,Malappuram,Tirur,Thodukunnu,11.071066,75.908919,urban,114,3.84,False,2023,4,2023-04-01,21715.8,21715.8,222.7,135.66,0.0,False,0.856,0.762,190.49,True,False,False
KL_0041,Malappuram,Tirur,Thodukunnu,11.071066,75.908919,urban,114,3.84,False,2023,5,2023-05-01,27725.74,27725.74,222.0,186.16,0.0,False,0.832,0.9728,243.21,True,False,False
KL_0041,Malappuram,Tirur,Thodukunnu,11.071066,75.908919,urban,114,3.84,False,2023,6,2023-06-01,18951.33,18951.33,223.5,116.37,0.0,False,0.824,0.665,166.24,False,True,False
KL_0041,Malappuram,Tirur,Thodukunnu,11.071066,75.908919,urban,114,3.84,False,2023,7,2023-07-01,25940.8,25940.8,237.8,160.16,0.0,False,0.894,0.9102,227.55,False,True,False
KL_0041,Malappuram,Tirur,Thodukunnu,11.071066,75.908919,urban,114,3.84,False,2023,8,2023-08-01,6558.75,6558.75,223.3,41.23,0.0,False,0.824,0.2301,57.53,False,True,False
KL_0041,Malappuram,Tirur,Thodukunnu,11.071066,75.908919,urban,114,3.84,False,2023,9,2023-09-01,33645.77,33645.77,217.9,229.61,0.0,False,0.823,1.1806,295.14,False,True,False
KL_0041,Malappuram,Tirur,Thodukunnu,11.071066,75.908919,urban,114,3.84,False,2023,10,2023-10-01,17247.3,17247.3,214.1,104.25,0.0,False,0.871,0.6052,151.29,False,False,False
KL_0041,Malappuram,Tirur,Thodukunnu,11.071066,75.908919,urban,114,3.84,False,2023,11,2023-11-01,20916.52,20916.52,218.9,131.3,0.0,False,0.801,0.7339,183.48,False,False,False
KL_0041,Malappuram,Tirur,Thodukunnu,11.071066,75.908919,urban,114,3.84,False,2023,12,2023-12-01,11379.29,11379.29,218.9,70.58,0.0,False,0.854,0.3993,99.82,False,False,True
KL_0041,Malappuram,Tirur,Thodukunnu,11.071066,75.908919,urban,114,3.84,False,2024,1,2024-01-01,11230.96,11230.96,236.7,68.06,0.0,False,0.824,0.3941,98.52,False,False,True
KL_0041,Malappuram,Tirur,Thodukunnu,11.071066,75.908919,urban,114,3.84,False,2024,2,2024-02-01,20861.7,20861.7,228.9,116.18,0.0,False,0.816,0.732,183.0,False,False,True
KL_0041,Malappuram,Tirur,Thodukunnu,11.071066,75.908919,urban,114,3.84,False,2024,3,2024-03-01,24879.59,24879.59,234.6,157.84,0.0,False,0.838,0.873,218.24,True,False,False
KL_0041,Malappuram,Tirur,Thodukunnu,11.071066,75.908919,urban,114,3.84,False,2024,4,2024-04-01,26570.28,26570.28,232.6,149.4,0.0,False,0.888,0.9323,233.07,True,False,False
KL_0041,Malappuram,Tirur,Thodukunnu,11.071066,75.908919,urban,114,3.84,False,2024,5,2024-05-01,29228.31,29228.31,226.7,165.92,0.0,False,0.859,1.0256,256.39,True,False,False
KL_0041,Malappuram,Tirur,Thodukunnu,11.071066,75.908919,urban,114,3.84,False,2024,6,2024-06-01,24497.45,24497.45,215.1,142.72,0.0,False,0.865,0.8596,214.89,False,True,False
KL_0041,Malappuram,Tirur,Thodukunnu,11.071066,75.908919,urban,114,3.84,False,2024,7,2024-07-01,16364.9,16364.9,225.8,91.89,0.0,False,0.888,0.5742,143.55,False,True,False
KL_0041,Malappuram,Tirur,Thodukunnu,11.071066,75.908919,urban,114,3.84,False,2024,8,2024-08-01,19818.59,19818.59,223.6,115.88,0.0,False,0.881,0.6954,173.85,False,True,False
KL_0041,Malappuram,Tirur,Thodukunnu,11.071066,75.908919,urban,114,3.84,False,2024,9,2024-09-01,24123.0,24123.0,225.1,137.47,0.0,False,0.841,0.8464,211.61,False,True,False
KL_0041,Malappuram,Tirur,Thodukunnu,11.071066,75.908919,urban,114,3.84,False,2024,10,2024-10-01,24914.28,24914.28,228.3,140.72,0.0,False,0.878,0.8742,218.55,False,False,False
KL_0041,Malappuram,Tirur,Thodukunnu,11.071066,75.908919,urban,114,3.84,False,2024,11,2024-11-01,23661.03,23661.03,235.7,133.04,0.0,False,0.842,0.8302,207.55,False,False,False
KL_0041,Malappuram,Tirur,Thodukunnu,11.071066,75.908919,urban,114,3.84,False,2024,12,2024-12-01,10481.93,10481.93,225.3,61.81,0.0,False,0.872,0.3678,91.95,False,False,True
KL_0042,Kannur,Kannur,Nallamukku,12.065184,75.265171,urban,107,3.55,False,2023,1,2023-01-01,16303.31,16303.31,213.9,104.16,0.0,False,0.902,0.6095,152.37,False,False,True
KL_0042,Kannur,Kannur,Nallamukku,12.065184,75.265171,urban,107,3.55,False,2023,2,2023-02-01,18066.76,18066.76,229.4,100.34,0.0,False,0.876,0.6754,168.85,False,False,True
KL_0042,Kannur,Kannur,Nallamukku,12.065184,75.265171,urban,107,3.55,False,2023,3,2023-03-01,15161.45,15161.45,213.2,89.35,0.0,False,0.788,0.5668,141.7,True,False,False
KL_0042,Kannur,Kannur,Nallamukku,12.065184,75.265171,urban,107,3.55,False,2023,4,2023-04-01,28729.34,28729.34,231.7,182.07,0.0,False,0.825,1.074,268.5,True,False,False
KL_0042,Kannur,Kannur,Nallamukku,12.065184,75.265171,urban,107,3.55,False,2023,5,2023-05-01,27136.6,27136.6,229.2,152.88,0.0,False,0.882,1.0145,253.61,True,False,False
KL_0042,Kannur,Kannur,Nallamukku,12.065184,75.265171,urban,107,3.55,False,2023,6,2023-06-01,17460.5,17460.5,217.1,118.25,0.0,False,0.742,0.6527,163.18,False,True,False
KL_0042,Kannur,Kannur,Nallamukku,12.065184,75.265171,urban,107,3.55,False,2023,7,2023-07-01,28779.73,28779.73,225.3,181.78,0.0,False,0.866,1.0759,268.97,False,True,False
KL_0042,Kannur,Kannur,Nallamukku,12.065184,75.265171,urban,107,3.55,False,2023,8,2023-08-01,12955.61,12955.61,226.7,86.61,0.0,False,0.863,0.4843,121.08,False,True,False
KL_0042,Kannur,Kannur,Nallamukku,12.065184,75.265171,urban,107,3.55,False,2023,9,2023-09-01,20134.6,20134.6,230.5,117.3,0.0,False,0.986,0.7527,188.17,False,True,False
KL_0042,Kannur,Kannur,Nallamukku,12.065184,75.265171,urban,107,3.55,False,2023,10,2023-10-01,17757.28,17757.28,233.0,107.2,0.0,False,0.872,0.6638,165.96,False,False,False
KL_0042,Kannur,Kannur,Nallamukku,12.065184,75.265171,urban,107,3.55,False,2023,11,2023-11-01,24402.62,24402.62,224.3,156.68,0.0,False,0.845,0.9122,228.06,False,False,False
KL_0042,Kannur,Kannur,Nallamukku,12.065184,75.265171,urban,107,3.55,False,2023,12,2023-12-01,18381.61,18381.61,217.1,128.22,0.0,False,0.908,0.6872,171.79,False,False,True
KL_0042,Kannur,Kannur,Nallamukku,12.065184,75.265171,urban,107,3.55,False,2024,1,2024-01-01,16634.78,16634.78,217.7,102.52,0.0,False,0.833,0.6219,155.47,False,False,True
KL_0042,Kannur,Kannur,Nallamukku,12.065184,75.265171,urban,107,3.55,False,2024,2,2024-02-01,15516.48,15516.48,218.9,88.99,0.0,False,0.852,0.5801,145.01,False,False,True
KL_0042,Kannur,Kannur,Nallamukku,12.065184,75.265171,urban,107,3.55,False,2024,3,2024-03-01,23059.42,23059.42,229.9,129.4,0.0,False,0.854,0.862,215.51,True,False,False
KL_0042,Kannur,Kannur,Nallamukku,12.065184,75.265171,urban,107,3.55,False,2024,4,2024-04-01,15408.83,15408.83,214.2,104.97,0.0,False,0.88,0.576,144.01,True,False,False
KL_0042,Kannur,Kannur,Nallamukku,12.065184,75.265171,urban,107,3.55,False,2024,5,2024-05-01,36584.01,36584.01,225.8,209.47,0.0,False,0.804,1.3676,341.91,True,False,False
KL_0042,Kannur,Kannur,Nallamukku,12.065184,75.265171,urban,107,3.55,False,2024,6,2024-06-01,34584.47,34584.47,211.9,248.51,0.0,False,0.892,1.2929,323.22,False,True,False
KL_0042,Kannur,Kannur,Nallamukku,12.065184,75.265171,urban,107,3.55,False,2024,7,2024-07-01,17428.69,17428.69,231.1,114.95,0.0,False,0.824,0.6515,162.88,False,True,False
KL_0042,Kannur,Kannur,Nallamukku,12.065184,75.265171,urban,107,3.55,False,2024,8,2024-08-01,15503.34,15503.34,235.5,90.82,0.0,False,0.953,0.5796,144.89,False,True,False
KL_0042,Kannur,Kannur,Nallamukku,12.065184,75.265171,urban,107,3.55,False,2024,9,2024-09-01,22989.41,22989.41,228.8,152.06,0.0,False,0.774,0.8594,214.85,False,True,False
KL_0042,Kannur,Kannur,Nallamukku,12.065184,75.265171,urban,107,3.55,False,2024,10,2024-10-01,15131.98,15131.98,216.4,98.18,0.0,False,0.812,0.5657,141.42,False,False,False
KL_0042,Kannur,Kannur,Nallamukku,12.065184,75.265171,urban,107,3.55,False,2024,11,2024-11-01,21188.52,21188.52,235.6,131.62,0.0,False,0.749,0.7921,198.02,False,False,False
KL_0042,Kannur,Kannur,Nallamukku,12.065184,75.265171,urban,107,3.55,False,2024,12,2024-12-01,18459.47,18459.47,225.3,111.41,0.0,False,0.998,0.6901,172.52,False,False,True
KL_0043,Idukki,Adimali,Thekkevayal,10.177327,77.142362,urban,33,0.66,False,2023,1,2023-01-01,7202.56,7202.56,228.2,46.56,0.0,False,0.789,0.873,218.26,False,False,True
KL_0043,Idukki,Adimali,Thekkevayal,10.177327,77.142362,urban,33,0.66,False,2023,2,2023-02-01,5049.48,5049.48,227.1,31.09,0.0,False,0.888,0.6121,153.01,False,False,True
KL_0043,Idukki,Adimali,Thekkevayal,10.177327,77.142362,urban,33,0.66,False,2023,3,2023-03-01,3881.95,3881.95,233.5,21.19,0.0,False,0.886,0.4705,117.63,True,False,False
KL_0043,Idukki,Adimali,Thekkevayal,10.177327,77.142362,urban,33,0.66,False,2023,4,2023-04-01,10095.06,10095.06,214.4,65.64,0.0,False,0.805,1.2236,305.91,True,False,False
KL_0043,Idukki,Adimali,Thekkevayal,10.177327,77.142362,urban,33,0.66,False,2023,5,2023-05-01,6668.35,6668.35,253.6,38.92,0.0,False,0.889,0.8083,202.07,True,False,False
KL_0043,Idukki,Adimali,Thekkevayal,10.177327,77.142362,urban,33,0.66,False,2023,6,2023-06-01,7479.07,7479.07,214.1,44.33,0.0,False,0.797,0.9066,226.64,False,True,False
KL_0043,Idukki,Adimali,Thekkevayal,10.177327,77.142362,urban,33,0.66,False,2023,7,2023-07-01,7377.76,7377.76,222.9,49.14,0.0,False,0.809,0.8943,223.57,False,True,False
KL_0043,Idukki,Adimali,Thekkevayal,10.177327,77.142362,urban,33,0.66,False,2023,8,2023-08-01,5560.37,5560.37,239.5,30.44,0.0,False,0.772,0.674,168.5,False,True,False
KL_0043,Idukki,Adimali,Thekkevayal,10.177327,77.142362,urban,33,0.66,False,2023,9,2023-09-01,4877.14,4877.14,237.9,27.24,0.0,False,0.883,0.5912,147.79,False,True,False
KL_0043,Idukki,Adimali,Thekkevayal,10.177327,77.142362,urban,33,0.66,False,2023,10,2023-10-01,6144.15,6144.15,221.1,37.76,0.0,False,0.752,0.7447,186.19,False,False,False
KL_0043,Idukki,Adimali,Thekkevayal,10.177327,77.142362,urban,33,0.66,False,2023,11,2023-11-01,3695.89,3695.89,212.8,24.14,0.0,False,0.87,0.448,112.0,False,False,False
KL_0043,Idukki,Adimali,Thekkevayal,10.177327,77.142362,urban,33,0.66,False,2023,12,2023-12-01,5407.12,5407.12,228.2,31.13,0.0,False,0.844,0.6554,163.85,False,False,True
KL_0043,Idukki,Adimali,Thekkevayal,10.177327,77.142362,urban,33,0.66,False,2024,1,2024-01-01,5135.95,5135.95,228.0,33.79,0.0,False,0.937,0.6225,155.63,False,False,True
KL_0043,Idukki,Adimali,Thekkevayal,10.177327,77.142362,urban,33,0.66,False,2024,2,2024-02-01,5077.79,5077.79,225.4,29.76,0.0,False,0.852,0.6155,153.87,False,False,True
KL_0043,Idukki,Adimali,Thekkevayal,10.177327,77.142362,urban,33,0.66,False,2024,3,2024-03-01,6429.88,6429.88,233.3,36.22,0.0,False,0.892,0.7794,194.84,True,False,False
KL_0043,Idukki,Adimali,Thekkevayal,10.177327,77.142362,urban,33,0.66,False,2024,4,2024-04-01,9348.08,9348.08,217.1,59.74,0.0,False,0.876,1.1331,283.28,True,False,False
KL_0043,Idukki,Adimali,Thekkevayal,10.177327,77.142362,urban,33,0.66,False,2024,5,2024-05-01,8541.38,8541.38,225.1,54.99,0.0,False,0.845,1.0353,258.83,True,False,False
KL_0043,Idukki,Adimali,Thekkevayal,10.177327,77.142362,urban,33,0.66,False,2024,6,2024-06-01,6581.68,6581.68,218.4,44.06,0.0,False,0.906,0.7978,199.44,False,True,False
KL_0043,Idukki,Adimali,Thekkevayal,10.177327,77.142362,urban,33,0.66,False,2024,7,2024-07-01,6014.19,6014.19,230.2,33.55,0.0,False,0.869,0.729,182.25,False,True,False
KL_0043,Idukki,Adimali,Thekkevayal,10.177327,77.142362,urban,33,0.66,False,2024,8,2024-08-01,5379.54,5379.54,238.3,31.89,0.0,False,0.895,0.6521,163.02,False,True,False
KL_0043,Idukki,Adimali,Thekkevayal,10.177327,77.142362,urban,33,0.66,False,2024,9,2024-09-01,5726.54,5726.54,220.7,32.96,0.0,False,0.804,0.6941,173.53,False,True,False
KL_0043,Idukki,Adimali,Thekkevayal,10.177327,77.142362,urban,33,0.66,False,2024,10,2024-10-01,4577.55,4577.55,233.6,26.37,0.0,False,0.876,0.5549,138.71,False,False,False
KL_0043,Idukki,Adimali,Thekkevayal,10.177327,77.142362,urban,33,0.66,False,2024,11,2024-11-01,6777.42,6777.42,227.9,42.0,0.0,False,0.89,0.8215,205.38,False,False,False
KL_0043,Idukki,Adimali,Thekkevayal,10.177327,77.142362,urban,33,0.66,False,2024,12,2024-12-01,5966.74,5966.74,228.2,39.47,0.0,False,0.796,0.7232,180.81,False,False,True
KL_0044,Alappuzha,Cherthala,Muthakunnu,9.458883,76.437808,rural,51,15.51,False,2023,1,2023-01-01,2660.19,2660.19,232.9,16.21,0.0,False,0.846,0.2086,52.16,False,False,True
KL_0044,Alappuzha,Cherthala,Muthakunnu,9.458883,76.437808,rural,51,15.51,False,2023,2,2023-02-01,3901.02,3901.02,228.2,24.81,0.0,False,0.763,0.306,76.49,False,False,True
KL_0044,Alappuzha,Cherthala,Muthakunnu,9.458883,76.437808,rural,51,15.51,False,2023,3,2023-03-01,3676.61,3676.61,226.9,21.26,0.0,False,0.771,0.2884,72.09,True,False,False
KL_0044,Alappuzha,Cherthala,Muthakunnu,9.458883,76.437808,rural,51,15.51,False,2023,4,2023-04-01,3552.47,3552.47,230.3,23.2,0.0,False,0.847,0.2786,69.66,True,False,False
KL_0044,Alappuzha,Cherthala,Muthakunnu,9.458883,76.437808,rural,51,15.51,False,2023,5,2023-05-01,1968.03,1968.03,215.5,11.86,0.0,False,0.94,0.1544,38.59,True,False,False
KL_0044,Alappuzha,Cherthala,Muthakunnu,9.458883,76.437808,rural,51,15.51,False,2023,6,2023-06-01,3747.11,3747.11,254.5,20.56,0.0,False,0.944,0.2939,73.47,False,True,False
KL_0044,Alappuzha,Cherthala,Muthakunnu,9.458883,76.437808,rural,51,15.51,False,2023,7,2023-07-01,3234.35,3234.35,212.7,19.48,0.0,False,0.835,0.2537,63.42,False,True,False
KL_0044,Alappuzha,Cherthala,Muthakunnu,9.458883,76.437808,rural,51,15.51,False,2023,8,2023-08-01,3983.35,3983.35,231.0,25.08,0.0,False,0.802,0.3124,78.1,False,True,False
KL_0044,Alappuzha,Cherthala,Muthakunnu,9.458883,76.437808,rural,51,15.51,False,2023,9,2023-09-01,4199.21,4199.21,229.1,27.22,0.0,False,0.896,0.3293,82.34,False,True,False
KL_0044,Alappuzha,Cherthala,Muthakunnu,9.458883,76.437808,rural,51,15.51,False,2023,10,2023-10-01,3207.12,3207.12,219.3,18.88,0.0,False,0.75,0.2515,62.88,False,False,False
KL_0044,Alappuzha,Cherthala,Muthakunnu,9.458883,76.437808,rural,51,15.51,False,2023,11,2023-11-01,3212.81,3212.81,218.9,19.22,0.0,False,0.83,0.252,63.0,False,False,False
KL_0044,Alappuzha,Cherthala,Muthakunnu,9.458883,76.437808,rural,51,15.51,False,2023,12,2023-12-01,2084.43,2084.43,228.6,13.61,0.0,False,0.813,0.1635,40.87,False,False,True
KL_0044,Alappuzha,Cherthala,Muthakunnu,9.458883,76.437808,rural,51,15.51,False,2024,1,2024-01-01,3958.66,3958.66,214.6,26.33,0.0,False,0.846,0.3105,77.62,False,False,True
KL_0044,Alappuzha,Cherthala,Muthakunnu,9.458883,76.437808,rural,51,15.51,False,2024,2,2024-02-01,4274.35,4274.35,228.0,25.65,0.0,False,0.919,0.3352,83.81,False,False,True
KL_0044,Alappuzha,Cherthala,Muthakunnu,9.458883,76.437808,rural,51,15.51,False,2024,3,2024-03-01,6142.4,6142.4,235.2,37.67,0.0,False,0.721,0.4818,120.44,True,False,False
KL_0044,Alappuzha,Cherthala,Muthakunnu,9.458883,76.437808,rural,51,15.51,False,2024,4,2024-04-01,7348.95,7348.95,225.5,44.86,0.0,False,0.866,0.5764,144.1,True,False,False
KL_0044,Alappuzha,Cherthala,Muthakunnu,9.458883,76.437808,rural,51,15.51,False,2024,5,2024-05-01,3041.97,3041.97,231.9,18.07,0.0,False,0.867,0.2386,59.65,True,False,False
KL_0044,Alappuzha,Cherthala,Muthakunnu,9.458883,76.437808,rural,51,15.51,False,2024,6,2024-06-01,6168.95,6168.95,241.8,37.5,0.0,False,0.847,0.4838,120.96,False,True,False
KL_0044,Alappuzha,Cherthala,Muthakunnu,9.458883,76.437808,rural,51,15.51,False,2024,7,2024-07-01,5709.88,5709.88,219.9,36.3,0.0,False,0.865,0.4478,111.96,False,True,False
KL_0044,Alappuzha,Cherthala,Muthakunnu,9.458883,76.437808,rural,51,15.51,False,2024,8,2024-08-01,2818.37,2818.37,223.5,18.08,0.0,False,0.876,0.221,55.26,False,True,False
KL_0044,Alappuzha,Cherthala,Muthakunnu,9.458883,76.437808,rural,51,15.51,False,2024,9,2024-09-01,4993.92,4993.92,237.9,26.9,0.0,False,0.858,0.3917,97.92,False,True,False
KL_0044,Alappuzha,Cherthala,Muthakunnu,9.458883,76.437808,rural,51,15.51,False,2024,10,2024-10-01,3495.18,3495.18,234.4,19.16,0.0,False,0.748,0.2741,68.53,False,False,False
KL_0044,Alappuzha,Cherthala,Muthakunnu,9.458883,76.437808,rural,51,15.51,False,2024,11,2024-11-01,4700.69,4700.69,225.4,30.13,0.0,False,0.806,0.3687,92.17,False,False,False
KL_0044,Alappuzha,Cherthala,Muthakunnu,9.458883,76.437808,rural,51,15.51,False,2024,12,2024-12-01,3863.64,3863.64,214.6,25.1,0.0,False,0.93,0.303,75.76,False,False,True
KL_0045,Ernakulam,Aluva,Melapara,9.99106,76.824522,urban,62,2.96,False,2023,1,2023-01-01,12520.22,12520.22,224.7,73.05,0.0,False,0.792,0.8078,201.94,False,False,True
KL_0045,Ernakulam,Aluva,Melapara,9.99106,76.824522,urban,62,2.96,False,2023,2,2023-02-01,10810.07,10810.07,205.0,73.33,0.0,False,0.854,0.6974,174.36,False,False,True
KL_0045,Ernakulam,Aluva,Melapara,9.99106,76.824522,urban,62,2.96,False,2023,3,2023-03-01,12709.08,12709.08,209.7,88.95,0.0,False,0.814,0.8199,204.99,True,False,False
KL_0045,Ernakulam,Aluva,Melapara,9.99106,76.824522,urban,62,2.96,False,2023,4,2023-04-01,11893.47,11893.47,216.7,80.1,0.0,False,0.88,0.7673,191.83,True,False,False
KL_0045,Ernakulam,Aluva,Melapara,9.99106,76.824522,urban,62,2.96,False,2023,5,2023-05-01,15181.35,15181.35,228.8,90.92,0.0,False,0.84,0.9794,244.86,True,False,False
KL_0045,Ernakulam,Aluva,Melapara,9.99106,76.824522,urban,62,2.96,False,2023,6,2023-06-01,14697.74,14697.74,239.6,78.14,0.0,False,0.883,0.9482,237.06,False,True,False
KL_0045,Ernakulam,Aluva,Melapara,9.99106,76.824522,urban,62,2.96,False,2023,7,2023-07-01,14597.32,14597.32,233.6,80.47,0.0,False,0.869,0.9418,235.44,False,True,False
KL_0045,Ernakulam,Aluva,Melapara,9.99106,76.824522,urban,62,2.96,False,2023,8,2023-08-01,9867.52,9867.52,239.0,57.66,0.0,False,0.831,0.6366,159.15,False,True,False
KL_0045,Ernakulam,Aluva,Melapara,9.99106,76.824522,urban,62,2.96,False,2023,9,2023-09-01,10955.73,10955.73,217.9,75.95,0.0,False,0.739,0.7068,176.71,False,True,False
KL_0045,Ernakulam,Aluva,Melapara,9.99106,76.824522,urban,62,2.96,False,2023,10,2023-10-01,13118.07,13118.07,233.3,79.66,0.0,False,0.807,0.8463,211.58,False,False,False
KL_0045,Ernakulam,Aluva,Melapara,9.99106,76.824522,urban,62,2.96,False,2023,11,2023-11-01,14418.83,14418.83,217.9,96.98,0.0,False,0.79,0.9302,232.56,False,False,False
KL_0045,Ernakulam,Aluva,Melapara,9.99106,76.824522,urban,62,2.96,False,2023,12,2023-12-01,10822.52,10822.52,210.5,67.11,0.0,False,0.789,0.6982,174.56,False,False,True
KL_0045,Ernakulam,Aluva,Melapara,9.99106,76.824522,urban,62,2.96,False,2024,1,2024-01-01,8616.9,8616.9,238.7,49.23,0.0,False,0.875,0.5559,138.98,False,False,True
KL_0045,Ernakulam,Aluva,Melapara,9.99106,76.824522,urban,62,2.96,False,2024,2,2024-02-01,7881.11,7881.11,223.1,45.4,0.0,False,0.951,0.5085,127.11,False,False,True
KL_0045,Ernakulam,Aluva,Melapara,9.99106,76.824522,urban,62,2.96,False,2024,3,2024-03-01,9445.53,9445.53,243.1,56.87,0.0,False,0.727,0.6094,152.35,True,False,False
KL_0045,Ernakulam,Aluva,Melapara,9.99106,76.824522,urban,62,2.96,False,2024,4,2024-04-01,13946.5,13946.5,226.8,81.75,0.0,False,0.775,0.8998,224.94,True,False,False
KL_0045,Ernakulam,Aluva,Melapara,9.99106,76.824522,urban,62,2.96,False,2024,5,2024-05-01,11484.03,11484.03,226.6,71.27,0.0,False,0.862,0.7409,185.23,True,False,False
KL_0045,Ernakulam,Aluva,Melapara,9.99106,76.824522,urban,62,2.96,False,2024,6,2024-06-01,10797.26,10797.26,228.7,68.47,0.0,False,0.837,0.6966,174.15,False,True,False
KL_0045,Ernakulam,Aluva,Melapara,9.99106,76.824522,urban,62,2.96,False,2024,7,2024-07-01,11488.99,11488.99,232.5,74.57,0.0,False,0.873,0.7412,185.31,False,True,False
KL_0045,Ernakulam,Aluva,Melapara,9.99106,76.824522,urban,62,2.96,False,2024,8,2024-08-01,13663.73,13663.73,238.6,86.55,0.0,False,0.848,0.8815,220.38,False,True,False
KL_0045,Ernakulam,Aluva,Melapara,9.99106,76.824522,urban,62,2.96,False,2024,9,2024-09-01,14758.64,14758.64,223.2,84.37,0.0,False,0.916,0.9522,238.04,False,True,False
KL_0045,Ernakulam,Aluva,Melapara,9.99106,76.824522,urban,62,2.96,False,2024,10,2024-10-01,15306.96,15306.96,224.1,102.25,0.0,False,0.879,0.9875,246.89,False,False,False
KL_0045,Ernakulam,Aluva,Melapara,9.99106,76.824522,urban,62,2.96,False,2024,11,2024-11-01,9930.27,9930.27,226.5,63.74,0.0,False,0.894,0.6407,160.17,False,False,False
KL_0045,Ernakulam,Aluva,Melapara,9.99106,76.824522,urban,62,2.96,False,2024,12,2024-12-01,11521.5,11521.5,218.0,76.28,0.0,False,0.901,0.7433,185.83,False,False,True
KL_0046,Kasaragod,Kasaragod,Idavamukku,12.628359,75.216047,rural,160,13.96,False,2023,1,2023-01-01,9326.99,9326.99,231.7,60.11,0.0,False,0.79,0.2332,58.29,False,False,True
KL_0046,Kasaragod,Kasaragod,Idavamukku,12.628359,75.216047,rural,160,13.96,False,2023,2,2023-02-01,15540.47,15540.47,234.4,87.58,0.0,False,0.879,0.3885,97.13,False,False,True
KL_0046,Kasaragod,Kasaragod,Idavamukku,12.628359,75.216047,rural,160,13.96,False,2023,3,2023-03-01,12183.35,12183.35,227.4,75.4,0.0,False,0.882,0.3046,76.15,True,False,False
KL_0046,Kasaragod,Kasaragod,Idavamukku,12.628359,75.216047,rural,160,13.96,False,2023,4,2023-04-01,15998.26,15998.26,215.5,94.39,0.0,False,0.833,0.4,99.99,True,False,False
KL_0046,Kasaragod,Kasaragod,Idavamukku,12.628359,75.216047,rural,160,13.96,False,2023,5,2023-05-01,10977.25,10977.25,234.1,69.56,0.0,False,0.833,0.2744,68.61,True,False,False
KL_0046,Kasaragod,Kasaragod,Idavamukku,12.628359,75.216047,rural,160,13.96,False,2023,6,2023-06-01,21538.48,21538.48,229.5,129.52,0.0,False,0.834,0.5385,134.62,False,True,False
KL_0046,Kasaragod,Kasaragod,Idavamukku,12.628359,75.216047,rural,160,13.96,False,2023,7,2023-07-01,6316.77,6316.77,239.9,33.56,0.0,False,0.806,0.1579,39.48,False,True,False
KL_0046,Kasaragod,Kasaragod,Idavamukku,12.628359,75.216047,rural,160,13.96,False,2023,8,2023-08-01,10013.19,10013.19,238.8,55.54,0.0,False,0.781,0.2503,62.58,False,True,False
KL_0046,Kasaragod,Kasaragod,Idavamukku,12.628359,75.216047,rural,160,13.96,False,2023,9,2023-09-01,18256.69,18256.69,228.6,117.28,0.0,False,0.957,0.4564,114.1,False,True,False
KL_0046,Kasaragod,Kasaragod,Idavamukku,12.628359,75.216047,rural,160,13.96,False,2023,10,2023-10-01,13638.26,13638.26,223.0,84.29,0.0,False,0.904,0.341,85.24,False,False,False
KL_0046,Kasaragod,Kasaragod,Idavamukku,12.628359,75.216047,rural,160,13.96,False,2023,11,2023-11-01,11955.42,11955.42,239.0,69.91,0.0,False,0.851,0.2989,74.72,False,False,False
KL_0046,Kasaragod,Kasaragod,Idavamukku,12.628359,75.216047,rural,160,13.96,False,2023,12,2023-12-01,11436.7,11436.7,234.8,65.54,0.0,False,0.777,0.2859,71.48,False,False,True
KL_0046,Kasaragod,Kasaragod,Idavamukku,12.628359,75.216047,rural,160,13.96,False,2024,1,2024-01-01,13218.88,13218.88,224.7,87.9,0.0,False,0.877,0.3305,82.62,False,False,True
KL_0046,Kasaragod,Kasaragod,Idavamukku,12.628359,75.216047,rural,160,13.96,False,2024,2,2024-02-01,8105.26,8105.26,215.6,50.09,0.0,False,0.832,0.2026,50.66,False,False,True
KL_0046,Kasaragod,Kasaragod,Idavamukku,12.628359,75.216047,rural,160,13.96,False,2024,3,2024-03-01,14008.79,14008.79,226.0,79.44,0.0,False,0.842,0.3502,87.55,True,False,False
KL_0046,Kasaragod,Kasaragod,Idavamukku,12.628359,75.216047,rural,160,13.96,False,2024,4,2024-04-01,22684.37,22684.37,233.5,133.37,0.0,False,0.962,0.5671,141.78,True,False,False
KL_0046,Kasaragod,Kasaragod,Idavamukku,12.628359,75.216047,rural,160,13.96,False,2024,5,2024-05-01,22438.62,22438.62,231.0,122.94,0.0,False,0.945,0.561,140.24,True,False,False
KL_0046,Kasaragod,Kasaragod,Idavamukku,12.628359,75.216047,rural,160,13.96,False,2024,6,2024-06-01,13159.23,13159.23,227.1,73.58,0.0,False,0.732,0.329,82.25,False,True,False
KL_0046,Kasaragod,Kasaragod,Idavamukku,12.628359,75.216047,rural,160,13.96,False,2024,7,2024-07-01,18327.47,18327.47,225.3,113.88,0.0,False,0.868,0.4582,114.55,False,True,False
KL_0046,Kasaragod,Kasaragod,Idavamukku,12.628359,75.216047,rural,160,13.96,False,2024,8,2024-08-01,13374.41,13374.41,217.9,82.03,0.0,False,0.858,0.3344,83.59,False,True,False
KL_0046,Kasaragod,Kasaragod,Idavamukku,12.628359,75.216047,rural,160,13.96,False,2024,9,2024-09-01,12405.0,12405.0,222.9,70.47,0.0,False,0.868,0.3101,77.53,False,True,False
KL_0046,Kasaragod,Kasaragod,Idavamukku,12.628359,75.216047,rural,160,13.96,False,2024,10,2024-10-01,15719.22,15719.22,237.6,82.85,0.0,False,0.822,0.393,98.25,False,False,False
KL_0046,Kasaragod,Kasaragod,Idavamukku,12.628359,75.216047,rural,160,13.96,False,2024,11,2024-11-01,14296.55,14296.55,240.6,89.52,0.0,False,0.85,0.3574,89.35,False,False,False
KL_0046,Kasaragod,Kasaragod,Idavamukku,12.628359,75.216047,rural,160,13.96,False,2024,12,2024-12-01,16323.33,16323.33,228.1,98.54,0.0,False,0.795,0.4081,102.02,False,False,True
KL_0047,Idukki,Munnar,Kottamukku,9.780069,77.337083,rural,140,14.52,True,2023,1,2023-01-01,7421.29,7421.29,208.1,46.45,0.0,False,0.902,0.212,53.01,False,False,True
KL_0047,Idukki,Munnar,Kottamukku,9.780069,77.337083,rural,140,14.52,True,2023,2,2023-02-01,9473.57,9473.57,223.1,61.14,0.0,False,0.9,0.2707,67.67,False,False,True
KL_0047,Idukki,Munnar,Kottamukku,9.780069,77.337083,rural,140,14.52,True,2023,3,2023-03-01,15402.14,15402.14,234.3,94.78,0.0,False,0.932,0.4401,110.02,True,False,False
KL_0047,Idukki,Munnar,Kottamukku,9.780069,77.337083,rural,140,14.52,True,2023,4,2023-04-01,11786.48,11786.48,222.4,75.29,0.0,False,0.811,0.3368,84.19,True,False,False
KL_0047,Idukki,Munnar,Kottamukku,9.780069,77.337083,rural,140,14.52,True,2023,5,2023-05-01,14012.73,14012.73,226.8,85.22,0.0,False,0.863,0.4004,100.09,True,False,False
KL_0047,Idukki,Munnar,Kottamukku,9.780069,77.337083,rural,140,14.52,True,2023,6,2023-06-01,3539.79,3539.79,234.6,20.44,0.0,False,0.952,0.1011,25.28,False,True,False
KL_0047,Idukki,Munnar,Kottamukku,9.780069,77.337083,rural,140,14.52,True,2023,7,2023-07-01,7838.81,7838.81,234.6,46.71,0.0,False,0.816,0.224,55.99,False,True,False
KL_0047,Idukki,Munnar,Kottamukku,9.780069,77.337083,rural,140,14.52,True,2023,8,2023-08-01,11324.55,11324.55,234.5,67.47,0.0,False,0.8,0.3236,80.89,False,True,False
KL_0047,Idukki,Munnar,Kottamukku,9.780069,77.337083,rural,140,14.52,True,2023,9,2023-09-01,6112.34,6112.34,223.0,37.77,0.0,False,0.865,0.1746,43.66,False,True,False
KL_0047,Idukki,Munnar,Kottamukku,9.780069,77.337083,rural,140,14.52,True,2023,10,2023-10-01,16664.28,16664.28,215.0,97.62,0.0,False,0.908,0.4761,119.03,False,False,False
KL_0047,Idukki,Munnar,Kottamukku,9.780069,77.337083,rural,140,14.52,True,2023,11,2023-11-01,7478.35,7478.35,215.2,44.48,0.0,False,0.817,0.2137,53.42,False,False,False
KL_0047,Idukki,Munnar,Kottamukku,9.780069,77.337083,rural,140,14.52,True,2023,12,2023-12-01,13286.97,13286.97,243.1,69.94,0.0,False,0.947,0.3796,94.91,False,False,True
KL_0047,Idukki,Munnar,Kottamukku,9.780069,77.337083,rural,140,14.52,True,2024,1,2024-01-01,14497.13,14497.13,232.8,87.08,0.0,False,0.804,0.4142,103.55,False,False,True
KL_0047,Idukki,Munnar,Kottamukku,9.780069,77.337083,rural,140,14.52,True,2024,2,2024-02-01,5768.82,5768.82,234.3,33.53,0.0,False,0.883,0.1648,41.21,False,False,True
KL_0047,Idukki,Munnar,Kottamukku,9.780069,77.337083,rural,140,14.52,True,2024,3,2024-03-01,11364.93,11364.93,214.3,69.55,0.0,False,0.816,0.3247,81.18,True,False,False
KL_0047,Idukki,Munnar,Kottamukku,9.780069,77.337083,rural,140,14.52,True,2024,4,2024-04-01,14708.74,14708.74,221.8,92.27,0.0,False,0.827,0.4202,105.06,True,False,False
KL_0047,Idukki,Munnar,Kottamukku,9.780069,77.337083,rural,140,14.52,True,2024,5,2024-05-01,16119.32,16119.32,222.5,97.45,0.0,False,0.891,0.4606,115.14,True,False,False
KL_0047,Idukki,Munnar,Kottamukku,9.780069,77.337083,rural,140,14.52,True,2024,6,2024-06-01,11612.38,11612.38,232.9,65.17,0.0,False,0.84,0.3318,82.95,False,True,False
KL_0047,Idukki,Munnar,Kottamukku,9.780069,77.337083,rural,140,14.52,True,2024,7,2024-07-01,13136.38,13136.38,232.5,84.14,0.0,False,0.774,0.3753,93.83,False,True,False
KL_0047,Idukki,Munnar,Kottamukku,9.780069,77.337083,rural,140,14.52,True,2024,8,2024-08-01,11820.21,11820.21,226.5,70.89,0.0,False,0.81,0.3377,84.43,False,True,False
KL_0047,Idukki,Munnar,Kottamukku,9.780069,77.337083,rural,140,14.52,True,2024,9,2024-09-01,9738.96,9738.96,208.4,63.42,0.0,False,0.886,0.2783,69.56,False,True,False
KL_0047,Idukki,Munnar,Kottamukku,9.780069,77.337083,rural,140,14.52,True,2024,10,2024-10-01,13668.09,13668.09,217.9,94.74,0.0,False,0.87,0.3905,97.63,False,False,False
KL_0047,Idukki,Munnar,Kottamukku,9.780069,77.337083,rural,140,14.52,True,2024,11,2024-11-01,11748.44,11748.44,222.0,68.1,0.0,False,0.886,0.3357,83.92,False,False,False
KL_0047,Idukki,Munnar,Kottamukku,9.780069,77.337083,rural,140,14.52,True,2024,12,2024-12-01,16078.07,16078.07,235.2,90.91,0.0,False,0.82,0.4594,114.84,False,False,True
KL_0048,Kottayam,Kottayam,Melaveli,9.444186,76.547169,rural,131,23.44,False,2023,1,2023-01-01,12521.67,12521.67,213.8,82.99,0.0,False,0.797,0.3823,95.59,False,False,True
KL_0048,Kottayam,Kottayam,Melaveli,9.444186,76.547169,rural,131,23.44,False,2023,2,2023-02-01,14463.53,14463.53,215.3,96.09,0.0,False,0.809,0.4416,110.41,False,False,True
KL_0048,Kottayam,Kottayam,Melaveli,9.444186,76.547169,rural,131,23.44,False,2023,3,2023-03-01,5225.12,5225.12,218.3,32.09,0.0,False,0.812,0.1595,39.89,True,False,False
KL_0048,Kottayam,Kottayam,Melaveli,9.444186,76.547169,rural,131,23.44,False,2023,4,2023-04-01,11242.91,11242.91,228.6,61.62,0.0,False,0.848,0.3433,85.82,True,False,False
KL_0048,Kottayam,Kottayam,Melaveli,9.444186,76.547169,rural,131,23.44,False,2023,5,2023-05-01,12259.61,12259.61,232.4,79.12,0.0,False,0.791,0.3743,93.58,True,False,False
KL_0048,Kottayam,Kottayam,Melaveli,9.444186,76.547169,rural,131,23.44,False,2023,6,2023-06-01,8076.98,8076.98,224.3,51.74,0.0,False,0.903,0.2466,61.66,False,True,False
KL_0048,Kottayam,Kottayam,Melaveli,9.444186,76.547169,rural,131,23.44,False,2023,7,2023-07-01,9831.91,9831.91,232.5,60.46,0.0,False,0.876,0.3002,75.05,False,True,False
KL_0048,Kottayam,Kottayam,Melaveli,9.444186,76.547169,rural,131,23.44,False,2023,8,2023-08-01,7062.97,7062.97,221.7,45.39,0.0,False,0.807,0.2157,53.92,False,True,False
KL_0048,Kottayam,Kottayam,Melaveli,9.444186,76.547169,rural,131,23.44,False,2023,9,2023-09-01,8917.72,8917.72,223.8,53.53,0.0,False,0.84,0.2723,68.07,False,True,False
KL_0048,Kottayam,Kottayam,Melaveli,9.444186,76.547169,rural,131,23.44,False,2023,10,2023-10-01,18030.17,18030.17,223.7,107.79,0.0,False,0.806,0.5505,137.63,False,False,False
KL_0048,Kottayam,Kottayam,Melaveli,9.444186,76.547169,rural,131,23.44,False,2023,11,2023-11-01,10566.94,10566.94,240.2,64.37,0.0,False,0.843,0.3227,80.66,False,False,False
KL_0048,Kottayam,Kottayam,Melaveli,9.444186,76.547169,rural,131,23.44,False,2023,12,2023-12-01,6493.7,6493.7,226.2,41.24,0.0,False,0.808,0.1983,49.57,False,False,True
KL_0048,Kottayam,Kottayam,Melaveli,9.444186,76.547169,rural,131,23.44,False,2024,1,2024-01-01,10756.01,10756.01,239.6,63.29,0.0,False,0.957,0.3284,82.11,False,False,True
KL_0048,Kottayam,Kottayam,Melaveli,9.444186,76.547169,rural,131,23.44,False,2024,2,2024-02-01,11034.35,11034.35,239.0,58.28,0.0,False,0.77,0.3369,84.23,False,False,True
KL_0048,Kottayam,Kottayam,Melaveli,9.444186,76.547169,rural,131,23.44,False,2024,3,2024-03-01,7663.84,7663.84,222.6,49.55,0.0,False,0.787,0.234,58.5,True,False,False
KL_0048,Kottayam,Kottayam,Melaveli,9.444186,76.547169,rural,131,23.44,False,2024,4,2024-04-01,19066.8,19066.8,219.8,118.84,0.0,False,0.838,0.5822,145.55,True,False,False
KL_0048,Kottayam,Kottayam,Melaveli,9.444186,76.547169,rural,131,23.44,False,2024,5,2024-05-01,19329.44,19329.44,220.2,121.61,0.0,False,0.855,0.5902,147.55,True,False,False
KL_0048,Kottayam,Kottayam,Melaveli,9.444186,76.547169,rural,131,23.44,False,2024,6,2024-06-01,13682.25,13682.25,227.8,88.01,0.0,False,0.855,0.4178,104.44,False,True,False
KL_0048,Kottayam,Kottayam,Melaveli,9.444186,76.547169,rural,131,23.44,False,2024,7,2024-07-01,10064.53,10064.53,210.6,67.63,0.0,False,0.896,0.3073,76.83,False,True,False
KL_0048,Kottayam,Kottayam,Melaveli,9.444186,76.547169,rural,131,23.44,False,2024,8,2024-08-01,10176.88,10176.88,227.5,56.2,0.0,False,0.872,0.3107,77.69,False,True,False
KL_0048,Kottayam,Kottayam,Melaveli,9.444186,76.547169,rural,131,23.44,False,2024,9,2024-09-01,5387.5,5387.5,234.3,35.09,0.0,False,0.804,0.1645,41.13,False,True,False
KL_0048,Kottayam,Kottayam,Melaveli,9.444186,76.547169,rural,131,23.44,False,2024,10,2024-10-01,5300.24,5300.24,225.6,29.69,0.0,False,0.903,0.1618,40.46,False,False,False
KL_0048,Kottayam,Kottayam,Melaveli,9.444186,76.547169,rural,131,23.44,False,2024,11,2024-11-01,13742.93,13742.93,229.1,81.79,0.0,False,0.881,0.4196,104.91,False,False,False
KL_0048,Kottayam,Kottayam,Melaveli,9.444186,76.547169,rural,131,23.44,False,2024,12,2024-12-01,10869.46,10869.46,233.6,58.24,0.0,False,0.919,0.3319,82.97,False,False,True
KL_0049,Kasaragod,Manjeshwar,Padampuram,12.320424,75.32007,rural,154,16.48,False,2023,1,2023-01-01,10569.9,10569.9,216.8,72.45,0.0,False,0.853,0.2745,68.64,False,False,True
KL_0049,Kasaragod,Manjeshwar,Padampuram,12.320424,75.32007,rural,154,16.48,False,2023,2,2023-02-01,12676.55,12676.55,234.3,70.6,0.0,False,0.905,0.3293,82.32,False,False,True
KL_0049,Kasaragod,Manjeshwar,Padampuram,12.320424,75.32007,rural,154,16.48,False,2023,3,2023-03-01,13220.25,13220.25,216.8,77.22,0.0,False,0.714,0.3434,85.85,True,False,False
KL_0049,Kasaragod,Manjeshwar,Padampuram,12.320424,75.32007,rural,154,16.48,False,2023,4,2023-04-01,21622.89,21622.89,237.6,137.43,0.0,False,0.826,0.5616,140.41,True,False,False
KL_0049,Kasaragod,Manjeshwar,Padampuram,12.320424,75.32007,rural,154,16.48,False,2023,5,2023-05-01,16028.03,16028.03,226.1,102.75,0.0,False,0.804,0.4163,104.08,True,False,False
KL_0049,Kasaragod,Manjeshwar,Padampuram,12.320424,75.32007,rural,154,16.48,False,2023,6,2023-06-01,19200.49,19200.49,227.9,106.28,0.0,False,0.885,0.4987,124.68,False,True,False
KL_0049,Kasaragod,Manjeshwar,Padampuram,12.320424,75.32007,rural,154,16.48,False,2023,7,2023-07-01,13240.35,13240.35,217.2,90.52,0.0,False,0.813,0.3439,85.98,False,True,False
KL_0049,Kasaragod,Manjeshwar,Padampuram,12.320424,75.32007,rural,154,16.48,False,2023,8,2023-08-01,8931.62,8931.62,225.2,56.35,0.0,False,0.899,0.232,58.0,False,True,False
KL_0049,Kasaragod,Manjeshwar,Padampuram,12.320424,75.32007,rural,154,16.48,False,2023,9,2023-09-01,9124.76,9124.76,227.5,59.87,0.0,False,0.889,0.237,59.25,False,True,False
KL_0049,Kasaragod,Manjeshwar,Padampuram,12.320424,75.32007,rural,154,16.48,False,2023,10,2023-10-01,8237.69,8237.69,218.5,51.74,0.0,False,0.82,0.214,53.49,False,False,False
KL_0049,Kasaragod,Manjeshwar,Padampuram,12.320424,75.32007,rural,154,16.48,False,2023,11,2023-11-01,19596.78,19596.78,220.6,129.36,0.0,False,0.862,0.509,127.25,False,False,False
KL_0049,Kasaragod,Manjeshwar,Padampuram,12.320424,75.32007,rural,154,16.48,False,2023,12,2023-12-01,14955.39,14955.39,216.1,97.1,0.0,False,0.839,0.3885,97.11,False,False,True
KL_0049,Kasaragod,Manjeshwar,Padampuram,12.320424,75.32007,rural,154,16.48,False,2024,1,2024-01-01,21385.67,21385.67,225.2,120.46,0.0,False,0.856,0.5555,138.87,False,False,True
KL_0049,Kasaragod,Manjeshwar,Padampuram,12.320424,75.32007,rural,154,16.48,False,2024,2,2024-02-01,11958.75,11958.75,222.8,76.54,0.0,False,0.887,0.3106,77.65,False,False,True
KL_0049,Kasaragod,Manjeshwar,Padampuram,12.320424,75.32007,rural,154,16.48,False,2024,3,2024-03-01,17955.61,17955.61,226.4,106.3,0.0,False,0.834,0.4664,116.59,True,False,False
KL_0049,Kasaragod,Manjeshwar,Padampuram,12.320424,75.32007,rural,154,16.48,False,2024,4,2024-04-01,15035.46,15035.46,207.0,108.12,0.0,False,0.767,0.3905,97.63,True,False,False
KL_0049,Kasaragod,Manjeshwar,Padampuram,12.320424,75.32007,rural,154,16.48,False,2024,5,2024-05-01,9271.08,9271.08,220.2,58.2,0.0,False,0.88,0.2408,60.2,True,False,False
KL_0049,Kasaragod,Manjeshwar,Padampuram,12.320424,75.32007,rural,154,16.48,False,2024,6,2024-06-01,20617.42,20617.42,236.0,117.26,0.0,False,0.904,0.5355,133.88,False,True,False
KL_0049,Kasaragod,Manjeshwar,Padampuram,12.320424,75.32007,rural,154,16.48,False,2024,7,2024-07-01,10476.31,10476.31,217.7,72.32,0.0,False,0.765,0.2721,68.03,False,True,False
KL_0049,Kasaragod,Manjeshwar,Padampuram,12.320424,75.32007,rural,154,16.48,False,2024,8,2024-08-01,12425.03,12425.03,239.2,69.15,0.0,False,0.848,0.3227,80.68,False,True,False
KL_0049,Kasaragod,Manjeshwar,Padampuram,12.320424,75.32007,rural,154,16.48,False,2024,9,2024-09-01,9602.78,9602.78,217.5,58.03,0.0,False,0.803,0.2494,62.36,False,True,False
KL_0049,Kasaragod,Manjeshwar,Padampuram,12.320424,75.32007,rural,154,16.48,False,2024,10,2024-10-01,17342.61,17342.61,207.3,122.6,0.0,False,0.906,0.4505,112.61,False,False,False
KL_0049,Kasaragod,Manjeshwar,Padampuram,12.320424,75.32007,rural,154,16.48,False,2024,11,2024-11-01,5110.58,5110.58,233.4,31.52,0.0,False,0.909,0.1327,33.19,False,False,False
KL_0049,Kasaragod,Manjeshwar,Padampuram,12.320424,75.32007,rural,154,16.48,False,2024,12,2024-12-01,11649.92,11649.92,243.8,63.38,0.0,False,0.81,0.3026,75.65,False,False,True
KL_0050,Kottayam,Kottayam,Pallivayal,9.465382,76.637812,rural,16,16.77,False,2023,1,2023-01-01,1867.89,1867.89,230.7,11.06,0.0,False,0.784,0.467,116.74,False,False,True
KL_0050,Kottayam,Kottayam,Pallivayal,9.465382,76.637812,rural,16,16.77,False,2023,2,2023-02-01,898.58,898.58,228.8,5.81,0.0,False,0.862,0.2246,56.16,False,False,True
KL_0050,Kottayam,Kottayam,Pallivayal,9.465382,76.637812,rural,16,16.77,False,2023,3,2023-03-01,1681.22,1681.22,240.8,9.93,0.0,False,0.795,0.4203,105.08,True,False,False
KL_0050,Kottayam,Kottayam,Pallivayal,9.465382,76.637812,rural,16,16.77,False,2023,4,2023-04-01,1069.55,1069.55,209.8,6.74,0.0,False,0.893,0.2674,66.85,True,False,False
KL_0050,Kottayam,Kottayam,Pallivayal,9.465382,76.637812,rural,16,16.77,False,2023,5,2023-05-01,1306.52,1306.52,222.8,7.74,0.0,False,0.843,0.3266,81.66,True,False,False
KL_0050,Kottayam,Kottayam,Pallivayal,9.465382,76.637812,rural,16,16.77,False,2023,6,2023-06-01,1671.91,1671.91,230.0,11.09,0.0,False,0.93,0.418,104.49,False,True,False
KL_0050,Kottayam,Kottayam,Pallivayal,9.465382,76.637812,rural,16,16.77,False,2023,7,2023-07-01,1376.01,1376.01,222.1,8.86,0.0,False,0.932,0.344,86.0,False,True,False
KL_0050,Kottayam,Kottayam,Pallivayal,9.465382,76.637812,rural,16,16.77,False,2023,8,2023-08-01,1973.53,1973.53,222.3,12.64,0.0,False,0.928,0.4934,123.35,False,True,False
KL_0050,Kottayam,Kottayam,Pallivayal,9.465382,76.637812,rural,16,16.77,False,2023,9,2023-09-01,1515.98,1515.98,233.6,8.55,0.0,False,0.87,0.379,94.75,False,True,False
KL_0050,Kottayam,Kottayam,Pallivayal,9.465382,76.637812,rural,16,16.77,False,2023,10,2023-10-01,1305.52,1305.52,234.5,8.35,0.0,False,0.803,0.3264,81.6,False,False,False
KL_0050,Kottayam,Kottayam,Pallivayal,9.465382,76.637812,rural,16,16.77,False,2023,11,2023-11-01,1408.0,1408.0,252.4,7.17,0.0,False,0.776,0.352,88.0,False,False,False
KL_0050,Kottayam,Kottayam,Pallivayal,9.465382,76.637812,rural,16,16.77,False,2023,12,2023-12-01,586.6,586.6,221.7,3.69,0.0,False,0.88,0.1466,36.66,False,False,True
KL_0050,Kottayam,Kottayam,Pallivayal,9.465382,76.637812,rural,16,16.77,False,2024,1,2024-01-01,959.37,959.37,221.3,5.98,0.0,False,0.883,0.2398,59.96,False,False,True
KL_0050,Kottayam,Kottayam,Pallivayal,9.465382,76.637812,rural,16,16.77,False,2024,2,2024-02-01,695.53,695.53,251.1,3.59,0.0,False,0.863,0.1739,43.47,False,False,True
KL_0050,Kottayam,Kottayam,Pallivayal,9.465382,76.637812,rural,16,16.77,False,2024,3,2024-03-01,1544.28,1544.28,233.7,9.66,0.0,False,0.784,0.3861,96.52,True,False,False
KL_0050,Kottayam,Kottayam,Pallivayal,9.465382,76.637812,rural,16,16.77,False,2024,4,2024-04-01,1224.96,1224.96,225.9,7.02,0.0,False,0.81,0.3062,76.56,True,False,False
KL_0050,Kottayam,Kottayam,Pallivayal,9.465382,76.637812,rural,16,16.77,False,2024,5,2024-05-01,1938.99,1938.99,222.9,12.25,0.0,False,0.854,0.4847,121.19,True,False,False
KL_0050,Kottayam,Kottayam,Pallivayal,9.465382,76.637812,rural,16,16.77,False,2024,6,2024-06-01,1555.24,1555.24,229.7,9.74,0.0,False,0.819,0.3888,97.2,False,True,False
KL_0050,Kottayam,Kottayam,Pallivayal,9.465382,76.637812,rural,16,16.77,False,2024,7,2024-07-01,1885.57,1885.57,232.4,10.89,0.0,False,0.811,0.4714,117.85,False,True,False
KL_0050,Kottayam,Kottayam,Pallivayal,9.465382,76.637812,rural,16,16.77,False,2024,8,2024-08-01,1259.46,1259.46,235.9,7.91,0.0,False,0.802,0.3149,78.72,False,True,False
KL_0050,Kottayam,Kottayam,Pallivayal,9.465382,76.637812,rural,16,16.77,False,2024,9,2024-09-01,1374.28,1374.28,212.9,9.8,0.0,False,0.843,0.3436,85.89,False,True,False
KL_0050,Kottayam,Kottayam,Pallivayal,9.465382,76.637812,rural,16,16.77,False,2024,10,2024-10-01,1464.71,1464.71,233.0,9.49,0.0,False,0.84,0.3662,91.54,False,False,False
KL_0050,Kottayam,Kottayam,Pallivayal,9.465382,76.637812,rural,16,16.77,False,2024,11,2024-11-01,1258.37,1258.37,230.2,7.86,0.0,False,0.809,0.3146,78.65,False,False,False
KL_0050,Kottayam,Kottayam,Pallivayal,9.465382,76.637812,rural,16,16.77,False,2024,12,2024-12-01,1357.89,1357.89,221.7,8.31,0.0,False,0.851,0.3395,84.87,False,False,True
KL_0051,Idukki,Kumily,Manamoodu,9.812634,77.562373,rural,169,5.82,True,2023,1,2023-01-01,10323.66,10323.66,238.1,59.68,0.0,False,0.862,0.2443,61.09,False,False,True
KL_0051,Idukki,Kumily,Manamoodu,9.812634,77.562373,rural,169,5.82,True,2023,2,2023-02-01,16099.39,16099.39,234.4,96.87,0.0,False,0.868,0.3811,95.26,False,False,True
KL_0051,Idukki,Kumily,Manamoodu,9.812634,77.562373,rural,169,5.82,True,2023,3,2023-03-01,16724.03,16724.03,235.8,103.21,0.0,False,0.802,0.3958,98.96,True,False,False
KL_0051,Idukki,Kumily,Manamoodu,9.812634,77.562373,rural,169,5.82,True,2023,4,2023-04-01,14081.23,14081.23,219.2,81.11,0.0,False,0.835,0.3333,83.32,True,False,False
KL_0051,Idukki,Kumily,Manamoodu,9.812634,77.562373,rural,169,5.82,True,2023,5,2023-05-01,8930.11,8930.11,227.3,50.0,0.0,False,0.851,0.2114,52.84,True,False,False
KL_0051,Idukki,Kumily,Manamoodu,9.812634,77.562373,rural,169,5.82,True,2023,6,2023-06-01,13875.57,13875.57,237.9,88.68,0.0,False,0.856,0.3284,82.1,False,True,False
KL_0051,Idukki,Kumily,Manamoodu,9.812634,77.562373,rural,169,5.82,True,2023,7,2023-07-01,15059.87,15059.87,213.5,88.9,0.0,False,0.783,0.3564,89.11,False,True,False
KL_0051,Idukki,Kumily,Manamoodu,9.812634,77.562373,rural,169,5.82,True,2023,8,2023-08-01,11141.26,11141.26,231.5,63.2,0.0,False,0.833,0.2637,65.92,False,True,False
KL_0051,Idukki,Kumily,Manamoodu,9.812634,77.562373,rural,169,5.82,True,2023,9,2023-09-01,13043.38,13043.38,232.6,77.44,0.0,False,0.88,0.3087,77.18,False,True,False
KL_0051,Idukki,Kumily,Manamoodu,9.812634,77.562373,rural,169,5.82,True,2023,10,2023-10-01,18221.21,18221.21,236.5,109.13,0.0,False,0.82,0.4313,107.82,False,False,False
KL_0051,Idukki,Kumily,Manamoodu,9.812634,77.562373,rural,169,5.82,True,2023,11,2023-11-01,7561.07,7561.07,226.5,42.89,0.0,False,0.868,0.179,44.74,False,False,False
KL_0051,Idukki,Kumily,Manamoodu,9.812634,77.562373,rural,169,5.82,True,2023,12,2023-12-01,13670.62,13670.62,227.8,75.9,0.0,False,0.851,0.3236,80.89,False,False,True
KL_0051,Idukki,Kumily,Manamoodu,9.812634,77.562373,rural,169,5.82,True,2024,1,2024-01-01,14431.97,14431.97,235.8,90.55,0.0,False,0.827,0.3416,85.4,False,False,True
KL_0051,Idukki,Kumily,Manamoodu,9.812634,77.562373,rural,169,5.82,True,2024,2,2024-02-01,11027.96,11027.96,235.4,64.69,0.0,False,0.913,0.261,65.25,False,False,True
KL_0051,Idukki,Kumily,Manamoodu,9.812634,77.562373,rural,169,5.82,True,2024,3,2024-03-01,9228.13,9228.13,224.8,58.25,0.0,False,0.835,0.2184,54.6,True,False,False
KL_0051,Idukki,Kumily,Manamoodu,9.812634,77.562373,rural,169,5.82,True,2024,4,2024-04-01,25002.19,25002.19,218.3,148.77,0.0,False,0.839,0.5918,147.94,True,False,False
KL_0051,Idukki,Kumily,Manamoodu,9.812634,77.562373,rural,169,5.82,True,2024,5,2024-05-01,19142.85,19142.85,221.3,111.93,0.0,False,0.826,0.4531,113.27,True,False,False
KL_0051,Idukki,Kumily,Manamoodu,9.812634,77.562373,rural,169,5.82,True,2024,6,2024-06-01,19234.87,19234.87,209.8,122.04,0.0,False,0.924,0.4553,113.82,False,True,False
KL_0051,Idukki,Kumily,Manamoodu,9.812634,77.562373,rural,169,5.82,True,2024,7,2024-07-01,17902.26,17902.26,241.5,113.23,0.0,False,0.92,0.4237,105.93,False,True,False
KL_0051,Idukki,Kumily,Manamoodu,9.812634,77.562373,rural,169,5.82,True,2024,8,2024-08-01,16404.35,16404.35,216.1,114.52,0.0,False,0.907,0.3883,97.07,False,True,False
KL_0051,Idukki,Kumily,Manamoodu,9.812634,77.562373,rural,169,5.82,True,2024,9,2024-09-01,7230.64,7230.64,223.7,48.89,0.0,False,0.893,0.1711,42.78,False,True,False
KL_0051,Idukki,Kumily,Manamoodu,9.812634,77.562373,rural,169,5.82,True,2024,10,2024-10-01,7806.94,7806.94,230.5,43.69,0.0,False,0.806,0.1848,46.19,False,False,False
KL_0051,Idukki,Kumily,Manamoodu,9.812634,77.562373,rural,169,5.82,True,2024,11,2024-11-01,8409.22,8409.22,202.8,57.81,0.0,False,0.828,0.199,49.76,False,False,False
KL_0051,Idukki,Kumily,Manamoodu,9.812634,77.562373,rural,169,5.82,True,2024,12,2024-12-01,14868.94,14868.94,227.3,94.16,0.0,False,0.811,0.3519,87.98,False,False,True
KL_0052,Wayanad,Vythiri,Kallamoodu,11.656257,75.922535,urban,132,0.73,False,2023,1,2023-01-01,27509.25,27509.25,215.9,161.06,0.0,False,0.902,0.8336,208.4,False,False,True
KL_0052,Wayanad,Vythiri,Kallamoodu,11.656257,75.922535,urban,132,0.73,False,2023,2,2023-02-01,15091.06,15091.06,217.9,89.24,0.0,False,0.967,0.4573,114.33,False,False,True
KL_0052,Wayanad,Vythiri,Kallamoodu,11.656257,75.922535,urban,132,0.73,False,2023,3,2023-03-01,36785.68,36785.68,227.3,203.97,0.0,False,0.884,1.1147,278.68,True,False,False
KL_0052,Wayanad,Vythiri,Kallamoodu,11.656257,75.922535,urban,132,0.73,False,2023,4,2023-04-01,19264.23,19264.23,212.9,119.97,0.0,False,0.934,0.5838,145.94,True,False,False
KL_0052,Wayanad,Vythiri,Kallamoodu,11.656257,75.922535,urban,132,0.73,False,2023,5,2023-05-01,28277.94,28277.94,212.5,189.25,0.0,False,0.873,0.8569,214.23,True,False,False
KL_0052,Wayanad,Vythiri,Kallamoodu,11.656257,75.922535,urban,132,0.73,False,2023,6,2023-06-01,31398.92,31398.92,247.8,173.61,0.0,False,0.866,0.9515,237.87,False,True,False
KL_0052,Wayanad,Vythiri,Kallamoodu,11.656257,75.922535,urban,132,0.73,False,2023,7,2023-07-01,21979.53,21979.53,222.3,144.15,0.0,False,0.821,0.666,166.51,False,True,False
KL_0052,Wayanad,Vythiri,Kallamoodu,11.656257,75.922535,urban,132,0.73,False,2023,8,2023-08-01,12241.27,12241.27,222.3,76.15,0.0,False,0.881,0.3709,92.74,False,True,False
KL_0052,Wayanad,Vythiri,Kallamoodu,11.656257,75.922535,urban,132,0.73,False,2023,9,2023-09-01,31705.89,31705.89,232.5,206.56,0.0,False,0.896,0.9608,240.2,False,True,False
KL_0052,Wayanad,Vythiri,Kallamoodu,11.656257,75.922535,urban,132,0.73,False,2023,10,2023-10-01,25118.51,25118.51,219.3,161.74,0.0,False,0.903,0.7612,190.29,False,False,False
KL_0052,Wayanad,Vythiri,Kallamoodu,11.656257,75.922535,urban,132,0.73,False,2023,11,2023-11-01,22541.18,22541.18,228.6,146.56,0.0,False,0.855,0.6831,170.77,False,False,False
KL_0052,Wayanad,Vythiri,Kallamoodu,11.656257,75.922535,urban,132,0.73,False,2023,12,2023-12-01,35609.05,35609.05,234.5,204.79,0.0,False,0.86,1.0791,269.77,False,False,True
KL_0052,Wayanad,Vythiri,Kallamoodu,11.656257,75.922535,urban,132,0.73,False,2024,1,2024-01-01,22196.5,22196.5,228.3,135.83,0.0,False,0.847,0.6726,168.16,False,False,True
KL_0052,Wayanad,Vythiri,Kallamoodu,11.656257,75.922535,urban,132,0.73,False,2024,2,2024-02-01,21377.11,21377.11,232.3,131.03,0.0,False,0.822,0.6478,161.95,False,False,True
KL_0052,Wayanad,Vythiri,Kallamoodu,11.656257,75.922535,urban,132,0.73,False,2024,3,2024-03-01,27129.08,27129.08,235.4,147.0,0.0,False,0.894,0.8221,205.52,True,False,False
KL_0052,Wayanad,Vythiri,Kallamoodu,11.656257,75.922535,urban,132,0.73,False,2024,4,2024-04-01,36594.12,36594.12,217.6,219.92,0.0,False,0.755,1.1089,277.23,True,False,False
KL_0052,Wayanad,Vythiri,Kallamoodu,11.656257,75.922535,urban,132,0.73,False,2024,5,2024-05-01,36663.28,36663.28,234.3,201.73,0.0,False,0.766,1.111,277.75,True,False,False
KL_0052,Wayanad,Vythiri,Kallamoodu,11.656257,75.922535,urban,132,0.73,False,2024,6,2024-06-01,35919.19,35919.19,222.8,209.24,0.0,False,0.823,1.0885,272.12,False,True,False
KL_0052,Wayanad,Vythiri,Kallamoodu,11.656257,75.922535,urban,132,0.73,False,2024,7,2024-07-01,31705.21,31705.21,231.7,202.94,0.0,False,0.786,0.9608,240.19,False,True,False
KL_0052,Wayanad,Vythiri,Kallamoodu,11.656257,75.922535,urban,132,0.73,False,2024,8,2024-08-01,39164.11,39164.11,233.1,227.21,0.0,False,0.904,1.1868,296.7,False,True,False
KL_0052,Wayanad,Vythiri,Kallamoodu,11.656257,75.922535,urban,132,0.73,False,2024,9,2024-09-01,35008.12,35008.12,221.8,222.4,0.0,False,0.828,1.0609,265.21,False,True,False
KL_0052,Wayanad,Vythiri,Kallamoodu,11.656257,75.922535,urban,132,0.73,False,2024,10,2024-10-01,31739.89,31739.89,233.9,191.06,0.0,False,0.894,0.9618,240.45,False,False,False
KL_0052,Wayanad,Vythiri,Kallamoodu,11.656257,75.922535,urban,132,0.73,False,2024,11,2024-11-01,33409.06,33409.06,209.8,219.87,0.0,False,0.915,1.0124,253.1,False,False,False
KL_0052,Wayanad,Vythiri,Kallamoodu,11.656257,75.922535,urban,132,0.73,False,2024,12,2024-12-01,25889.55,25889.55,225.1,150.65,0.0,False,0.853,0.7845,196.13,False,False,True
KL_0053,Wayanad,Sulthan Bathery,Nallakunnu,11.65524,75.647878,rural,21,13.74,False,2023,1,2023-01-01,1600.56,1600.56,230.0,8.97,0.0,False,0.866,0.3049,76.22,False,False,True
KL_0053,Wayanad,Sulthan Bathery,Nallakunnu,11.65524,75.647878,rural,21,13.74,False,2023,2,2023-02-01,1045.47,1045.47,227.8,5.9,0.0,False,0.911,0.1991,49.78,False,False,True
KL_0053,Wayanad,Sulthan Bathery,Nallakunnu,11.65524,75.647878,rural,21,13.74,False,2023,3,2023-03-01,1964.31,1964.31,231.5,11.37,0.0,False,0.9,0.3742,93.54,True,False,False
KL_0053,Wayanad,Sulthan Bathery,Nallakunnu,11.65524,75.647878,rural,21,13.74,False,2023,4,2023-04-01,1860.25,1860.25,231.3,12.06,0.0,False,0.746,0.3543,88.58,True,False,False
KL_0053,Wayanad,Sulthan Bathery,Nallakunnu,11.65524,75.647878,rural,21,13.74,False,2023,5,2023-05-01,1713.62,1713.62,238.7,9.63,0.0,False,0.829,0.3264,81.6,True,False,False
KL_0053,Wayanad,Sulthan Bathery,Nallakunnu,11.65524,75.647878,rural,21,13.74,False,2023,6,2023-06-01,2374.52,2374.52,228.2,14.6,0.0,False,0.876,0.4523,113.07,False,True,False
KL_0053,Wayanad,Sulthan Bathery,Nallakunnu,11.65524,75.647878,rural,21,13.74,False,2023,7,2023-07-01,1854.86,1854.86,224.1,12.15,0.0,False,0.861,0.3533,88.33,False,True,False
KL_0053,Wayanad,Sulthan Bathery,Nallakunnu,11.65524,75.647878,rural,21,13.74,False,2023,8,2023-08-01,1448.92,1448.92,219.1,8.41,0.0,False,0.8,0.276,69.0,False,True,False
KL_0053,Wayanad,Sulthan Bathery,Nallakunnu,11.65524,75.647878,rural,21,13.74,False,2023,9,2023-09-01,1573.99,1573.99,226.1,10.1,0.0,False,0.765,0.2998,74.95,False,True,False
KL_0053,Wayanad,Sulthan Bathery,Nallakunnu,11.65524,75.647878,rural,21,13.74,False,2023,10,2023-10-01,2260.39,2260.39,233.7,14.72,0.0,False,0.881,0.4306,107.64,False,False,False
KL_0053,Wayanad,Sulthan Bathery,Nallakunnu,11.65524,75.647878,rural,21,13.74,False,2023,11,2023-11-01,1223.63,1223.63,223.3,7.19,0.0,False,0.808,0.2331,58.27,False,False,False
KL_0053,Wayanad,Sulthan Bathery,Nallakunnu,11.65524,75.647878,rural,21,13.74,False,2023,12,2023-12-01,1697.13,1697.13,236.4,9.3,0.0,False,0.843,0.3233,80.82,False,False,True
KL_0053,Wayanad,Sulthan Bathery,Nallakunnu,11.65524,75.647878,rural,21,13.74,False,2024,1,2024-01-01,1327.23,1327.23,210.3,9.06,0.0,False,0.857,0.2528,63.2,False,False,True
KL_0053,Wayanad,Sulthan Bathery,Nallakunnu,11.65524,75.647878,rural,21,13.74,False,2024,2,2024-02-01,952.57,952.57,233.6,5.86,0.0,False,0.842,0.1814,45.36,False,False,True
KL_0053,Wayanad,Sulthan Bathery,Nallakunnu,11.65524,75.647878,rural,21,13.74,False,2024,3,2024-03-01,1954.38,1954.38,238.9,12.38,0.0,False,0.803,0.3723,93.07,True,False,False
KL_0053,Wayanad,Sulthan Bathery,Nallakunnu,11.65524,75.647878,rural,21,13.74,False,2024,4,2024-04-01,3256.31,3256.31,210.6,20.85,0.0,False,0.846,0.6202,155.06,True,False,False
KL_0053,Wayanad,Sulthan Bathery,Nallakunnu,11.65524,75.647878,rural,21,13.74,False,2024,5,2024-05-01,1551.56,1551.56,234.7,9.59,0.0,False,0.823,0.2955,73.88,True,False,False
KL_0053,Wayanad,Sulthan Bathery,Nallakunnu,11.65524,75.647878,rural,21,13.74,False,2024,6,2024-06-01,1564.15,1564.15,228.2,9.54,0.0,False,0.933,0.2979,74.48,False,True,False
KL_0053,Wayanad,Sulthan Bathery,Nallakunnu,11.65524,75.647878,rural,21,13.74,False,2024,7,2024-07-01,1237.22,1237.22,225.6,7.72,0.0,False,0.861,0.2357,58.92,False,True,False
KL_0053,Wayanad,Sulthan Bathery,Nallakunnu,11.65524,75.647878,rural,21,13.74,False,2024,8,2024-08-01,2394.02,2394.02,224.3,14.97,0.0,False,0.978,0.456,114.0,False,True,False
KL_0053,Wayanad,Sulthan Bathery,Nallakunnu,11.65524,75.647878,rural,21,13.74,False,2024,9,2024-09-01,2101.03,2101.03,226.8,12.32,0.0,False,0.784,0.4002,100.05,False,True,False
KL_0053,Wayanad,Sulthan Bathery,Nallakunnu,11.65524,75.647878,rural,21,13.74,False,2024,10,2024-10-01,1976.65,1976.65,231.5,10.95,0.0,False,0.835,0.3765,94.13,False,False,False
KL_0053,Wayanad,Sulthan Bathery,Nallakunnu,11.65524,75.647878,rural,21,13.74,False,2024,11,2024-11-01,1321.83,1321.83,233.9,8.39,0.0,False,0.835,0.2518,62.94,False,False,False
KL_0053,Wayanad,Sulthan Bathery,Nallakunnu,11.65524,75.647878,rural,21,13.74,False,2024,12,2024-12-01,2364.62,2364.62,239.4,13.46,0.0,False,0.811,0.4504,112.6,False,False,True
KL_0054,Kozhikode,Kozhikode,Kizhakmoodu,11.592517,75.553514,rural,194,13.1,False,2023,1,2023-01-01,14956.69,14956.69,241.1,81.98,0.0,False,0.832,0.3084,77.1,False,False,True
KL_0054,Kozhikode,Kozhikode,Kizhakmoodu,11.592517,75.553514,rural,194,13.1,False,2023,2,2023-02-01,16917.05,16917.05,234.6,100.06,0.0,False,0.826,0.3488,87.2,False,False,True
KL_0054,Kozhikode,Kozhikode,Kizhakmoodu,11.592517,75.553514,rural,194,13.1,False,2023,3,2023-03-01,18395.25,18395.25,226.4,105.18,0.0,False,0.801,0.3793,94.82,True,False,False
KL_0054,Kozhikode,Kozhikode,Kizhakmoodu,11.592517,75.553514,rural,194,13.1,False,2023,4,2023-04-01,21942.53,21942.53,229.1,127.56,0.0,False,0.94,0.4524,113.11,True,False,False
KL_0054,Kozhikode,Kozhikode,Kizhakmoodu,11.592517,75.553514,rural,194,13.1,False,2023,5,2023-05-01,22665.54,22665.54,230.1,135.84,0.0,False,0.846,0.4673,116.83,True,False,False
KL_0054,Kozhikode,Kozhikode,Kizhakmoodu,11.592517,75.553514,rural,194,13.1,False,2023,6,2023-06-01,19611.59,19611.59,230.3,111.88,0.0,False,0.896,0.4044,101.09,False,True,False
KL_0054,Kozhikode,Kozhikode,Kizhakmoodu,11.592517,75.553514,rural,194,13.1,False,2023,7,2023-07-01,17197.01,17197.01,228.4,112.08,0.0,False,0.9,0.3546,88.64,False,True,False
KL_0054,Kozhikode,Kozhikode,Kizhakmoodu,11.592517,75.553514,rural,194,13.1,False,2023,8,2023-08-01,15536.95,15536.95,224.2,104.91,0.0,False,0.921,0.3203,80.09,False,True,False
KL_0054,Kozhikode,Kozhikode,Kizhakmoodu,11.592517,75.553514,rural,194,13.1,False,2023,9,2023-09-01,13583.85,13583.85,217.2,78.76,0.0,False,0.801,0.2801,70.02,False,True,False
KL_0054,Kozhikode,Kozhikode,Kizhakmoodu,11.592517,75.553514,rural,194,13.1,False,2023,10,2023-10-01,15377.64,15377.64,239.1,96.43,0.0,False,0.913,0.3171,79.27,False,False,False
KL_0054,Kozhikode,Kozhikode,Kizhakmoodu,11.592517,75.553514,rural,194,13.1,False,2023,11,2023-11-01,14448.26,14448.26,222.4,88.64,0.0,False,0.846,0.2979,74.48,False,False,False
KL_0054,Kozhikode,Kozhikode,Kizhakmoodu,11.592517,75.553514,rural,194,13.1,False,2023,12,2023-12-01,14330.1,14330.1,235.3,81.21,0.0,False,0.952,0.2955,73.87,False,False,True
KL_0054,Kozhikode,Kozhikode,Kizhakmoodu,11.592517,75.553514,rural,194,13.1,False,2024,1,2024-01-01,21980.65,21980.65,225.3,140.64,0.0,False,0.876,0.4532,113.3,False,False,True
KL_0054,Kozhikode,Kozhikode,Kizhakmoodu,11.592517,75.553514,rural,194,13.1,False,2024,2,2024-02-01,16834.32,16834.32,233.2,108.12,0.0,False,0.792,0.3471,86.77,False,False,True
KL_0054,Kozhikode,Kozhikode,Kizhakmoodu,11.592517,75.553514,rural,194,13.1,False,2024,3,2024-03-01,18185.87,18185.87,252.6,92.82,0.0,False,0.913,0.375,93.74,True,False,False
KL_0054,Kozhikode,Kozhikode,Kizhakmoodu,11.592517,75.553514,rural,194,13.1,False,2024,4,2024-04-01,20664.17,20664.17,224.6,137.02,0.0,False,0.908,0.4261,106.52,True,False,False
KL_0054,Kozhikode,Kozhikode,Kizhakmoodu,11.592517,75.553514,rural,194,13.1,False,2024,5,2024-05-01,12676.36,12676.36,222.9,84.4,0.0,False,0.785,0.2614,65.34,True,False,False
KL_0054,Kozhikode,Kozhikode,Kizhakmoodu,11.592517,75.553514,rural,194,13.1,False,2024,6,2024-06-01,12518.7,12518.7,235.4,72.64,0.0,False,0.887,0.2581,64.53,False,True,False
KL_0054,Kozhikode,Kozhikode,Kizhakmoodu,11.592517,75.553514,rural,194,13.1,False,2024,7,2024-07-01,21040.12,21040.12,233.5,119.14,0.0,False,0.93,0.4338,108.45,False,True,False
KL_0054,Kozhikode,Kozhikode,Kizhakmoodu,11.592517,75.553514,rural,194,13.1,False,2024,8,2024-08-01,6062.83,6062.83,230.9,38.28,0.0,False,0.874,0.125,31.25,False,True,False
KL_0054,Kozhikode,Kozhikode,Kizhakmoodu,11.592517,75.553514,rural,194,13.1,False,2024,9,2024-09-01,20529.06,20529.06,218.6,123.96,0.0,False,0.801,0.4233,105.82,False,True,False
KL_0054,Kozhikode,Kozhikode,Kizhakmoodu,11.592517,75.553514,rural,194,13.1,False,2024,10,2024-10-01,13633.87,13633.87,214.3,91.01,0.0,False,0.901,0.2811,70.28,False,False,False
KL_0054,Kozhikode,Kozhikode,Kizhakmoodu,11.592517,75.553514,rural,194,13.1,False,2024,11,2024-11-01,12689.95,12689.95,240.2,72.55,0.0,False,0.883,0.2616,65.41,False,False,False
KL_0054,Kozhikode,Kozhikode,Kizhakmoodu,11.592517,75.553514,rural,194,13.1,False,2024,12,2024-12-01,22532.88,22532.88,216.8,142.65,0.0,False,0.838,0.4646,116.15,False,False,True
KL_0055,Ernakulam,Perumbavoor,Pettapara,10.001666,76.677828,rural,37,17.93,False,2023,1,2023-01-01,2699.07,2699.07,229.7,17.08,0.0,False,0.827,0.2918,72.95,False,False,True
KL_0055,Ernakulam,Perumbavoor,Pettapara,10.001666,76.677828,rural,37,17.93,False,2023,2,2023-02-01,2798.91,2798.91,225.3,17.37,0.0,False,0.883,0.3026,75.65,False,False,True
KL_0055,Ernakulam,Perumbavoor,Pettapara,10.001666,76.677828,rural,37,17.93,False,2023,3,2023-03-01,3480.59,3480.59,231.4,21.19,0.0,False,0.804,0.3763,94.07,True,False,False
KL_0055,Ernakulam,Perumbavoor,Pettapara,10.001666,76.677828,rural,37,17.93,False,2023,4,2023-04-01,5033.39,5033.39,222.8,32.22,0.0,False,0.86,0.5442,136.04,True,False,False
KL_0055,Ernakulam,Perumbavoor,Pettapara,10.001666,76.677828,rural,37,17.93,False,2023,5,2023-05-01,3729.12,3729.12,223.4,22.36,0.0,False,0.91,0.4031,100.79,True,False,False
KL_0055,Ernakulam,Perumbavoor,Pettapara,10.001666,76.677828,rural,37,17.93,False,2023,6,2023-06-01,4456.98,4456.98,223.3,30.42,0.0,False,0.926,0.4818,120.46,False,True,False
KL_0055,Ernakulam,Perumbavoor,Pettapara,10.001666,76.677828,rural,37,17.93,False,2023,7,2023-07-01,3844.5,3844.5,229.2,21.07,0.0,False,0.824,0.4156,103.91,False,True,False
KL_0055,Ernakulam,Perumbavoor,Pettapara,10.001666,76.677828,rural,37,17.93,False,2023,8,2023-08-01,1447.53,1447.53,231.4,8.13,0.0,False,0.771,0.1565,39.12,False,True,False
KL_0055,Ernakulam,Perumbavoor,Pettapara,10.001666,76.677828,rural,37,17.93,False,2023,9,2023-09-01,4365.61,4365.61,222.0,26.38,0.0,False,0.815,0.472,117.99,False,True,False
KL_0055,Ernakulam,Perumbavoor,Pettapara,10.001666,76.677828,rural,37,17.93,False,2023,10,2023-10-01,2391.63,2391.63,220.6,15.72,0.0,False,0.891,0.2586,64.64,False,False,False
KL_0055,Ernakulam,Perumbavoor,Pettapara,10.001666,76.677828,rural,37,17.93,False,2023,11,2023-11-01,3344.15,3344.15,239.9,19.91,0.0,False,0.813,0.3615,90.38,False,False,False
KL_0055,Ernakulam,Perumbavoor,Pettapara,10.001666,76.677828,rural,37,17.93,False,2023,12,2023-12-01,4517.36,4517.36,236.7,24.66,0.0,False,0.904,0.4884,122.09,False,False,True
KL_0055,Ernakulam,Perumbavoor,Pettapara,10.001666,76.677828,rural,37,17.93,False,2024,1,2024-01-01,3285.73,3285.73,220.6,20.64,0.0,False,0.813,0.3552,88.8,False,False,True
KL_0055,Ernakulam,Perumbavoor,Pettapara,10.001666,76.677828,rural,37,17.93,False,2024,2,2024-02-01,4328.36,4328.36,233.4,24.35,0.0,False,0.822,0.4679,116.98,False,False,True
KL_0055,Ernakulam,Perumbavoor,Pettapara,10.001666,76.677828,rural,37,17.93,False,2024,3,2024-03-01,3020.34,3020.34,215.7,20.76,0.0,False,0.841,0.3265,81.63,True,False,False
KL_0055,Ernakulam,Perumbavoor,Pettapara,10.001666,76.677828,rural,37,17.93,False,2024,4,2024-04-01,3131.8,3131.8,236.0,18.07,0.0,False,0.897,0.3386,84.64,True,False,False
KL_0055,Ernakulam,Perumbavoor,Pettapara,10.001666,76.677828,rural,37,17.93,False,2024,5,2024-05-01,4340.64,4340.64,219.1,26.24,0.0,False,0.771,0.4693,117.31,True,False,False
KL_0055,Ernakulam,Perumbavoor,Pettapara,10.001666,76.677828,rural,37,17.93,False,2024,6,2024-06-01,5000.52,5000.52,225.3,30.89,0.0,False,0.864,0.5406,135.15,False,True,False
KL_0055,Ernakulam,Perumbavoor,Pettapara,10.001666,76.677828,rural,37,17.93,False,2024,7,2024-07-01,3706.65,3706.65,230.4,20.87,0.0,False,0.863,0.4007,100.18,False,True,False
KL_0055,Ernakulam,Perumbavoor,Pettapara,10.001666,76.677828,rural,37,17.93,False,2024,8,2024-08-01,1701.61,1701.61,237.9,10.63,0.0,False,0.8,0.184,45.99,False,True,False
KL_0055,Ernakulam,Perumbavoor,Pettapara,10.001666,76.677828,rural,37,17.93,False,2024,9,2024-09-01,4085.97,4085.97,225.0,27.22,0.0,False,0.868,0.4417,110.43,False,True,False
KL_0055,Ernakulam,Perumbavoor,Pettapara,10.001666,76.677828,rural,37,17.93,False,2024,10,2024-10-01,2351.53,2351.53,218.4,16.13,0.0,False,0.841,0.2542,63.55,False,False,False
KL_0055,Ernakulam,Perumbavoor,Pettapara,10.001666,76.677828,rural,37,17.93,False,2024,11,2024-11-01,2015.08,2015.08,223.7,12.67,0.0,False,0.793,0.2178,54.46,False,False,False
KL_0055,Ernakulam,Perumbavoor,Pettapara,10.001666,76.677828,rural,37,17.93,False,2024,12,2024-12-01,2088.58,2088.58,227.5,12.1,0.0,False,0.846,0.2258,56.45,False,False,True
KL_0056,Ernakulam,Aluva,Manavayal,10.140422,76.175436,urban,168,0.74,False,2023,1,2023-01-01,20815.43,20815.43,231.7,117.89,0.0,False,0.798,0.4956,123.9,False,False,True
KL_0056,Ernakulam,Aluva,Manavayal,10.140422,76.175436,urban,168,0.74,False,2023,2,2023-02-01,33355.44,33355.44,222.5,201.91,0.0,False,0.818,0.7942,198.54,False,False,True
KL_0056,Ernakulam,Aluva,Manavayal,10.140422,76.175436,urban,168,0.74,False,2023,3,2023-03-01,26202.41,26202.41,225.9,160.25,0.0,False,0.894,0.6239,155.97,True,False,False
KL_0056,Ernakulam,Aluva,Manavayal,10.140422,76.175436,urban,168,0.74,False,2023,4,2023-04-01,32485.28,32485.28,231.2,204.15,0.0,False,0.834,0.7735,193.36,True,False,False
KL_0056,Ernakulam,Aluva,Manavayal,10.140422,76.175436,urban,168,0.74,False,2023,5,2023-05-01,56530.12,56530.12,225.9,360.37,0.0,False,0.893,1.346,336.49,True,False,False
KL_0056,Ernakulam,Aluva,Manavayal,10.140422,76.175436,urban,168,0.74,False,2023,6,2023-06-01,32700.68,32700.68,239.6,183.48,0.0,False,0.842,0.7786,194.65,False,True,False
KL_0056,Ernakulam,Aluva,Manavayal,10.140422,76.175436,urban,168,0.74,False,2023,7,2023-07-01,34891.04,34891.04,224.2,231.28,0.0,False,0.802,0.8307,207.68,False,True,False
KL_0056,Ernakulam,Aluva,Manavayal,10.140422,76.175436,urban,168,0.74,False,2023,8,2023-08-01,27022.49,27022.49,238.1,168.43,0.0,False,0.874,0.6434,160.85,False,True,False
KL_0056,Ernakulam,Aluva,Manavayal,10.140422,76.175436,urban,168,0.74,False,2023,9,2023-09-01,39223.87,39223.87,214.3,268.56,0.0,False,0.878,0.9339,233.48,False,True,False
KL_0056,Ernakulam,Aluva,Manavayal,10.140422,76.175436,urban,168,0.74,False,2023,10,2023-10-01,33601.02,33601.02,216.2,203.76,0.0,False,0.788,0.8,200.01,False,False,False
KL_0056,Ernakulam,Aluva,Manavayal,10.140422,76.175436,urban,168,0.74,False,2023,11,2023-11-01,23499.67,23499.67,221.9,158.34,0.0,False,0.907,0.5595,139.88,False,False,False
KL_0056,Ernakulam,Aluva,Manavayal,10.140422,76.175436,urban,168,0.74,False,2023,12,2023-12-01,18984.25,18984.25,213.7,128.94,0.0,False,0.926,0.452,113.0,False,False,True
KL_0056,Ernakulam,Aluva,Manavayal,10.140422,76.175436,urban,168,0.74,False,2024,1,2024-01-01,21275.92,21275.92,241.6,125.1,0.0,False,0.881,0.5066,126.64,False,False,True
KL_0056,Ernakulam,Aluva,Manavayal,10.140422,76.175436,urban,168,0.74,False,2024,2,2024-02-01,29900.15,29900.15,222.2,201.21,0.0,False,0.854,0.7119,177.98,False,False,True
KL_0056,Ernakulam,Aluva,Manavayal,10.140422,76.175436,urban,168,0.74,False,2024,3,2024-03-01,33786.23,33786.23,241.4,207.83,0.0,False,0.951,0.8044,201.11,True,False,False
KL_0056,Ernakulam,Aluva,Manavayal,10.140422,76.175436,urban,168,0.74,False,2024,4,2024-04-01,33553.64,33553.64,230.9,205.66,0.0,False,0.877,0.7989,199.72,True,False,False
KL_0056,Ernakulam,Aluva,Manavayal,10.140422,76.175436,urban,168,0.74,False,2024,5,2024-05-01,33161.89,33161.89,237.2,177.86,0.0,False,0.86,0.7896,197.39,True,False,False
KL_0056,Ernakulam,Aluva,Manavayal,10.140422,76.175436,urban,168,0.74,False,2024,6,2024-06-01,27195.98,27195.98,236.8,169.36,0.0,False,0.935,0.6475,161.88,False,True,False
KL_0056,Ernakulam,Aluva,Manavayal,10.140422,76.175436,urban,168,0.74,False,2024,7,2024-07-01,19386.54,19386.54,215.9,115.15,0.0,False,0.93,0.4616,115.4,False,True,False
KL_0056,Ernakulam,Aluva,Manavayal,10.140422,76.175436,urban,168,0.74,False,2024,8,2024-08-01,26188.52,26188.52,239.4,161.84,0.0,False,0.778,0.6235,155.88,False,True,False
KL_0056,Ernakulam,Aluva,Manavayal,10.140422,76.175436,urban,168,0.74,False,2024,9,2024-09-01,12507.32,12507.32,232.5,70.68,0.0,False,0.825,0.2978,74.45,False,True,False
KL_0056,Ernakulam,Aluva,Manavayal,10.140422,76.175436,urban,168,0.74,False,2024,10,2024-10-01,34518.31,34518.31,217.4,210.81,0.0,False,0.879,0.8219,205.47,False,False,False
KL_0056,Ernakulam,Aluva,Manavayal,10.140422,76.175436,urban,168,0.74,False,2024,11,2024-11-01,41495.04,41495.04,216.1,284.35,0.0,False,0.911,0.988,246.99,False,False,False
KL_0056,Ernakulam,Aluva,Manavayal,10.140422,76.175436,urban,168,0.74,False,2024,12,2024-12-01,19290.36,19290.36,236.2,119.85,0.0,False,0.792,0.4593,114.82,False,False,True
KL_0057,Thiruvananthapuram,Attingal,Kizhakmukku,8.549557,76.497525,rural,29,16.15,False,2023,1,2023-01-01,1331.32,1331.32,222.8,8.27,0.0,False,0.895,0.1836,45.91,False,False,True
KL_0057,Thiruvananthapuram,Attingal,Kizhakmukku,8.549557,76.497525,rural,29,16.15,False,2023,2,2023-02-01,2097.95,2097.95,225.1,11.79,0.0,False,0.83,0.2894,72.34,False,False,True
KL_0057,Thiruvananthapuram,Attingal,Kizhakmukku,8.549557,76.497525,rural,29,16.15,False,2023,3,2023-03-01,1253.79,1253.79,234.2,7.94,0.0,False,0.886,0.1729,43.23,True,False,False
KL_0057,Thiruvananthapuram,Attingal,Kizhakmukku,8.549557,76.497525,rural,29,16.15,False,2023,4,2023-04-01,1908.28,1908.28,222.1,12.5,0.0,False,0.822,0.2632,65.8,True,False,False
KL_0057,Thiruvananthapuram,Attingal,Kizhakmukku,8.549557,76.497525,rural,29,16.15,False,2023,5,2023-05-01,1924.46,1924.46,224.3,10.77,0.0,False,0.733,0.2654,66.36,True,False,False
KL_0057,Thiruvananthapuram,Attingal,Kizhakmukku,8.549557,76.497525,rural,29,16.15,False,2023,6,2023-06-01,4304.43,4304.43,226.1,28.56,0.0,False,0.761,0.5937,148.43,False,True,False
KL_0057,Thiruvananthapuram,Attingal,Kizhakmukku,8.549557,76.497525,rural,29,16.15,False,2023,7,2023-07-01,2241.29,2241.29,233.7,12.31,0.0,False,0.794,0.3091,77.29,False,True,False
KL_0057,Thiruvananthapuram,Attingal,Kizhakmukku,8.549557,76.497525,rural,29,16.15,False,2023,8,2023-08-01,2168.22,2168.22,222.3,13.68,0.0,False,0.82,0.2991,74.77,False,True,False
KL_0057,Thiruvananthapuram,Attingal,Kizhakmukku,8.549557,76.497525,rural,29,16.15,False,2023,9,2023-09-01,2953.47,2953.47,245.7,17.77,0.0,False,0.85,0.4074,101.84,False,True,False
KL_0057,Thiruvananthapuram,Attingal,Kizhakmukku,8.549557,76.497525,rural,29,16.15,False,2023,10,2023-10-01,1516.85,1516.85,232.6,8.16,0.0,False,0.824,0.2092,52.31,False,False,False
KL_0057,Thiruvananthapuram,Attingal,Kizhakmukku,8.549557,76.497525,rural,29,16.15,False,2023,11,2023-11-01,1759.26,1759.26,229.2,10.2,0.0,False,0.848,0.2427,60.66,False,False,False
KL_0057,Thiruvananthapuram,Attingal,Kizhakmukku,8.549557,76.497525,rural,29,16.15,False,2023,12,2023-12-01,1992.83,1992.83,233.9,10.91,0.0,False,0.825,0.2749,68.72,False,False,True
KL_0057,Thiruvananthapuram,Attingal,Kizhakmukku,8.549557,76.497525,rural,29,16.15,False,2024,1,2024-01-01,2446.44,2446.44,237.3,13.01,0.0,False,0.85,0.3374,84.36,False,False,True
KL_0057,Thiruvananthapuram,Attingal,Kizhakmukku,8.549557,76.497525,rural,29,16.15,False,2024,2,2024-02-01,2512.2,2512.2,224.4,16.71,0.0,False,0.897,0.3465,86.63,False,False,True
KL_0057,Thiruvananthapuram,Attingal,Kizhakmukku,8.549557,76.497525,rural,29,16.15,False,2024,3,2024-03-01,2466.5,2466.5,222.8,16.41,0.0,False,0.849,0.3402,85.05,True,False,False
KL_0057,Thiruvananthapuram,Attingal,Kizhakmukku,8.549557,76.497525,rural,29,16.15,False,2024,4,2024-04-01,3520.89,3520.89,222.5,23.75,0.0,False,0.877,0.4856,121.41,True,False,False
KL_0057,Thiruvananthapuram,Attingal,Kizhakmukku,8.549557,76.497525,rural,29,16.15,False,2024,5,2024-05-01,2192.34,2192.34,242.1,11.67,0.0,False,0.886,0.3024,75.6,True,False,False
KL_0057,Thiruvananthapuram,Attingal,Kizhakmukku,8.549557,76.497525,rural,29,16.15,False,2024,6,2024-06-01,1306.02,1306.02,239.3,8.23,0.0,False,0.842,0.1801,45.04,False,True,False
KL_0057,Thiruvananthapuram,Attingal,Kizhakmukku,8.549557,76.497525,rural,29,16.15,False,2024,7,2024-07-01,2457.12,2457.12,235.1,14.87,0.0,False,0.76,0.3389,84.73,False,True,False
KL_0057,Thiruvananthapuram,Attingal,Kizhakmukku,8.549557,76.497525,rural,29,16.15,False,2024,8,2024-08-01,691.59,691.59,218.5,4.27,0.0,False,0.863,0.0954,23.85,False,True,False
KL_0057,Thiruvananthapuram,Attingal,Kizhakmukku,8.549557,76.497525,rural,29,16.15,False,2024,9,2024-09-01,2217.68,2217.68,230.4,12.5,0.0,False,0.816,0.3059,76.47,False,True,False
KL_0057,Thiruvananthapuram,Attingal,Kizhakmukku,8.549557,76.497525,rural,29,16.15,False,2024,10,2024-10-01,2975.48,2975.48,227.0,18.67,0.0,False,0.893,0.4104,102.6,False,False,False
KL_0057,Thiruvananthapuram,Attingal,Kizhakmukku,8.549557,76.497525,rural,29,16.15,False,2024,11,2024-11-01,3110.67,3110.67,215.2,18.15,0.0,False,0.918,0.4291,107.26,False,False,False
KL_0057,Thiruvananthapuram,Attingal,Kizhakmukku,8.549557,76.497525,rural,29,16.15,False,2024,12,2024-12-01,1512.96,1512.96,222.4,9.09,0.0,False,0.837,0.2087,52.17,False,False,True
KL_0058,Kozhikode,Koyilandy,Vadakkekavu,11.433767,75.906599,rural,176,9.74,False,2023,1,2023-01-01,5564.89,5564.89,236.1,31.61,0.0,False,0.858,0.1265,31.62,False,False,True
KL_0058,Kozhikode,Koyilandy,Vadakkekavu,11.433767,75.906599,rural,176,9.74,False,2023,2,2023-02-01,8853.23,8853.23,227.4,52.29,0.0,False,0.883,0.2012,50.3,False,False,True
KL_0058,Kozhikode,Koyilandy,Vadakkekavu,11.433767,75.906599,rural,176,9.74,False,2023,3,2023-03-01,16105.22,16105.22,216.9,95.88,0.0,False,0.809,0.366,91.51,True,False,False
KL_0058,Kozhikode,Koyilandy,Vadakkekavu,11.433767,75.906599,rural,176,9.74,False,2023,4,2023-04-01,18126.91,18126.91,232.7,106.23,0.0,False,0.85,0.412,102.99,True,False,False
KL_0058,Kozhikode,Koyilandy,Vadakkekavu,11.433767,75.906599,rural,176,9.74,False,2023,5,2023-05-01,15500.34,15500.34,221.4,89.88,0.0,False,0.773,0.3523,88.07,True,False,False
KL_0058,Kozhikode,Koyilandy,Vadakkekavu,11.433767,75.906599,rural,176,9.74,False,2023,6,2023-06-01,16065.43,16065.43,237.7,98.49,0.0,False,0.902,0.3651,91.28,False,True,False
KL_0058,Kozhikode,Koyilandy,Vadakkekavu,11.433767,75.906599,rural,176,9.74,False,2023,7,2023-07-01,10207.11,10207.11,215.1,67.52,0.0,False,0.934,0.232,57.99,False,True,False
KL_0058,Kozhikode,Koyilandy,Vadakkekavu,11.433767,75.906599,rural,176,9.74,False,2023,8,2023-08-01,18568.37,18568.37,215.8,131.1,0.0,False,0.855,0.422,105.5,False,True,False
KL_0058,Kozhikode,Koyilandy,Vadakkekavu,11.433767,75.906599,rural,176,9.74,False,2023,9,2023-09-01,12520.11,12520.11,230.2,79.13,0.0,False,0.812,0.2845,71.14,False,True,False
KL_0058,Kozhikode,Koyilandy,Vadakkekavu,11.433767,75.906599,rural,176,9.74,False,2023,10,2023-10-01,14432.56,14432.56,233.6,85.95,0.0,False,0.863,0.328,82.0,False,False,False
KL_0058,Kozhikode,Koyilandy,Vadakkekavu,11.433767,75.906599,rural,176,9.74,False,2023,11,2023-11-01,11837.57,11837.57,232.8,67.19,0.0,False,0.786,0.269,67.26,False,False,False
KL_0058,Kozhikode,Koyilandy,Vadakkekavu,11.433767,75.906599,rural,176,9.74,False,2023,12,2023-12-01,12734.3,12734.3,229.5,79.8,0.0,False,0.828,0.2894,72.35,False,False,True
KL_0058,Kozhikode,Koyilandy,Vadakkekavu,11.433767,75.906599,rural,176,9.74,False,2024,1,2024-01-01,15204.56,15204.56,240.4,94.34,0.0,False,0.829,0.3456,86.39,False,False,True
KL_0058,Kozhikode,Koyilandy,Vadakkekavu,11.433767,75.906599,rural,176,9.74,False,2024,2,2024-02-01,6083.01,6083.01,238.5,33.18,0.0,False,0.824,0.1383,34.56,False,False,True
KL_0058,Kozhikode,Koyilandy,Vadakkekavu,11.433767,75.906599,rural,176,9.74,False,2024,3,2024-03-01,17343.06,17343.06,214.2,105.21,0.0,False,0.861,0.3942,98.54,True,False,False
KL_0058,Kozhikode,Koyilandy,Vadakkekavu,11.433767,75.906599,rural,176,9.74,False,2024,4,2024-04-01,9430.95,9430.95,216.8,55.66,0.0,False,0.872,0.2143,53.58,True,False,False
KL_0058,Kozhikode,Koyilandy,Vadakkekavu,11.433767,75.906599,rural,176,9.74,False,2024,5,2024-05-01,16457.28,16457.28,211.3,113.73,0.0,False,0.851,0.374,93.51,True,False,False
KL_0058,Kozhikode,Koyilandy,Vadakkekavu,11.433767,75.906599,rural,176,9.74,False,2024,6,2024-06-01,19994.8,19994.8,247.7,107.43,0.0,False,0.895,0.4544,113.61,False,True,False
KL_0058,Kozhikode,Koyilandy,Vadakkekavu,11.433767,75.906599,rural,176,9.74,False,2024,7,2024-07-01,17229.67,17229.67,231.8,103.94,0.0,False,0.87,0.3916,97.9,False,True,False
KL_0058,Kozhikode,Koyilandy,Vadakkekavu,11.433767,75.906599,rural,176,9.74,False,2024,8,2024-08-01,13297.9,13297.9,222.0,84.75,0.0,False,0.825,0.3022,75.56,False,True,False
KL_0058,Kozhikode,Koyilandy,Vadakkekavu,11.433767,75.906599,rural,176,9.74,False,2024,9,2024-09-01,16782.58,16782.58,228.6,103.27,0.0,False,0.845,0.3814,95.36,False,True,False
KL_0058,Kozhikode,Koyilandy,Vadakkekavu,11.433767,75.906599,rural,176,9.74,False,2024,10,2024-10-01,16942.98,16942.98,228.7,92.92,0.0,False,0.846,0.3851,96.27,False,False,False
KL_0058,Kozhikode,Koyilandy,Vadakkekavu,11.433767,75.906599,rural,176,9.74,False,2024,11,2024-11-01,14509.37,14509.37,237.4,82.02,0.0,False,0.831,0.3298,82.44,False,False,False
KL_0058,Kozhikode,Koyilandy,Vadakkekavu,11.433767,75.906599,rural,176,9.74,False,2024,12,2024-12-01,19610.05,19610.05,219.4,117.13,0.0,False,0.875,0.4457,111.42,False,False,True
KL_0059,Thrissur,Chalakudy,Cherathara,10.364678,76.040052,semi-urban,175,4.44,False,2023,1,2023-01-01,10529.7,10529.7,215.1,67.98,0.0,False,0.743,0.2407,60.17,False,False,True
KL_0059,Thrissur,Chalakudy,Cherathara,10.364678,76.040052,semi-urban,175,4.44,False,2023,2,2023-02-01,14737.2,14737.2,237.2,89.4,0.0,False,0.852,0.3369,84.21,False,False,True
KL_0059,Thrissur,Chalakudy,Cherathara,10.364678,76.040052,semi-urban,175,4.44,False,2023,3,2023-03-01,19174.03,19174.03,232.3,103.42,0.0,False,0.865,0.4383,109.57,True,False,False
KL_0059,Thrissur,Chalakudy,Cherathara,10.364678,76.040052,semi-urban,175,4.44,False,2023,4,2023-04-01,35258.11,35258.11,220.3,204.45,0.0,False,0.88,0.8059,201.47,True,False,False
KL_0059,Thrissur,Chalakudy,Cherathara,10.364678,76.040052,semi-urban,175,4.44,False,2023,5,2023-05-01,27915.29,27915.29,213.6,169.25,0.0,False,0.905,0.6381,159.52,True,False,False
KL_0059,Thrissur,Chalakudy,Cherathara,10.364678,76.040052,semi-urban,175,4.44,False,2023,6,2023-06-01,22118.27,22118.27,238.2,118.41,0.0,False,0.843,0.5056,126.39,False,True,False
KL_0059,Thrissur,Chalakudy,Cherathara,10.364678,76.040052,semi-urban,175,4.44,False,2023,7,2023-07-01,19368.9,19368.9,236.3,118.9,0.0,False,0.892,0.4427,110.68,False,True,False
KL_0059,Thrissur,Chalakudy,Cherathara,10.364678,76.040052,semi-urban,175,4.44,False,2023,8,2023-08-01,21410.32,21410.32,236.2,126.15,0.0,False,0.881,0.4894,122.34,False,True,False
KL_0059,Thrissur,Chalakudy,Cherathara,10.364678,76.040052,semi-urban,175,4.44,False,2023,9,2023-09-01,27941.8,27941.8,221.8,161.0,0.0,False,0.863,0.6387,159.67,False,True,False
KL_0059,Thrissur,Chalakudy,Cherathara,10.364678,76.040052,semi-urban,175,4.44,False,2023,10,2023-10-01,19926.51,19926.51,224.3,114.95,0.0,False,0.78,0.4555,113.87,False,False,False
KL_0059,Thrissur,Chalakudy,Cherathara,10.364678,76.040052,semi-urban,175,4.44,False,2023,11,2023-11-01,29909.24,29909.24,229.3,163.19,0.0,False,0.905,0.6836,170.91,False,False,False
KL_0059,Thrissur,Chalakudy,Cherathara,10.364678,76.040052,semi-urban,175,4.44,False,2023,12,2023-12-01,21957.1,21957.1,209.7,153.41,0.0,False,0.855,0.5019,125.47,False,False,True
KL_0059,Thrissur,Chalakudy,Cherathara,10.364678,76.040052,semi-urban,175,4.44,False,2024,1,2024-01-01,18282.06,18282.06,213.9,125.2,0.0,False,0.837,0.4179,104.47,False,False,True
KL_0059,Thrissur,Chalakudy,Cherathara,10.364678,76.040052,semi-urban,175,4.44,False,2024,2,2024-02-01,21619.3,21619.3,232.7,140.92,0.0,False,0.792,0.4942,123.54,False,False,True
KL_0059,Thrissur,Chalakudy,Cherathara,10.364678,76.040052,semi-urban,175,4.44,False,2024,3,2024-03-01,21865.88,21865.88,225.6,143.71,0.0,False,0.728,0.4998,124.95,True,False,False
KL_0059,Thrissur,Chalakudy,Cherathara,10.364678,76.040052,semi-urban,175,4.44,False,2024,4,2024-04-01,15827.13,15827.13,227.8,95.47,0.0,False,0.945,0.3618,90.44,True,False,False
KL_0059,Thrissur,Chalakudy,Cherathara,10.364678,76.040052,semi-urban,175,4.44,False,2024,5,2024-05-01,15731.36,15731.36,226.8,97.17,0.0,False,0.865,0.3596,89.89,True,False,False
KL_0059,Thrissur,Chalakudy,Cherathara,10.364678,76.040052,semi-urban,175,4.44,False,2024,6,2024-06-01,24610.79,24610.79,227.9,160.32,0.0,False,0.795,0.5625,140.63,False,True,False
KL_0059,Thrissur,Chalakudy,Cherathara,10.364678,76.040052,semi-urban,175,4.44,False,2024,7,2024-07-01,23260.6,23260.6,225.3,133.63,0.0,False,0.787,0.5317,132.92,False,True,False
KL_0059,Thrissur,Chalakudy,Cherathara,10.364678,76.040052,semi-urban,175,4.44,False,2024,8,2024-08-01,16150.68,16150.68,233.6,102.0,0.0,False,0.836,0.3692,92.29,False,True,False
KL_0059,Thrissur,Chalakudy,Cherathara,10.364678,76.040052,semi-urban,175,4.44,False,2024,9,2024-09-01,23580.9,23580.9,229.5,146.92,0.0,False,0.89,0.539,134.75,False,True,False
KL_0059,Thrissur,Chalakudy,Cherathara,10.364678,76.040052,semi-urban,175,4.44,False,2024,10,2024-10-01,30181.39,30181.39,233.1,167.24,0.0,False,0.882,0.6899,172.47,False,False,False
KL_0059,Thrissur,Chalakudy,Cherathara,10.364678,76.040052,semi-urban,175,4.44,False,2024,11,2024-11-01,27862.32,27862.32,223.0,182.67,0.0,False,0.884,0.6369,159.21,False,False,False
KL_0059,Thrissur,Chalakudy,Cherathara,10.364678,76.040052,semi-urban,175,4.44,False,2024,12,2024-12-01,29994.12,29994.12,225.4,188.97,0.0,False,0.806,0.6856,171.39,False,False,True
KL_0060,Idukki,Painavu,Kottathara,9.894476,76.962074,rural,133,19.81,False,2023,1,2023-01-01,7757.76,7757.76,223.4,44.56,0.0,False,0.841,0.2333,58.33,False,False,True
KL_0060,Idukki,Painavu,Kottathara,9.894476,76.962074,rural,133,19.81,False,2023,2,2023-02-01,15027.52,15027.52,230.4,98.83,0.0,False,0.856,0.452,112.99,False,False,True
KL_0060,Idukki,Painavu,Kottathara,9.894476,76.962074,rural,133,19.81,False,2023,3,2023-03-01,13260.83,13260.83,217.1,90.55,0.0,False,0.847,0.3988,99.71,True,False,False
KL_0060,Idukki,Painavu,Kottathara,9.894476,76.962074,rural,133,19.81,False,2023,4,2023-04-01,11198.1,11198.1,230.5,63.79,0.0,False,0.877,0.3368,84.2,True,False,False
KL_0060,Idukki,Painavu,Kottathara,9.894476,76.962074,rural,133,19.81,False,2023,5,2023-05-01,21861.94,21861.94,220.5,130.35,0.0,False,0.929,0.6575,164.38,True,False,False
KL_0060,Idukki,Painavu,Kottathara,9.894476,76.962074,rural,133,19.81,False,2023,6,2023-06-01,13998.75,13998.75,224.4,81.59,0.0,False,0.861,0.421,105.25,False,True,False
KL_0060,Idukki,Painavu,Kottathara,9.894476,76.962074,rural,133,19.81,False,2023,7,2023-07-01,6848.85,6848.85,242.5,35.88,0.0,False,0.821,0.206,51.5,False,True,False
KL_0060,Idukki,Painavu,Kottathara,9.894476,76.962074,rural,133,19.81,False,2023,8,2023-08-01,8893.37,8893.37,216.0,58.14,0.0,False,0.777,0.2675,66.87,False,True,False
KL_0060,Idukki,Painavu,Kottathara,9.894476,76.962074,rural,133,19.81,False,2023,9,2023-09-01,12875.3,12875.3,221.1,72.81,0.0,False,0.859,0.3872,96.81,False,True,False
KL_0060,Idukki,Painavu,Kottathara,9.894476,76.962074,rural,133,19.81,False,2023,10,2023-10-01,6275.74,6275.74,211.2,40.66,0.0,False,0.817,0.1887,47.19,False,False,False
KL_0060,Idukki,Painavu,Kottathara,9.894476,76.962074,rural,133,19.81,False,2023,11,2023-11-01,13168.95,13168.95,238.6,78.25,0.0,False,0.871,0.3961,99.01,False,False,False
KL_0060,Idukki,Painavu,Kottathara,9.894476,76.962074,rural,133,19.81,False,2023,12,2023-12-01,15201.32,15201.32,226.6,100.76,0.0,False,0.868,0.4572,114.3,False,False,True
KL_0060,Idukki,Painavu,Kottathara,9.894476,76.962074,rural,133,19.81,False,2024,1,2024-01-01,8589.62,8589.62,244.0,48.92,0.0,False,0.928,0.2583,64.58,False,False,True
KL_0060,Idukki,Painavu,Kottathara,9.894476,76.962074,rural,133,19.81,False,2024,2,2024-02-01,11913.42,11913.42,227.0,74.67,0.0,False,0.861,0.3583,89.57,False,False,True
KL_0060,Idukki,Painavu,Kottathara,9.894476,76.962074,rural,133,19.81,False,2024,3,2024-03-01,12897.51,12897.51,230.0,78.67,0.0,False,0.873,0.3879,96.97,True,False,False
KL_0060,Idukki,Painavu,Kottathara,9.894476,76.962074,rural,133,19.81,False,2024,4,2024-04-01,8987.22,8987.22,225.4,54.99,0.0,False,0.817,0.2703,67.57,True,False,False
KL_0060,Idukki,Painavu,Kottathara,9.894476,76.962074,rural,133,19.81,False,2024,5,2024-05-01,6792.94,6792.94,230.8,39.43,0.0,False,0.778,0.2043,51.07,True,False,False
KL_0060,Idukki,Painavu,Kottathara,9.894476,76.962074,rural,133,19.81,False,2024,6,2024-06-01,16620.37,16620.37,235.2,90.21,0.0,False,0.904,0.4999,124.97,False,True,False
KL_0060,Idukki,Painavu,Kottathara,9.894476,76.962074,rural,133,19.81,False,2024,7,2024-07-01,7452.99,7452.99,237.7,39.28,0.0,False,0.91,0.2242,56.04,False,True,False
KL_0060,Idukki,Painavu,Kottathara,9.894476,76.962074,rural,133,19.81,False,2024,8,2024-08-01,10932.94,10932.94,220.3,66.47,0.0,False,0.833,0.3288,82.2,False,True,False
KL_0060,Idukki,Painavu,Kottathara,9.894476,76.962074,rural,133,19.81,False,2024,9,2024-09-01,12329.25,12329.25,236.4,71.65,0.0,False,0.753,0.3708,92.7,False,True,False
KL_0060,Idukki,Painavu,Kottathara,9.894476,76.962074,rural,133,19.81,False,2024,10,2024-10-01,14877.5,14877.5,236.1,79.47,0.0,False,0.918,0.4474,111.86,False,False,False
KL_0060,Idukki,Painavu,Kottathara,9.894476,76.962074,rural,133,19.81,False,2024,11,2024-11-01,12042.75,12042.75,234.8,73.33,0.0,False,0.909,0.3622,90.55,False,False,False
KL_0060,Idukki,Painavu,Kottathara,9.894476,76.962074,rural,133,19.81,False,2024,12,2024-12-01,15702.52,15702.52,214.3,104.29,0.0,False,0.844,0.4723,118.06,False,False,True
KL_0061,Thiruvananthapuram,Thiruvananthapuram,Kottakavu,8.756897,76.569468,urban,29,2.71,False,2023,1,2023-01-01,5528.3,5528.3,224.4,35.08,0.0,False,0.903,0.7625,190.63,False,False,True
KL_0061,Thiruvananthapuram,Thiruvananthapuram,Kottakavu,8.756897,76.569468,urban,29,2.71,False,2023,2,2023-02-01,5280.35,5280.35,230.8,32.51,0.0,False,0.848,0.7283,182.08,False,False,True
KL_0061,Thiruvananthapuram,Thiruvananthapuram,Kottakavu,8.756897,76.569468,urban,29,2.71,False,2023,3,2023-03-01,6389.54,6389.54,217.6,38.24,0.0,False,0.861,0.8813,220.33,True,False,False
KL_0061,Thiruvananthapuram,Thiruvananthapuram,Kottakavu,8.756897,76.569468,urban,29,2.71,False,2023,4,2023-04-01,6479.61,6479.61,223.1,42.62,0.0,False,0.769,0.8937,223.43,True,False,False
KL_0061,Thiruvananthapuram,Thiruvananthapuram,Kottakavu,8.756897,76.569468,urban,29,2.71,False,2023,5,2023-05-01,6328.61,6328.61,226.1,38.87,0.0,False,0.911,0.8729,218.23,True,False,False
KL_0061,Thiruvananthapuram,Thiruvananthapuram,Kottakavu,8.756897,76.569468,urban,29,2.71,False,2023,6,2023-06-01,4247.42,4247.42,239.2,24.5,0.0,False,0.762,0.5859,146.46,False,True,False
KL_0061,Thiruvananthapuram,Thiruvananthapuram,Kottakavu,8.756897,76.569468,urban,29,2.71,False,2023,7,2023-07-01,6493.29,6493.29,215.8,40.35,0.0,False,0.936,0.8956,223.91,False,True,False
KL_0061,Thiruvananthapuram,Thiruvananthapuram,Kottakavu,8.756897,76.569468,urban,29,2.71,False,2023,8,2023-08-01,5353.11,5353.11,232.3,33.76,0.0,False,0.941,0.7384,184.59,False,True,False
KL_0061,Thiruvananthapuram,Thiruvananthapuram,Kottakavu,8.756897,76.569468,urban,29,2.71,False,2023,9,2023-09-01,5149.87,5149.87,227.9,30.48,0.0,False,0.722,0.7103,177.58,False,True,False
KL_0061,Thiruvananthapuram,Thiruvananthapuram,Kottakavu,8.756897,76.569468,urban,29,2.71,False,2023,10,2023-10-01,5614.32,5614.32,220.4,38.29,0.0,False,0.928,0.7744,193.6,False,False,False
KL_0061,Thiruvananthapuram,Thiruvananthapuram,Kottakavu,8.756897,76.569468,urban,29,2.71,False,2023,11,2023-11-01,5346.91,5346.91,232.7,31.84,0.0,False,0.838,0.7375,184.38,False,False,False
KL_0061,Thiruvananthapuram,Thiruvananthapuram,Kottakavu,8.756897,76.569468,urban,29,2.71,False,2023,12,2023-12-01,5283.74,5283.74,236.8,32.12,0.0,False,0.871,0.7288,182.2,False,False,True
KL_0061,Thiruvananthapuram,Thiruvananthapuram,Kottakavu,8.756897,76.569468,urban,29,2.71,False,2024,1,2024-01-01,4814.37,4814.37,230.3,27.04,0.0,False,0.779,0.6641,166.01,False,False,True
KL_0061,Thiruvananthapuram,Thiruvananthapuram,Kottakavu,8.756897,76.569468,urban,29,2.71,False,2024,2,2024-02-01,5105.74,5105.74,237.6,32.82,0.0,False,0.834,0.7042,176.06,False,False,True
KL_0061,Thiruvananthapuram,Thiruvananthapuram,Kottakavu,8.756897,76.569468,urban,29,2.71,False,2024,3,2024-03-01,6950.95,6950.95,237.3,40.15,0.0,False,0.791,0.9588,239.69,True,False,False
KL_0061,Thiruvananthapuram,Thiruvananthapuram,Kottakavu,8.756897,76.569468,urban,29,2.71,False,2024,4,2024-04-01,7839.48,7839.48,233.0,44.56,0.0,False,0.811,1.0813,270.33,True,False,False
KL_0061,Thiruvananthapuram,Thiruvananthapuram,Kottakavu,8.756897,76.569468,urban,29,2.71,False,2024,5,2024-05-01,6795.48,6795.48,228.1,39.27,0.0,False,0.911,0.9373,234.33,True,False,False
KL_0061,Thiruvananthapuram,Thiruvananthapuram,Kottakavu,8.756897,76.569468,urban,29,2.71,False,2024,6,2024-06-01,5572.33,5572.33,222.5,34.84,0.0,False,0.9,0.7686,192.15,False,True,False
KL_0061,Thiruvananthapuram,Thiruvananthapuram,Kottakavu,8.756897,76.569468,urban,29,2.71,False,2024,7,2024-07-01,4335.2,4335.2,231.0,25.9,0.0,False,0.891,0.598,149.49,False,True,False
KL_0061,Thiruvananthapuram,Thiruvananthapuram,Kottakavu,8.756897,76.569468,urban,29,2.71,False,2024,8,2024-08-01,6262.24,6262.24,226.3,36.87,0.0,False,0.823,0.8638,215.94,False,True,False
KL_0061,Thiruvananthapuram,Thiruvananthapuram,Kottakavu,8.756897,76.569468,urban,29,2.71,False,2024,9,2024-09-01,5682.54,5682.54,221.7,36.88,0.0,False,0.815,0.7838,195.95,False,True,False
KL_0061,Thiruvananthapuram,Thiruvananthapuram,Kottakavu,8.756897,76.569468,urban,29,2.71,False,2024,10,2024-10-01,4166.96,4166.96,236.5,23.36,0.0,False,0.768,0.5748,143.69,False,False,False
KL_0061,Thiruvananthapuram,Thiruvananthapuram,Kottakavu,8.756897,76.569468,urban,29,2.71,False,2024,11,2024-11-01,5428.62,5428.62,225.1,30.58,0.0,False,0.884,0.7488,187.19,False,False,False
KL_0061,Thiruvananthapuram,Thiruvananthapuram,Kottakavu,8.756897,76.569468,urban,29,2.71,False,2024,12,2024-12-01,4370.73,4370.73,227.2,24.44,0.0,False,0.947,0.6029,150.71,False,False,True
KL_0062,Thrissur,Irinjalakuda,Kodumukku,10.726556,76.256346,rural,125,21.8,False,2023,1,2023-01-01,10786.6,10786.6,233.8,60.26,0.0,False,0.923,0.3452,86.29,False,False,True
KL_0062,Thrissur,Irinjalakuda,Kodumukku,10.726556,76.256346,rural,125,21.8,False,2023,2,2023-02-01,8129.37,8129.37,227.9,54.36,0.0,False,0.852,0.2601,65.03,False,False,True
KL_0062,Thrissur,Irinjalakuda,Kodumukku,10.726556,76.256346,rural,125,21.8,False,2023,3,2023-03-01,14201.43,14201.43,242.6,73.38,0.0,False,0.875,0.4544,113.61,True,False,False
KL_0062,Thrissur,Irinjalakuda,Kodumukku,10.726556,76.256346,rural,125,21.8,False,2023,4,2023-04-01,9987.33,9987.33,224.1,62.9,0.0,False,0.862,0.3196,79.9,True,False,False
KL_0062,Thrissur,Irinjalakuda,Kodumukku,10.726556,76.256346,rural,125,21.8,False,2023,5,2023-05-01,16640.47,16640.47,225.0,111.89,0.0,False,0.895,0.5325,133.12,True,False,False
KL_0062,Thrissur,Irinjalakuda,Kodumukku,10.726556,76.256346,rural,125,21.8,False,2023,6,2023-06-01,9586.75,9586.75,222.9,64.05,0.0,False,0.937,0.3068,76.69,False,True,False
KL_0062,Thrissur,Irinjalakuda,Kodumukku,10.726556,76.256346,rural,125,21.8,False,2023,7,2023-07-01,6930.0,6930.0,218.1,45.74,0.0,False,0.822,0.2218,55.44,False,True,False
KL_0062,Thrissur,Irinjalakuda,Kodumukku,10.726556,76.256346,rural,125,21.8,False,2023,8,2023-08-01,11384.73,11384.73,233.6,73.13,0.0,False,0.823,0.3643,91.08,False,True,False
KL_0062,Thrissur,Irinjalakuda,Kodumukku,10.726556,76.256346,rural,125,21.8,False,2023,9,2023-09-01,14228.88,14228.88,223.3,96.76,0.0,False,0.836,0.4553,113.83,False,True,False
KL_0062,Thrissur,Irinjalakuda,Kodumukku,10.726556,76.256346,rural,125,21.8,False,2023,10,2023-10-01,10622.74,10622.74,213.8,69.57,0.0,False,0.848,0.3399,84.98,False,False,False
KL_0062,Thrissur,Irinjalakuda,Kodumukku,10.726556,76.256346,rural,125,21.8,False,2023,11,2023-11-01,7562.97,7562.97,228.7,43.25,0.0,False,0.886,0.242,60.5,False,False,False
KL_0062,Thrissur,Irinjalakuda,Kodumukku,10.726556,76.256346,rural,125,21.8,False,2023,12,2023-12-01,11409.49,11409.49,234.0,61.37,0.0,False,0.847,0.3651,91.28,False,False,True
KL_0062,Thrissur,Irinjalakuda,Kodumukku,10.726556,76.256346,rural,125,21.8,False,2024,1,2024-01-01,7188.96,7188.96,241.8,41.04,0.0,False,0.807,0.23,57.51,False,False,True
KL_0062,Thrissur,Irinjalakuda,Kodumukku,10.726556,76.256346,rural,125,21.8,False,2024,2,2024-02-01,13576.95,13576.95,224.4,90.6,0.0,False,0.808,0.4345,108.62,False,False,True
KL_0062,Thrissur,Irinjalakuda,Kodumukku,10.726556,76.256346,rural,125,21.8,False,2024,3,2024-03-01,6828.59,6828.59,228.1,38.72,0.0,False,0.791,0.2185,54.63,True,False,False
KL_0062,Thrissur,Irinjalakuda,Kodumukku,10.726556,76.256346,rural,125,21.8,False,2024,4,2024-04-01,16275.36,16275.36,218.0,112.31,0.0,False,0.845,0.5208,130.2,True,False,False
KL_0062,Thrissur,Irinjalakuda,Kodumukku,10.726556,76.256346,rural,125,21.8,False,2024,5,2024-05-01,17790.19,17790.19,228.1,113.04,0.0,False,0.902,0.5693,142.32,True,False,False
KL_0062,Thrissur,Irinjalakuda,Kodumukku,10.726556,76.256346,rural,125,21.8,False,2024,6,2024-06-01,14795.33,14795.33,236.4,90.03,0.0,False,0.871,0.4735,118.36,False,True,False
KL_0062,Thrissur,Irinjalakuda,Kodumukku,10.726556,76.256346,rural,125,21.8,False,2024,7,2024-07-01,7361.47,7361.47,229.4,43.64,0.0,False,0.878,0.2356,58.89,False,True,False
KL_0062,Thrissur,Irinjalakuda,Kodumukku,10.726556,76.256346,rural,125,21.8,False,2024,8,2024-08-01,7540.13,7540.13,227.9,41.44,0.0,False,0.796,0.2413,60.32,False,True,False
KL_0062,Thrissur,Irinjalakuda,Kodumukku,10.726556,76.256346,rural,125,21.8,False,2024,9,2024-09-01,14834.56,14834.56,217.9,93.55,0.0,False,0.791,0.4747,118.68,False,True,False
KL_0062,Thrissur,Irinjalakuda,Kodumukku,10.726556,76.256346,rural,125,21.8,False,2024,10,2024-10-01,13295.46,13295.46,230.4,73.63,0.0,False,0.859,0.4255,106.36,False,False,False
KL_0062,Thrissur,Irinjalakuda,Kodumukku,10.726556,76.256346,rural,125,21.8,False,2024,11,2024-11-01,8397.96,8397.96,225.1,54.35,0.0,False,0.912,0.2687,67.18,False,False,False
KL_0062,Thrissur,Irinjalakuda,Kodumukku,10.726556,76.256346,rural,125,21.8,False,2024,12,2024-12-01,11442.49,11442.49,239.6,71.93,0.0,False,0.892,0.3662,91.54,False,False,True
KL_0063,Ernakulam,Aluva,Thodupuram,10.049093,76.284129,semi-urban,138,9.16,False,2023,1,2023-01-01,17346.91,17346.91,222.2,103.76,0.0,False,0.816,0.5028,125.7,False,False,True
KL_0063,Ernakulam,Aluva,Thodupuram,10.049093,76.284129,semi-urban,138,9.16,False,2023,2,2023-02-01,19221.24,19221.24,222.6,109.15,0.0,False,0.965,0.5571,139.28,False,False,True
KL_0063,Ernakulam,Aluva,Thodupuram,10.049093,76.284129,semi-urban,138,9.16,False,2023,3,2023-03-01,25825.35,25825.35,211.3,183.88,0.0,False,0.749,0.7486,187.14,True,False,False
KL_0063,Ernakulam,Aluva,Thodupuram,10.049093,76.284129,semi-urban,138,9.16,False,2023,4,2023-04-01,21027.44,21027.44,229.6,115.28,0.0,False,0.851,0.6095,152.37,True,False,False
KL_0063,Ernakulam,Aluva,Thodupuram,10.049093,76.284129,semi-urban,138,9.16,False,2023,5,2023-05-01,23634.31,23634.31,220.7,145.49,0.0,False,0.855,0.6851,171.26,True,False,False
KL_0063,Ernakulam,Aluva,Thodupuram,10.049093,76.284129,semi-urban,138,9.16,False,2023,6,2023-06-01,26623.68,26623.68,225.7,147.64,0.0,False,0.84,0.7717,192.93,False,True,False
KL_0063,Ernakulam,Aluva,Thodupuram,10.049093,76.284129,semi-urban,138,9.16,False,2023,7,2023-07-01,16418.22,16418.22,238.2,87.97,0.0,False,0.876,0.4759,118.97,False,True,False
KL_0063,Ernakulam,Aluva,Thodupuram,10.049093,76.284129,semi-urban,138,9.16,False,2023,8,2023-08-01,17829.69,17829.69,235.7,108.64,0.0,False,0.84,0.5168,129.2,False,True,False
KL_0063,Ernakulam,Aluva,Thodupuram,10.049093,76.284129,semi-urban,138,9.16,False,2023,9,2023-09-01,25082.75,25082.75,226.7,154.96,0.0,False,0.775,0.727,181.76,False,True,False
KL_0063,Ernakulam,Aluva,Thodupuram,10.049093,76.284129,semi-urban,138,9.16,False,2023,10,2023-10-01,18899.58,18899.58,225.0,119.32,0.0,False,0.846,0.5478,136.95,False,False,False
KL_0063,Ernakulam,Aluva,Thodupuram,10.049093,76.284129,semi-urban,138,9.16,False,2023,11,2023-11-01,25488.3,25488.3,224.9,148.19,0.0,False,0.858,0.7388,184.7,False,False,False
KL_0063,Ernakulam,Aluva,Thodupuram,10.049093,76.284129,semi-urban,138,9.16,False,2023,12,2023-12-01,16601.84,16601.84,239.1,96.86,0.0,False,0.896,0.4812,120.3,False,False,True
KL_0063,Ernakulam,Aluva,Thodupuram,10.049093,76.284129,semi-urban,138,9.16,False,2024,1,2024-01-01,25564.14,25564.14,220.2,157.24,0.0,False,0.921,0.741,185.25,False,False,True
KL_0063,Ernakulam,Aluva,Thodupuram,10.049093,76.284129,semi-urban,138,9.16,False,2024,2,2024-02-01,11018.91,11018.91,221.6,70.35,0.0,False,0.807,0.3194,79.85,False,False,True
KL_0063,Ernakulam,Aluva,Thodupuram,10.049093,76.284129,semi-urban,138,9.16,False,2024,3,2024-03-01,17173.84,17173.84,229.6,114.17,0.0,False,0.934,0.4978,124.45,True,False,False
KL_0063,Ernakulam,Aluva,Thodupuram,10.049093,76.284129,semi-urban,138,9.16,False,2024,4,2024-04-01,18312.71,18312.71,214.3,127.11,0.0,False,0.829,0.5308,132.7,True,False,False
KL_0063,Ernakulam,Aluva,Thodupuram,10.049093,76.284129,semi-urban,138,9.16,False,2024,5,2024-05-01,23296.19,23296.19,223.5,148.38,0.0,False,0.824,0.6753,168.81,True,False,False
KL_0063,Ernakulam,Aluva,Thodupuram,10.049093,76.284129,semi-urban,138,9.16,False,2024,6,2024-06-01,11205.23,11205.23,219.0,71.38,0.0,False,0.829,0.3248,81.2,False,True,False
KL_0063,Ernakulam,Aluva,Thodupuram,10.049093,76.284129,semi-urban,138,9.16,False,2024,7,2024-07-01,15915.8,15915.8,227.8,97.75,0.0,False,0.752,0.4613,115.33,False,True,False
KL_0063,Ernakulam,Aluva,Thodupuram,10.049093,76.284129,semi-urban,138,9.16,False,2024,8,2024-08-01,16694.41,16694.41,228.4,102.86,0.0,False,0.829,0.4839,120.97,False,True,False
KL_0063,Ernakulam,Aluva,Thodupuram,10.049093,76.284129,semi-urban,138,9.16,False,2024,9,2024-09-01,18170.93,18170.93,237.6,112.19,0.0,False,0.916,0.5267,131.67,False,True,False
KL_0063,Ernakulam,Aluva,Thodupuram,10.049093,76.284129,semi-urban,138,9.16,False,2024,10,2024-10-01,16671.67,16671.67,222.6,105.21,0.0,False,0.874,0.4832,120.81,False,False,False
KL_0063,Ernakulam,Aluva,Thodupuram,10.049093,76.284129,semi-urban,138,9.16,False,2024,11,2024-11-01,24634.06,24634.06,230.9,148.24,0.0,False,0.861,0.714,178.51,False,False,False
KL_0063,Ernakulam,Aluva,Thodupuram,10.049093,76.284129,semi-urban,138,9.16,False,2024,12,2024-12-01,20464.23,20464.23,221.2,118.2,0.0,False,0.868,0.5932,148.29,False,False,True
KL_0064,Kollam,Karunagappally,Kottapara,8.956453,76.591006,semi-urban,126,5.75,False,2023,1,2023-01-01,12026.76,12026.76,246.8,72.96,0.0,False,0.913,0.3818,95.45,False,False,True
KL_0064,Kollam,Karunagappally,Kottapara,8.956453,76.591006,semi-urban,126,5.75,False,2023,2,2023-02-01,15383.43,15383.43,238.8,81.53,0.0,False,0.806,0.4884,122.09,False,False,True
KL_0064,Kollam,Karunagappally,Kottapara,8.956453,76.591006,semi-urban,126,5.75,False,2023,3,2023-03-01,18317.72,18317.72,215.6,114.63,0.0,False,0.895,0.5815,145.38,True,False,False
KL_0064,Kollam,Karunagappally,Kottapara,8.956453,76.591006,semi-urban,126,5.75,False,2023,4,2023-04-01,6326.73,6326.73,236.3,37.44,0.0,False,0.853,0.2008,50.21,True,False,False
KL_0064,Kollam,Karunagappally,Kottapara,8.956453,76.591006,semi-urban,126,5.75,False,2023,5,2023-05-01,13691.9,13691.9,236.5,76.94,0.0,False,0.811,0.4347,108.67,True,False,False
KL_0064,Kollam,Karunagappally,Kottapara,8.956453,76.591006,semi-urban,126,5.75,False,2023,6,2023-06-01,13670.66,13670.66,215.2,95.02,0.0,False,0.873,0.434,108.5,False,True,False
KL_0064,Kollam,Karunagappally,Kottapara,8.956453,76.591006,semi-urban,126,5.75,False,2023,7,2023-07-01,12700.92,12700.92,234.9,78.21,0.0,False,0.854,0.4032,100.8,False,True,False
KL_0064,Kollam,Karunagappally,Kottapara,8.956453,76.591006,semi-urban,126,5.75,False,2023,8,2023-08-01,18368.34,18368.34,220.0,116.02,0.0,False,0.81,0.5831,145.78,False,True,False
KL_0064,Kollam,Karunagappally,Kottapara,8.956453,76.591006,semi-urban,126,5.75,False,2023,9,2023-09-01,17432.83,17432.83,226.6,115.85,0.0,False,0.797,0.5534,138.36,False,True,False
KL_0064,Kollam,Karunagappally,Kottapara,8.956453,76.591006,semi-urban,126,5.75,False,2023,10,2023-10-01,18722.44,18722.44,227.7,104.49,0.0,False,0.828,0.5944,148.59,False,False,False
KL_0064,Kollam,Karunagappally,Kottapara,8.956453,76.591006,semi-urban,126,5.75,False,2023,11,2023-11-01,14815.66,14815.66,228.7,81.75,0.0,False,0.824,0.4703,117.58,False,False,False
KL_0064,Kollam,Karunagappally,Kottapara,8.956453,76.591006,semi-urban,126,5.75,False,2023,12,2023-12-01,18518.34,18518.34,226.5,119.0,0.0,False,0.911,0.5879,146.97,False,False,True
KL_0064,Kollam,Karunagappally,Kottapara,8.956453,76.591006,semi-urban,126,5.75,False,2024,1,2024-01-01,18069.54,18069.54,237.5,113.41,0.0,False,0.839,0.5736,143.41,False,False,True
KL_0064,Kollam,Karunagappally,Kottapara,8.956453,76.591006,semi-urban,126,5.75,False,2024,2,2024-02-01,15201.67,15201.67,223.6,88.48,0.0,False,0.831,0.4826,120.65,False,False,True
KL_0064,Kollam,Karunagappally,Kottapara,8.956453,76.591006,semi-urban,126,5.75,False,2024,3,2024-03-01,11290.65,11290.65,207.1,78.34,0.0,False,0.906,0.3584,89.61,True,False,False
KL_0064,Kollam,Karunagappally,Kottapara,8.956453,76.591006,semi-urban,126,5.75,False,2024,4,2024-04-01,27862.67,27862.67,233.2,180.99,0.0,False,0.917,0.8845,221.13,True,False,False
KL_0064,Kollam,Karunagappally,Kottapara,8.956453,76.591006,semi-urban,126,5.75,False,2024,5,2024-05-01,28890.91,28890.91,238.3,169.03,0.0,False,0.808,0.9172,229.29,True,False,False
KL_0064,Kollam,Karunagappally,Kottapara,8.956453,76.591006,semi-urban,126,5.75,False,2024,6,2024-06-01,21836.05,21836.05,217.2,148.57,0.0,False,0.788,0.6932,173.3,False,True,False
KL_0064,Kollam,Karunagappally,Kottapara,8.956453,76.591006,semi-urban,126,5.75,False,2024,7,2024-07-01,15334.81,15334.81,220.9,98.36,0.0,False,0.876,0.4868,121.7,False,True,False
KL_0064,Kollam,Karunagappally,Kottapara,8.956453,76.591006,semi-urban,126,5.75,False,2024,8,2024-08-01,23590.7,23590.7,237.5,129.13,0.0,False,0.84,0.7489,187.23,False,True,False
KL_0064,Kollam,Karunagappally,Kottapara,8.956453,76.591006,semi-urban,126,5.75,False,2024,9,2024-09-01,17538.66,17538.66,236.1,112.36,0.0,False,0.823,0.5568,139.2,False,True,False
KL_0064,Kollam,Karunagappally,Kottapara,8.956453,76.591006,semi-urban,126,5.75,False,2024,10,2024-10-01,15179.73,15179.73,219.7,92.95,0.0,False,0.902,0.4819,120.47,False,False,False
KL_0064,Kollam,Karunagappally,Kottapara,8.956453,76.591006,semi-urban,126,5.75,False,2024,11,2024-11-01,14608.78,14608.78,229.6,97.17,0.0,False,0.837,0.4638,115.94,False,False,False
KL_0064,Kollam,Karunagappally,Kottapara,8.956453,76.591006,semi-urban,126,5.75,False,2024,12,2024-12-01,7622.44,7622.44,223.7,49.34,0.0,False,0.946,0.242,60.5,False,False,True
KL_0065,Thrissur,Thrissur,Pettamukku,10.569379,76.167782,urban,59,1.28,False,2023,1,2023-01-01,9632.38,9632.38,221.2,58.44,0.0,False,0.852,0.653,163.26,False,False,True
KL_0065,Thrissur,Thrissur,Pettamukku,10.569379,76.167782,urban,59,1.28,False,2023,2,2023-02-01,10464.74,10464.74,213.0,68.95,0.0,False,0.858,0.7095,177.37,False,False,True
KL_0065,Thrissur,Thrissur,Pettamukku,10.569379,76.167782,urban,59,1.28,False,2023,3,2023-03-01,8834.06,8834.06,228.3,54.95,0.0,False,0.962,0.5989,149.73,True,False,False
KL_0065,Thrissur,Thrissur,Pettamukku,10.569379,76.167782,urban,59,1.28,False,2023,4,2023-04-01,9916.92,9916.92,211.0,68.25,0.0,False,0.865,0.6723,168.08,True,False,False
KL_0065,Thrissur,Thrissur,Pettamukku,10.569379,76.167782,urban,59,1.28,False,2023,5,2023-05-01,16735.85,16735.85,227.5,91.99,0.0,False,0.815,1.1346,283.66,True,False,False
KL_0065,Thrissur,Thrissur,Pettamukku,10.569379,76.167782,urban,59,1.28,False,2023,6,2023-06-01,13243.56,13243.56,219.3,77.15,0.0,False,0.799,0.8979,224.47,False,True,False
KL_0065,Thrissur,Thrissur,Pettamukku,10.569379,76.167782,urban,59,1.28,False,2023,7,2023-07-01,7925.16,7925.16,227.1,48.79,0.0,False,0.827,0.5373,134.32,False,True,False
KL_0065,Thrissur,Thrissur,Pettamukku,10.569379,76.167782,urban,59,1.28,False,2023,8,2023-08-01,9726.26,9726.26,235.6,56.41,0.0,False,0.862,0.6594,164.85,False,True,False
KL_0065,Thrissur,Thrissur,Pettamukku,10.569379,76.167782,urban,59,1.28,False,2023,9,2023-09-01,10779.08,10779.08,231.9,61.15,0.0,False,0.896,0.7308,182.7,False,True,False
KL_0065,Thrissur,Thrissur,Pettamukku,10.569379,76.167782,urban,59,1.28,False,2023,10,2023-10-01,17987.43,17987.43,250.8,99.78,0.0,False,0.775,1.2195,304.87,False,False,False
KL_0065,Thrissur,Thrissur,Pettamukku,10.569379,76.167782,urban,59,1.28,False,2023,11,2023-11-01,11642.37,11642.37,230.6,70.18,0.0,False,0.85,0.7893,197.33,False,False,False
KL_0065,Thrissur,Thrissur,Pettamukku,10.569379,76.167782,urban,59,1.28,False,2023,12,2023-12-01,10786.62,10786.62,231.7,60.38,0.0,False,0.914,0.7313,182.82,False,False,True
KL_0065,Thrissur,Thrissur,Pettamukku,10.569379,76.167782,urban,59,1.28,False,2024,1,2024-01-01,13110.13,13110.13,216.0,83.08,0.0,False,0.863,0.8888,222.21,False,False,True
KL_0065,Thrissur,Thrissur,Pettamukku,10.569379,76.167782,urban,59,1.28,False,2024,2,2024-02-01,9394.71,9394.71,211.1,58.96,0.0,False,0.918,0.6369,159.23,False,False,True
KL_0065,Thrissur,Thrissur,Pettamukku,10.569379,76.167782,urban,59,1.28,False,2024,3,2024-03-01,11517.78,11517.78,232.0,75.52,0.0,False,0.775,0.7809,195.22,True,False,False
KL_0065,Thrissur,Thrissur,Pettamukku,10.569379,76.167782,urban,59,1.28,False,2024,4,2024-04-01,9001.55,9001.55,238.8,52.19,0.0,False,0.839,0.6103,152.57,True,False,False
KL_0065,Thrissur,Thrissur,Pettamukku,10.569379,76.167782,urban,59,1.28,False,2024,5,2024-05-01,9590.31,9590.31,216.7,56.48,0.0,False,0.856,0.6502,162.55,True,False,False
KL_0065,Thrissur,Thrissur,Pettamukku,10.569379,76.167782,urban,59,1.28,False,2024,6,2024-06-01,13869.35,13869.35,224.0,89.71,0.0,False,0.878,0.9403,235.07,False,True,False
KL_0065,Thrissur,Thrissur,Pettamukku,10.569379,76.167782,urban,59,1.28,False,2024,7,2024-07-01,9042.24,9042.24,221.5,59.1,0.0,False,0.807,0.613,153.26,False,True,False
KL_0065,Thrissur,Thrissur,Pettamukku,10.569379,76.167782,urban,59,1.28,False,2024,8,2024-08-01,9254.4,9254.4,245.4,47.81,0.0,False,0.871,0.6274,156.85,False,True,False
KL_0065,Thrissur,Thrissur,Pettamukku,10.569379,76.167782,urban,59,1.28,False,2024,9,2024-09-01,13303.11,13303.11,226.9,78.02,0.0,False,0.875,0.9019,225.48,False,True,False
KL_0065,Thrissur,Thrissur,Pettamukku,10.569379,76.167782,urban,59,1.28,False,2024,10,2024-10-01,11194.29,11194.29,217.5,67.49,0.0,False,0.846,0.7589,189.73,False,False,False
KL_0065,Thrissur,Thrissur,Pettamukku,10.569379,76.167782,urban,59,1.28,False,2024,11,2024-11-01,7611.07,7611.07,233.0,46.41,0.0,False,0.873,0.516,129.0,False,False,False
KL_0065,Thrissur,Thrissur,Pettamukku,10.569379,76.167782,urban,59,1.28,False,2024,12,2024-12-01,5802.6,5802.6,224.4,36.9,0.0,False,0.866,0.3934,98.35,False,False,True
KL_0066,Pathanamthitta,Mallappally,Manjamoodu,9.37504,76.72165,rural,199,22.75,False,2023,1,2023-01-01,21888.41,21888.41,215.0,128.71,0.0,False,0.817,0.44,109.99,False,False,True
KL_0066,Pathanamthitta,Mallappally,Manjamoodu,9.37504,76.72165,rural,199,22.75,False,2023,2,2023-02-01,6182.92,6182.92,224.4,38.34,0.0,False,0.842,0.1243,31.07,False,False,True
KL_0066,Pathanamthitta,Mallappally,Manjamoodu,9.37504,76.72165,rural,199,22.75,False,2023,3,2023-03-01,14354.73,14354.73,229.6,84.33,0.0,False,0.788,0.2885,72.13,True,False,False
KL_0066,Pathanamthitta,Mallappally,Manjamoodu,9.37504,76.72165,rural,199,22.75,False,2023,4,2023-04-01,25936.82,25936.82,238.1,149.23,0.0,False,0.775,0.5213,130.34,True,False,False
KL_0066,Pathanamthitta,Mallappally,Manjamoodu,9.37504,76.72165,rural,199,22.75,False,2023,5,2023-05-01,27757.92,27757.92,218.0,184.75,0.0,False,0.863,0.5579,139.49,True,False,False
KL_0066,Pathanamthitta,Mallappally,Manjamoodu,9.37504,76.72165,rural,199,22.75,False,2023,6,2023-06-01,16011.71,16011.71,214.9,99.74,0.0,False,0.755,0.3218,80.46,False,True,False
KL_0066,Pathanamthitta,Mallappally,Manjamoodu,9.37504,76.72165,rural,199,22.75,False,2023,7,2023-07-01,10855.57,10855.57,235.7,60.72,0.0,False,0.838,0.2182,54.55,False,True,False
KL_0066,Pathanamthitta,Mallappally,Manjamoodu,9.37504,76.72165,rural,199,22.75,False,2023,8,2023-08-01,16620.99,16620.99,222.4,106.57,0.0,False,0.871,0.3341,83.52,False,True,False
KL_0066,Pathanamthitta,Mallappally,Manjamoodu,9.37504,76.72165,rural,199,22.75,False,2023,9,2023-09-01,14906.6,14906.6,221.2,90.01,0.0,False,0.851,0.2996,74.91,False,True,False
KL_0066,Pathanamthitta,Mallappally,Manjamoodu,9.37504,76.72165,rural,199,22.75,False,2023,10,2023-10-01,10449.28,10449.28,228.8,60.03,0.0,False,0.959,0.21,52.51,False,False,False
KL_0066,Pathanamthitta,Mallappally,Manjamoodu,9.37504,76.72165,rural,199,22.75,False,2023,11,2023-11-01,16118.66,16118.66,234.2,98.62,0.0,False,0.871,0.324,81.0,False,False,False
KL_0066,Pathanamthitta,Mallappally,Manjamoodu,9.37504,76.72165,rural,199,22.75,False,2023,12,2023-12-01,13729.45,13729.45,222.7,80.21,0.0,False,0.837,0.276,68.99,False,False,True
KL_0066,Pathanamthitta,Mallappally,Manjamoodu,9.37504,76.72165,rural,199,22.75,False,2024,1,2024-01-01,11382.81,11382.81,229.0,73.13,0.0,False,0.88,0.2288,57.2,False,False,True
KL_0066,Pathanamthitta,Mallappally,Manjamoodu,9.37504,76.72165,rural,199,22.75,False,2024,2,2024-02-01,18514.38,18514.38,224.1,109.97,0.0,False,0.784,0.3721,93.04,False,False,True
KL_0066,Pathanamthitta,Mallappally,Manjamoodu,9.37504,76.72165,rural,199,22.75,False,2024,3,2024-03-01,5252.15,5252.15,234.9,30.65,0.0,False,0.9,0.1056,26.39,True,False,False
KL_0066,Pathanamthitta,Mallappally,Manjamoodu,9.37504,76.72165,rural,199,22.75,False,2024,4,2024-04-01,25872.05,25872.05,235.4,149.19,0.0,False,0.825,0.52,130.01,True,False,False
KL_0066,Pathanamthitta,Mallappally,Manjamoodu,9.37504,76.72165,rural,199,22.75,False,2024,5,2024-05-01,29219.94,29219.94,228.2,166.18,0.0,False,0.905,0.5873,146.83,True,False,False
KL_0066,Pathanamthitta,Mallappally,Manjamoodu,9.37504,76.72165,rural,199,22.75,False,2024,6,2024-06-01,25957.85,25957.85,223.1,162.54,0.0,False,0.87,0.5218,130.44,False,True,False
KL_0066,Pathanamthitta,Mallappally,Manjamoodu,9.37504,76.72165,rural,199,22.75,False,2024,7,2024-07-01,14159.84,14159.84,222.7,85.37,0.0,False,0.881,0.2846,71.15,False,True,False
KL_0066,Pathanamthitta,Mallappally,Manjamoodu,9.37504,76.72165,rural,199,22.75,False,2024,8,2024-08-01,12975.11,12975.11,227.9,82.16,0.0,False,0.822,0.2608,65.2,False,True,False
KL_0066,Pathanamthitta,Mallappally,Manjamoodu,9.37504,76.72165,rural,199,22.75,False,2024,9,2024-09-01,17271.73,17271.73,226.0,104.82,0.0,False,0.793,0.3472,86.79,False,True,False
KL_0066,Pathanamthitta,Mallappally,Manjamoodu,9.37504,76.72165,rural,199,22.75,False,2024,10,2024-10-01,17319.88,17319.88,212.9,122.66,0.0,False,0.792,0.3481,87.03,False,False,False
KL_0066,Pathanamthitta,Mallappally,Manjamoodu,9.37504,76.72165,rural,199,22.75,False,2024,11,2024-11-01,16194.17,16194.17,228.8,89.57,0.0,False,0.764,0.3255,81.38,False,False,False
KL_0066,Pathanamthitta,Mallappally,Manjamoodu,9.37504,76.72165,rural,199,22.75,False,2024,12,2024-12-01,21967.16,21967.16,219.9,145.61,0.0,False,0.831,0.4416,110.39,False,False,True
KL_0067,Thrissur,Kunnamkulam,Manjakunnu,10.611439,76.055297,rural,112,23.76,False,2023,1,2023-01-01,12070.53,12070.53,223.4,69.5,0.0,False,0.821,0.4311,107.77,False,False,True
KL_0067,Thrissur,Kunnamkulam,Manjakunnu,10.611439,76.055297,rural,112,23.76,False,2023,2,2023-02-01,8687.8,8687.8,210.3,54.71,0.0,False,0.901,0.3103,77.57,False,False,True
KL_0067,Thrissur,Kunnamkulam,Manjakunnu,10.611439,76.055297,rural,112,23.76,False,2023,3,2023-03-01,12084.78,12084.78,236.5,68.82,0.0,False,0.798,0.4316,107.9,True,False,False
KL_0067,Thrissur,Kunnamkulam,Manjakunnu,10.611439,76.055297,rural,112,23.76,False,2023,4,2023-04-01,10953.79,10953.79,225.0,68.93,0.0,False,0.96,0.3912,97.8,True,False,False
KL_0067,Thrissur,Kunnamkulam,Manjakunnu,10.611439,76.055297,rural,112,23.76,False,2023,5,2023-05-01,11081.54,11081.54,211.2,72.64,0.0,False,0.8,0.3958,98.94,True,False,False
KL_0067,Thrissur,Kunnamkulam,Manjakunnu,10.611439,76.055297,rural,112,23.76,False,2023,6,2023-06-01,8500.75,8500.75,234.2,48.25,0.0,False,0.805,0.3036,75.9,False,True,False
KL_0067,Thrissur,Kunnamkulam,Manjakunnu,10.611439,76.055297,rural,112,23.76,False,2023,7,2023-07-01,13724.65,13724.65,227.9,85.96,0.0,False,0.776,0.4902,122.54,False,True,False
KL_0067,Thrissur,Kunnamkulam,Manjakunnu,10.611439,76.055297,rural,112,23.76,False,2023,8,2023-08-01,8742.37,8742.37,209.6,52.46,0.0,False,0.85,0.3122,78.06,False,True,False
KL_0067,Thrissur,Kunnamkulam,Manjakunnu,10.611439,76.055297,rural,112,23.76,False,2023,9,2023-09-01,11832.5,11832.5,227.4,66.69,0.0,False,0.834,0.4226,105.65,False,True,False
KL_0067,Thrissur,Kunnamkulam,Manjakunnu,10.611439,76.055297,rural,112,23.76,False,2023,10,2023-10-01,11072.17,11072.17,236.9,62.3,0.0,False,0.845,0.3954,98.86,False,False,False
KL_0067,Thrissur,Kunnamkulam,Manjakunnu,10.611439,76.055297,rural,112,23.76,False,2023,11,2023-11-01,6111.2,6111.2,240.5,36.52,0.0,False,0.87,0.2183,54.56,False,False,False
KL_0067,Thrissur,Kunnamkulam,Manjakunnu,10.611439,76.055297,rural,112,23.76,False,2023,12,2023-12-01,7492.01,7492.01,228.9,49.42,0.0,False,0.899,0.2676,66.89,False,False,True
KL_0067,Thrissur,Kunnamkulam,Manjakunnu,10.611439,76.055297,rural,112,23.76,False,2024,1,2024-01-01,7933.58,7933.58,228.9,49.82,0.0,False,0.792,0.2833,70.84,False,False,True
KL_0067,Thrissur,Kunnamkulam,Manjakunnu,10.611439,76.055297,rural,112,23.76,False,2024,2,2024-02-01,7596.15,7596.15,224.6,45.46,0.0,False,0.851,0.2713,67.82,False,False,True
KL_0067,Thrissur,Kunnamkulam,Manjakunnu,10.611439,76.055297,rural,112,23.76,False,2024,3,2024-03-01,14764.56,14764.56,233.6,88.77,0.0,False,0.893,0.5273,131.83,True,False,False
KL_0067,Thrissur,Kunnamkulam,Manjakunnu,10.611439,76.055297,rural,112,23.76,False,2024,4,2024-04-01,7984.75,7984.75,219.9,45.55,0.0,False,0.795,0.2852,71.29,True,False,False
KL_0067,Thrissur,Kunnamkulam,Manjakunnu,10.611439,76.055297,rural,112,23.76,False,2024,5,2024-05-01,11183.88,11183.88,233.2,70.06,0.0,False,0.988,0.3994,99.86,True,False,False
KL_0067,Thrissur,Kunnamkulam,Manjakunnu,10.611439,76.055297,rural,112,23.76,False,2024,6,2024-06-01,8104.68,8104.68,228.7,51.17,0.0,False,0.967,0.2895,72.36,False,True,False
KL_0067,Thrissur,Kunnamkulam,Manjakunnu,10.611439,76.055297,rural,112,23.76,False,2024,7,2024-07-01,8974.47,8974.47,213.2,58.08,0.0,False,0.846,0.3205,80.13,False,True,False
KL_0067,Thrissur,Kunnamkulam,Manjakunnu,10.611439,76.055297,rural,112,23.76,False,2024,8,2024-08-01,12542.71,12542.71,222.4,77.88,0.0,False,0.795,0.448,111.99,False,True,False
KL_0067,Thrissur,Kunnamkulam,Manjakunnu,10.611439,76.055297,rural,112,23.76,False,2024,9,2024-09-01,13383.31,13383.31,209.5,95.21,0.0,False,0.801,0.478,119.49,False,True,False
KL_0067,Thrissur,Kunnamkulam,Manjakunnu,10.611439,76.055297,rural,112,23.76,False,2024,10,2024-10-01,16745.55,16745.55,241.6,96.16,0.0,False,0.862,0.5981,149.51,False,False,False
KL_0067,Thrissur,Kunnamkulam,Manjakunnu,10.611439,76.055297,rural,112,23.76,False,2024,11,2024-11-01,8317.18,8317.18,218.0,57.28,0.0,False,0.882,0.297,74.26,False,False,False
KL_0067,Thrissur,Kunnamkulam,Manjakunnu,10.611439,76.055297,rural,112,23.76,False,2024,12,2024-12-01,5442.83,5442.83,233.5,33.23,0.0,False,0.758,0.1944,48.6,False,False,True
KL_0068,Pathanamthitta,Mallappally,Vadakkethara,9.202854,77.132693,rural,177,9.13,False,2023,1,2023-01-01,11118.14,11118.14,221.5,73.7,0.0,False,0.803,0.2513,62.81,False,False,True
KL_0068,Pathanamthitta,Mallappally,Vadakkethara,9.202854,77.132693,rural,177,9.13,False,2023,2,2023-02-01,20129.59,20129.59,231.4,129.55,0.0,False,0.857,0.4549,113.73,False,False,True
KL_0068,Pathanamthitta,Mallappally,Vadakkethara,9.202854,77.132693,rural,177,9.13,False,2023,3,2023-03-01,13346.15,13346.15,231.3,74.45,0.0,False,0.78,0.3016,75.4,True,False,False
KL_0068,Pathanamthitta,Mallappally,Vadakkethara,9.202854,77.132693,rural,177,9.13,False,2023,4,2023-04-01,18752.49,18752.49,227.6,111.58,0.0,False,0.835,0.4238,105.95,True,False,False
KL_0068,Pathanamthitta,Mallappally,Vadakkethara,9.202854,77.132693,rural,177,9.13,False,2023,5,2023-05-01,23664.17,23664.17,226.1,146.29,0.0,False,0.872,0.5348,133.7,True,False,False
KL_0068,Pathanamthitta,Mallappally,Vadakkethara,9.202854,77.132693,rural,177,9.13,False,2023,6,2023-06-01,14638.39,14638.39,215.5,98.07,0.0,False,0.842,0.3308,82.7,False,True,False
KL_0068,Pathanamthitta,Mallappally,Vadakkethara,9.202854,77.132693,rural,177,9.13,False,2023,7,2023-07-01,11187.65,11187.65,226.0,72.68,0.0,False,0.813,0.2528,63.21,False,True,False
KL_0068,Pathanamthitta,Mallappally,Vadakkethara,9.202854,77.132693,rural,177,9.13,False,2023,8,2023-08-01,15401.56,15401.56,227.7,95.73,0.0,False,0.854,0.3481,87.01,False,True,False
KL_0068,Pathanamthitta,Mallappally,Vadakkethara,9.202854,77.132693,rural,177,9.13,False,2023,9,2023-09-01,14112.8,14112.8,224.8,87.69,0.0,False,0.875,0.3189,79.73,False,True,False
KL_0068,Pathanamthitta,Mallappally,Vadakkethara,9.202854,77.132693,rural,177,9.13,False,2023,10,2023-10-01,19162.2,19162.2,216.2,130.89,0.0,False,0.804,0.433,108.26,False,False,False
KL_0068,Pathanamthitta,Mallappally,Vadakkethara,9.202854,77.132693,rural,177,9.13,False,2023,11,2023-11-01,15655.87,15655.87,213.8,92.74,0.0,False,0.867,0.3538,88.45,False,False,False
KL_0068,Pathanamthitta,Mallappally,Vadakkethara,9.202854,77.132693,rural,177,9.13,False,2023,12,2023-12-01,9503.34,9503.34,233.0,52.29,0.0,False,0.866,0.2148,53.69,False,False,True
KL_0068,Pathanamthitta,Mallappally,Vadakkethara,9.202854,77.132693,rural,177,9.13,False,2024,1,2024-01-01,14394.26,14394.26,231.7,79.82,0.0,False,0.876,0.3253,81.32,False,False,True
KL_0068,Pathanamthitta,Mallappally,Vadakkethara,9.202854,77.132693,rural,177,9.13,False,2024,2,2024-02-01,14375.93,14375.93,212.8,88.4,0.0,False,0.863,0.3249,81.22,False,False,True
KL_0068,Pathanamthitta,Mallappally,Vadakkethara,9.202854,77.132693,rural,177,9.13,False,2024,3,2024-03-01,15368.94,15368.94,233.8,97.38,0.0,False,0.857,0.3473,86.83,True,False,False
KL_0068,Pathanamthitta,Mallappally,Vadakkethara,9.202854,77.132693,rural,177,9.13,False,2024,4,2024-04-01,14231.25,14231.25,221.4,86.1,0.0,False,0.842,0.3216,80.4,True,False,False
KL_0068,Pathanamthitta,Mallappally,Vadakkethara,9.202854,77.132693,rural,177,9.13,False,2024,5,2024-05-01,21431.93,21431.93,240.1,134.1,0.0,False,0.835,0.4843,121.08,True,False,False
KL_0068,Pathanamthitta,Mallappally,Vadakkethara,9.202854,77.132693,rural,177,9.13,False,2024,6,2024-06-01,12174.5,12174.5,227.9,78.43,0.0,False,0.886,0.2751,68.78,False,True,False
KL_0068,Pathanamthitta,Mallappally,Vadakkethara,9.202854,77.132693,rural,177,9.13,False,2024,7,2024-07-01,10029.42,10029.42,226.5,58.47,0.0,False,0.845,0.2267,56.66,False,True,False
KL_0068,Pathanamthitta,Mallappally,Vadakkethara,9.202854,77.132693,rural,177,9.13,False,2024,8,2024-08-01,16461.21,16461.21,229.0,95.31,0.0,False,0.877,0.372,93.0,False,True,False
KL_0068,Pathanamthitta,Mallappally,Vadakkethara,9.202854,77.132693,rural,177,9.13,False,2024,9,2024-09-01,10121.65,10121.65,223.0,62.41,0.0,False,0.876,0.2287,57.18,False,True,False
KL_0068,Pathanamthitta,Mallappally,Vadakkethara,9.202854,77.132693,rural,177,9.13,False,2024,10,2024-10-01,26201.01,26201.01,229.7,148.88,0.0,False,0.803,0.5921,148.03,False,False,False
KL_0068,Pathanamthitta,Mallappally,Vadakkethara,9.202854,77.132693,rural,177,9.13,False,2024,11,2024-11-01,24103.54,24103.54,211.9,145.49,0.0,False,0.834,0.5447,136.18,False,False,False
KL_0068,Pathanamthitta,Mallappally,Vadakkethara,9.202854,77.132693,rural,177,9.13,False,2024,12,2024-12-01,20640.95,20640.95,245.5,106.53,0.0,False,0.847,0.4665,116.62,False,False,True
KL_0069,Kottayam,Ettumanoor,Idavamukku,9.747208,76.441298,semi-urban,39,2.7,False,2023,1,2023-01-01,5141.93,5141.93,219.0,34.97,0.0,False,0.855,0.5274,131.84,False,False,True
KL_0069,Kottayam,Ettumanoor,Idavamukku,9.747208,76.441298,semi-urban,39,2.7,False,2023,2,2023-02-01,3714.82,3714.82,232.8,20.29,0.0,False,0.871,0.381,95.25,False,False,True
KL_0069,Kottayam,Ettumanoor,Idavamukku,9.747208,76.441298,semi-urban,39,2.7,False,2023,3,2023-03-01,1936.61,1936.61,231.5,11.27,0.0,False,0.859,0.1986,49.66,True,False,False
KL_0069,Kottayam,Ettumanoor,Idavamukku,9.747208,76.441298,semi-urban,39,2.7,False,2023,4,2023-04-01,4075.95,4075.95,241.1,24.71,0.0,False,0.852,0.418,104.51,True,False,False
KL_0069,Kottayam,Ettumanoor,Idavamukku,9.747208,76.441298,semi-urban,39,2.7,False,2023,5,2023-05-01,7548.4,7548.4,233.8,42.1,0.0,False,0.828,0.7742,193.55,True,False,False
KL_0069,Kottayam,Ettumanoor,Idavamukku,9.747208,76.441298,semi-urban,39,2.7,False,2023,6,2023-06-01,8182.63,8182.63,218.3,46.96,0.0,False,0.903,0.8392,209.81,False,True,False
KL_0069,Kottayam,Ettumanoor,Idavamukku,9.747208,76.441298,semi-urban,39,2.7,False,2023,7,2023-07-01,4589.22,4589.22,235.8,26.63,0.0,False,0.867,0.4707,117.67,False,True,False
KL_0069,Kottayam,Ettumanoor,Idavamukku,9.747208,76.441298,semi-urban,39,2.7,False,2023,8,2023-08-01,5460.18,5460.18,217.5,35.93,0.0,False,0.844,0.56,140.0,False,True,False
KL_0069,Kottayam,Ettumanoor,Idavamukku,9.747208,76.441298,semi-urban,39,2.7,False,2023,9,2023-09-01,5199.57,5199.57,233.6,33.89,0.0,False,0.831,0.5333,133.32,False,True,False
KL_0069,Kottayam,Ettumanoor,Idavamukku,9.747208,76.441298,semi-urban,39,2.7,False,2023,10,2023-10-01,5079.78,5079.78,215.9,35.73,0.0,False,0.864,0.521,130.25,False,False,False
KL_0069,Kottayam,Ettumanoor,Idavamukku,9.747208,76.441298,semi-urban,39,2.7,False,2023,11,2023-11-01,4714.22,4714.22,218.5,29.06,0.0,False,0.851,0.4835,120.88,False,False,False
KL_0069,Kottayam,Ettumanoor,Idavamukku,9.747208,76.441298,semi-urban,39,2.7,False,2023,12,2023-12-01,4681.07,4681.07,235.1,26.49,0.0,False,0.774,0.4801,120.03,False,False,True
KL_0069,Kottayam,Ettumanoor,Idavamukku,9.747208,76.441298,semi-urban,39,2.7,False,2024,1,2024-01-01,1592.51,1592.51,215.4,9.94,0.0,False,0.8,0.1633,40.83,False,False,True
KL_0069,Kottayam,Ettumanoor,Idavamukku,9.747208,76.441298,semi-urban,39,2.7,False,2024,2,2024-02-01,6312.01,6312.01,246.5,35.51,0.0,False,0.915,0.6474,161.85,False,False,True
KL_0069,Kottayam,Ettumanoor,Idavamukku,9.747208,76.441298,semi-urban,39,2.7,False,2024,3,2024-03-01,6721.57,6721.57,235.5,42.66,0.0,False,0.869,0.6894,172.35,True,False,False
KL_0069,Kottayam,Ettumanoor,Idavamukku,9.747208,76.441298,semi-urban,39,2.7,False,2024,4,2024-04-01,6595.11,6595.11,228.1,38.94,0.0,False,0.818,0.6764,169.11,True,False,False
KL_0069,Kottayam,Ettumanoor,Idavamukku,9.747208,76.441298,semi-urban,39,2.7,False,2024,5,2024-05-01,9915.17,9915.17,217.4,67.16,0.0,False,0.831,1.0169,254.24,True,False,False
KL_0069,Kottayam,Ettumanoor,Idavamukku,9.747208,76.441298,semi-urban,39,2.7,False,2024,6,2024-06-01,3611.13,3611.13,235.9,23.2,0.0,False,0.807,0.3704,92.59,False,True,False
KL_0069,Kottayam,Ettumanoor,Idavamukku,9.747208,76.441298,semi-urban,39,2.7,False,2024,7,2024-07-01,3059.92,3059.92,244.0,18.8,0.0,False,0.824,0.3138,78.46,False,True,False
KL_0069,Kottayam,Ettumanoor,Idavamukku,9.747208,76.441298,semi-urban,39,2.7,False,2024,8,2024-08-01,6359.77,6359.77,216.4,41.33,0.0,False,0.901,0.6523,163.07,False,True,False
KL_0069,Kottayam,Ettumanoor,Idavamukku,9.747208,76.441298,semi-urban,39,2.7,False,2024,9,2024-09-01,4482.08,4482.08,227.8,26.36,0.0,False,0.841,0.4597,114.93,False,True,False
KL_0069,Kottayam,Ettumanoor,Idavamukku,9.747208,76.441298,semi-urban,39,2.7,False,2024,10,2024-10-01,5630.62,5630.62,237.3,34.11,0.0,False,0.892,0.5775,144.37,False,False,False
KL_0069,Kottayam,Ettumanoor,Idavamukku,9.747208,76.441298,semi-urban,39,2.7,False,2024,11,2024-11-01,6663.13,6663.13,215.1,42.29,0.0,False,0.931,0.6834,170.85,False,False,False
KL_0069,Kottayam,Ettumanoor,Idavamukku,9.747208,76.441298,semi-urban,39,2.7,False,2024,12,2024-12-01,1841.31,1841.31,230.2,11.52,0.0,False,0.83,0.1889,47.21,False,False,True
KL_0070,Kottayam,Changanassery,Melaveli,9.65527,76.59423,semi-urban,40,4.24,False,2023,1,2023-01-01,7221.63,7221.63,228.3,47.69,0.0,False,0.785,0.7222,180.54,False,False,True
KL_0070,Kottayam,Changanassery,Melaveli,9.65527,76.59423,semi-urban,40,4.24,False,2023,2,2023-02-01,4806.47,4806.47,226.2,30.49,0.0,False,0.872,0.4806,120.16,False,False,True
KL_0070,Kottayam,Changanassery,Melaveli,9.65527,76.59423,semi-urban,40,4.24,False,2023,3,2023-03-01,7470.24,7470.24,217.8,51.87,0.0,False,0.809,0.747,186.76,True,False,False
KL_0070,Kottayam,Changanassery,Melaveli,9.65527,76.59423,semi-urban,40,4.24,False,2023,4,2023-04-01,5308.62,5308.62,235.2,31.99,0.0,False,0.85,0.5309,132.72,True,False,False
KL_0070,Kottayam,Changanassery,Melaveli,9.65527,76.59423,semi-urban,40,4.24,False,2023,5,2023-05-01,7658.05,7658.05,221.9,52.05,0.0,False,0.858,0.7658,191.45,True,False,False
KL_0070,Kottayam,Changanassery,Melaveli,9.65527,76.59423,semi-urban,40,4.24,False,2023,6,2023-06-01,4113.33,4113.33,227.0,25.76,0.0,False,0.943,0.4113,102.83,False,True,False
KL_0070,Kottayam,Changanassery,Melaveli,9.65527,76.59423,semi-urban,40,4.24,False,2023,7,2023-07-01,3303.89,3303.89,231.0,18.82,0.0,False,0.866,0.3304,82.6,False,True,False
KL_0070,Kottayam,Changanassery,Melaveli,9.65527,76.59423,semi-urban,40,4.24,False,2023,8,2023-08-01,4233.53,4233.53,209.6,30.62,0.0,False,0.827,0.4234,105.84,False,True,False
KL_0070,Kottayam,Changanassery,Melaveli,9.65527,76.59423,semi-urban,40,4.24,False,2023,9,2023-09-01,6778.03,6778.03,223.8,42.48,0.0,False,0.881,0.6778,169.45,False,True,False
KL_0070,Kottayam,Changanassery,Melaveli,9.65527,76.59423,semi-urban,40,4.24,False,2023,10,2023-10-01,5637.85,5637.85,238.1,34.23,0.0,False,0.891,0.5638,140.95,False,False,False
KL_0070,Kottayam,Changanassery,Melaveli,9.65527,76.59423,semi-urban,40,4.24,False,2023,11,2023-11-01,2999.89,2999.89,238.2,17.78,0.0,False,0.91,0.3,75.0,False,False,False
KL_0070,Kottayam,Changanassery,Melaveli,9.65527,76.59423,semi-urban,40,4.24,False,2023,12,2023-12-01,4567.03,4567.03,242.2,28.19,0.0,False,0.804,0.4567,114.18,False,False,True
KL_0070,Kottayam,Changanassery,Melaveli,9.65527,76.59423,semi-urban,40,4.24,False,2024,1,2024-01-01,4201.21,4201.21,222.9,25.79,0.0,False,0.915,0.4201,105.03,False,False,True
KL_0070,Kottayam,Changanassery,Melaveli,9.65527,76.59423,semi-urban,40,4.24,False,2024,2,2024-02-01,5849.46,5849.46,225.1,38.25,0.0,False,0.964,0.5849,146.24,False,False,True
KL_0070,Kottayam,Changanassery,Melaveli,9.65527,76.59423,semi-urban,40,4.24,False,2024,3,2024-03-01,4820.63,4820.63,231.1,27.04,0.0,False,0.913,0.4821,120.52,True,False,False
KL_0070,Kottayam,Changanassery,Melaveli,9.65527,76.59423,semi-urban,40,4.24,False,2024,4,2024-04-01,7929.38,7929.38,231.1,50.72,0.0,False,0.923,0.7929,198.23,True,False,False
KL_0070,Kottayam,Changanassery,Melaveli,9.65527,76.59423,semi-urban,40,4.24,False,2024,5,2024-05-01,9370.45,9370.45,228.2,53.96,0.0,False,0.828,0.937,234.26,True,False,False
KL_0070,Kottayam,Changanassery,Melaveli,9.65527,76.59423,semi-urban,40,4.24,False,2024,6,2024-06-01,4351.45,4351.45,248.1,25.36,0.0,False,0.934,0.4351,108.79,False,True,False
KL_0070,Kottayam,Changanassery,Melaveli,9.65527,76.59423,semi-urban,40,4.24,False,2024,7,2024-07-01,3701.28,3701.28,219.2,21.31,0.0,False,0.826,0.3701,92.53,False,True,False
KL_0070,Kottayam,Changanassery,Melaveli,9.65527,76.59423,semi-urban,40,4.24,False,2024,8,2024-08-01,4796.56,4796.56,218.1,32.42,0.0,False,0.848,0.4797,119.91,False,True,False
KL_0070,Kottayam,Changanassery,Melaveli,9.65527,76.59423,semi-urban,40,4.24,False,2024,9,2024-09-01,5791.7,5791.7,232.4,36.17,0.0,False,0.827,0.5792,144.79,False,True,False
KL_0070,Kottayam,Changanassery,Melaveli,9.65527,76.59423,semi-urban,40,4.24,False,2024,10,2024-10-01,6743.84,6743.84,230.8,39.53,0.0,False,0.821,0.6744,168.6,False,False,False
KL_0070,Kottayam,Changanassery,Melaveli,9.65527,76.59423,semi-urban,40,4.24,False,2024,11,2024-11-01,5739.46,5739.46,216.4,38.61,0.0,False,0.85,0.5739,143.49,False,False,False
KL_0070,Kottayam,Changanassery,Melaveli,9.65527,76.59423,semi-urban,40,4.24,False,2024,12,2024-12-01,4920.09,4920.09,226.0,30.19,0.0,False,0.792,0.492,123.0,False,False,True
KL_0071,Pathanamthitta,Adoor,Kottakunnu,9.546332,76.765225,urban,198,4.94,False,2023,1,2023-01-01,25692.68,25692.68,221.9,156.02,0.0,False,0.816,0.519,129.76,False,False,True
KL_0071,Pathanamthitta,Adoor,Kottakunnu,9.546332,76.765225,urban,198,4.94,False,2023,2,2023-02-01,37599.64,37599.64,230.4,248.84,0.0,False,0.801,0.7596,189.9,False,False,True
KL_0071,Pathanamthitta,Adoor,Kottakunnu,9.546332,76.765225,urban,198,4.94,False,2023,3,2023-03-01,45363.84,45363.84,240.0,279.58,0.0,False,0.927,0.9164,229.11,True,False,False
KL_0071,Pathanamthitta,Adoor,Kottakunnu,9.546332,76.765225,urban,198,4.94,False,2023,4,2023-04-01,43922.28,43922.28,228.1,285.07,0.0,False,0.931,0.8873,221.83,True,False,False
KL_0071,Pathanamthitta,Adoor,Kottakunnu,9.546332,76.765225,urban,198,4.94,False,2023,5,2023-05-01,32376.43,32376.43,231.8,206.94,0.0,False,0.977,0.6541,163.52,True,False,False
KL_0071,Pathanamthitta,Adoor,Kottakunnu,9.546332,76.765225,urban,198,4.94,False,2023,6,2023-06-01,82026.4,82026.4,225.2,533.54,0.0,False,0.847,1.6571,414.27,False,True,False
KL_0071,Pathanamthitta,Adoor,Kottakunnu,9.546332,76.765225,urban,198,4.94,False,2023,7,2023-07-01,34373.36,34373.36,232.6,209.84,0.0,False,0.851,0.6944,173.6,False,True,False
KL_0071,Pathanamthitta,Adoor,Kottakunnu,9.546332,76.765225,urban,198,4.94,False,2023,8,2023-08-01,46864.72,46864.72,225.9,294.7,0.0,False,0.889,0.9468,236.69,False,True,False
KL_0071,Pathanamthitta,Adoor,Kottakunnu,9.546332,76.765225,urban,198,4.94,False,2023,9,2023-09-01,37186.48,37186.48,234.6,221.8,0.0,False,0.786,0.7512,187.81,False,True,False
KL_0071,Pathanamthitta,Adoor,Kottakunnu,9.546332,76.765225,urban,198,4.94,False,2023,10,2023-10-01,55171.34,55171.34,216.8,356.71,0.0,False,0.801,1.1146,278.64,False,False,False
KL_0071,Pathanamthitta,Adoor,Kottakunnu,9.546332,76.765225,urban,198,4.94,False,2023,11,2023-11-01,54364.28,54364.28,219.5,338.8,0.0,False,0.77,1.0983,274.57,False,False,False
KL_0071,Pathanamthitta,Adoor,Kottakunnu,9.546332,76.765225,urban,198,4.94,False,2023,12,2023-12-01,28508.13,28508.13,214.3,186.36,0.0,False,0.892,0.5759,143.98,False,False,True
KL_0071,Pathanamthitta,Adoor,Kottakunnu,9.546332,76.765225,urban,198,4.94,False,2024,1,2024-01-01,31381.24,31381.24,225.8,178.13,0.0,False,0.807,0.634,158.49,False,False,True
KL_0071,Pathanamthitta,Adoor,Kottakunnu,9.546332,76.765225,urban,198,4.94,False,2024,2,2024-02-01,39380.57,39380.57,221.6,266.05,0.0,False,0.9,0.7956,198.89,False,False,True
KL_0071,Pathanamthitta,Adoor,Kottakunnu,9.546332,76.765225,urban,198,4.94,False,2024,3,2024-03-01,48111.57,48111.57,224.8,280.17,0.0,False,0.827,0.972,242.99,True,False,False
KL_0071,Pathanamthitta,Adoor,Kottakunnu,9.546332,76.765225,urban,198,4.94,False,2024,4,2024-04-01,40255.62,40255.62,224.7,225.89,0.0,False,0.85,0.8132,203.31,True,False,False
KL_0071,Pathanamthitta,Adoor,Kottakunnu,9.546332,76.765225,urban,198,4.94,False,2024,5,2024-05-01,60203.52,60203.52,220.9,346.17,0.0,False,0.841,1.2162,304.06,True,False,False
KL_0071,Pathanamthitta,Adoor,Kottakunnu,9.546332,76.765225,urban,198,4.94,False,2024,6,2024-06-01,38174.47,38174.47,239.1,232.76,0.0,False,0.86,0.7712,192.8,False,True,False
KL_0071,Pathanamthitta,Adoor,Kottakunnu,9.546332,76.765225,urban,198,4.94,False,2024,7,2024-07-01,43985.38,43985.38,233.0,269.05,0.0,False,0.826,0.8886,222.15,False,True,False
KL_0071,Pathanamthitta,Adoor,Kottakunnu,9.546332,76.765225,urban,198,4.94,False,2024,8,2024-08-01,25473.27,25473.27,224.4,172.07,0.0,False,0.902,0.5146,128.65,False,True,False
KL_0071,Pathanamthitta,Adoor,Kottakunnu,9.546332,76.765225,urban,198,4.94,False,2024,9,2024-09-01,35398.18,35398.18,214.7,222.56,0.0,False,0.842,0.7151,178.78,False,True,False
KL_0071,Pathanamthitta,Adoor,Kottakunnu,9.546332,76.765225,urban,198,4.94,False,2024,10,2024-10-01,40139.97,40139.97,227.7,258.28,0.0,False,0.868,0.8109,202.73,False,False,False
KL_0071,Pathanamthitta,Adoor,Kottakunnu,9.546332,76.765225,urban,198,4.94,False,2024,11,2024-11-01,41810.55,41810.55,222.4,266.22,0.0,False,0.855,0.8447,211.16,False,False,False
KL_0071,Pathanamthitta,Adoor,Kottakunnu,9.546332,76.765225,urban,198,4.94,False,2024,12,2024-12-01,20764.71,20764.71,220.8,132.33,0.0,False,0.799,0.4195,104.87,False,False,True
KL_0072,Kollam,Karunagappally,Thekkeveli,9.003626,76.527727,rural,123,18.12,False,2023,1,2023-01-01,8308.82,8308.82,210.3,54.41,0.0,False,0.917,0.2702,67.55,False,False,True
KL_0072,Kollam,Karunagappally,Thekkeveli,9.003626,76.527727,rural,123,18.12,False,2023,2,2023-02-01,9760.94,9760.94,234.3,59.94,0.0,False,0.817,0.3174,79.36,False,False,True
KL_0072,Kollam,Karunagappally,Thekkeveli,9.003626,76.527727,rural,123,18.12,False,2023,3,2023-03-01,9141.45,9141.45,225.8,54.45,0.0,False,0.89,0.2973,74.32,True,False,False
KL_0072,Kollam,Karunagappally,Thekkeveli,9.003626,76.527727,rural,123,18.12,False,2023,4,2023-04-01,7489.67,7489.67,220.7,44.34,0.0,False,0.886,0.2436,60.89,True,False,False
KL_0072,Kollam,Karunagappally,Thekkeveli,9.003626,76.527727,rural,123,18.12,False,2023,5,2023-05-01,15234.43,15234.43,218.3,103.67,0.0,False,0.775,0.4954,123.86,True,False,False
KL_0072,Kollam,Karunagappally,Thekkeveli,9.003626,76.527727,rural,123,18.12,False,2023,6,2023-06-01,14277.89,14277.89,229.8,79.68,0.0,False,0.841,0.4643,116.08,False,True,False
KL_0072,Kollam,Karunagappally,Thekkeveli,9.003626,76.527727,rural,123,18.12,False,2023,7,2023-07-01,6674.16,6674.16,216.3,41.08,0.0,False,0.879,0.217,54.26,False,True,False
KL_0072,Kollam,Karunagappally,Thekkeveli,9.003626,76.527727,rural,123,18.12,False,2023,8,2023-08-01,9427.24,9427.24,248.0,56.36,0.0,False,0.836,0.3066,76.64,False,True,False
KL_0072,Kollam,Karunagappally,Thekkeveli,9.003626,76.527727,rural,123,18.12,False,2023,9,2023-09-01,8375.8,8375.8,209.5,54.89,0.0,False,0.844,0.2724,68.1,False,True,False
KL_0072,Kollam,Karunagappally,Thekkeveli,9.003626,76.527727,rural,123,18.12,False,2023,10,2023-10-01,9064.92,9064.92,238.7,53.53,0.0,False,0.861,0.2948,73.7,False,False,False
KL_0072,Kollam,Karunagappally,Thekkeveli,9.003626,76.527727,rural,123,18.12,False,2023,11,2023-11-01,10478.65,10478.65,221.1,69.14,0.0,False,0.831,0.3408,85.19,False,False,False
KL_0072,Kollam,Karunagappally,Thekkeveli,9.003626,76.527727,rural,123,18.12,False,2023,12,2023-12-01,12112.54,12112.54,230.0,71.9,0.0,False,0.868,0.3939,98.48,False,False,True
KL_0072,Kollam,Karunagappally,Thekkeveli,9.003626,76.527727,rural,123,18.12,False,2024,1,2024-01-01,10183.45,10183.45,224.3,57.12,0.0,False,0.852,0.3312,82.79,False,False,True
KL_0072,Kollam,Karunagappally,Thekkeveli,9.003626,76.527727,rural,123,18.12,False,2024,2,2024-02-01,8875.57,8875.57,228.1,51.58,0.0,False,0.84,0.2886,72.16,False,False,True
KL_0072,Kollam,Karunagappally,Thekkeveli,9.003626,76.527727,rural,123,18.12,False,2024,3,2024-03-01,3332.26,3332.26,228.5,19.03,0.0,False,0.801,0.1084,27.09,True,False,False
KL_0072,Kollam,Karunagappally,Thekkeveli,9.003626,76.527727,rural,123,18.12,False,2024,4,2024-04-01,11884.39,11884.39,223.1,74.78,0.0,False,0.87,0.3865,96.62,True,False,False
KL_0072,Kollam,Karunagappally,Thekkeveli,9.003626,76.527727,rural,123,18.12,False,2024,5,2024-05-01,12070.9,12070.9,224.2,75.66,0.0,False,0.73,0.3925,98.14,True,False,False
KL_0072,Kollam,Karunagappally,Thekkeveli,9.003626,76.527727,rural,123,18.12,False,2024,6,2024-06-01,11487.49,11487.49,231.3,64.25,0.0,False,0.863,0.3736,93.39,False,True,False
KL_0072,Kollam,Karunagappally,Thekkeveli,9.003626,76.527727,rural,123,18.12,False,2024,7,2024-07-01,12513.75,12513.75,234.0,68.69,0.0,False,0.851,0.407,101.74,False,True,False
KL_0072,Kollam,Karunagappally,Thekkeveli,9.003626,76.527727,rural,123,18.12,False,2024,8,2024-08-01,15030.42,15030.42,216.1,91.87,0.0,False,0.809,0.4888,122.2,False,True,False
KL_0072,Kollam,Karunagappally,Thekkeveli,9.003626,76.527727,rural,123,18.12,False,2024,9,2024-09-01,14358.88,14358.88,230.7,88.59,0.0,False,0.781,0.467,116.74,False,True,False
KL_0072,Kollam,Karunagappally,Thekkeveli,9.003626,76.527727,rural,123,18.12,False,2024,10,2024-10-01,11924.0,11924.0,235.8,68.43,0.0,False,0.871,0.3878,96.94,False,False,False
KL_0072,Kollam,Karunagappally,Thekkeveli,9.003626,76.527727,rural,123,18.12,False,2024,11,2024-11-01,5402.96,5402.96,231.9,32.72,0.0,False,0.838,0.1757,43.93,False,False,False
KL_0072,Kollam,Karunagappally,Thekkeveli,9.003626,76.527727,rural,123,18.12,False,2024,12,2024-12-01,6428.85,6428.85,218.6,37.61,0.0,False,0.857,0.2091,52.27,False,False,True
KL_0073,Alappuzha,Mavelikkara,Puzhavayal,9.352464,76.375823,semi-urban,152,6.27,False,2023,1,2023-01-01,12615.87,12615.87,219.6,75.71,0.0,False,0.758,0.332,83.0,False,False,True
KL_0073,Alappuzha,Mavelikkara,Puzhavayal,9.352464,76.375823,semi-urban,152,6.27,False,2023,2,2023-02-01,12776.92,17037.79,232.9,112.26,33.35,True,0.874,0.4484,112.09,False,False,True
KL_0073,Alappuzha,Mavelikkara,Puzhavayal,9.352464,76.375823,semi-urban,152,6.27,False,2023,3,2023-03-01,22924.92,29524.7,223.2,209.44,28.79,True,0.897,0.777,194.24,True,False,False
KL_0073,Alappuzha,Mavelikkara,Puzhavayal,9.352464,76.375823,semi-urban,152,6.27,False,2023,4,2023-04-01,32669.16,32669.16,224.9,182.28,0.0,False,0.842,0.8597,214.93,True,False,False
KL_0073,Alappuzha,Mavelikkara,Puzhavayal,9.352464,76.375823,semi-urban,152,6.27,False,2023,5,2023-05-01,25878.69,35513.36,226.5,243.31,37.23,True,0.805,0.9346,233.64,True,False,False
KL_0073,Alappuzha,Mavelikkara,Puzhavayal,9.352464,76.375823,semi-urban,152,6.27,False,2023,6,2023-06-01,28957.78,40577.33,204.8,312.91,40.13,True,0.872,1.0678,266.96,False,True,False
KL_0073,Alappuzha,Mavelikkara,Puzhavayal,9.352464,76.375823,semi-urban,152,6.27,False,2023,7,2023-07-01,16325.19,16325.19,226.1,103.71,0.0,False,0.836,0.4296,107.4,False,True,False
KL_0073,Alappuzha,Mavelikkara,Puzhavayal,9.352464,76.375823,semi-urban,152,6.27,False,2023,8,2023-08-01,3756.9,3756.9,215.5,23.55,0.0,False,0.893,0.0989,24.72,False,True,False
KL_0073,Alappuzha,Mavelikkara,Puzhavayal,9.352464,76.375823,semi-urban,152,6.27,False,2023,9,2023-09-01,17979.13,23418.86,213.8,186.53,30.26,True,0.851,0.6163,154.07,False,True,False
KL_0073,Alappuzha,Mavelikkara,Puzhavayal,9.352464,76.375823,semi-urban,152,6.27,False,2023,10,2023-10-01,29603.12,37911.92,218.0,302.41,28.07,True,0.743,0.9977,249.42,False,False,False
KL_0073,Alappuzha,Mavelikkara,Puzhavayal,9.352464,76.375823,semi-urban,152,6.27,False,2023,11,2023-11-01,15030.88,20892.45,212.9,159.85,39.0,True,0.733,0.5498,137.45,False,False,False
KL_0073,Alappuzha,Mavelikkara,Puzhavayal,9.352464,76.375823,semi-urban,152,6.27,False,2023,12,2023-12-01,21161.91,21161.91,228.4,120.87,0.0,False,0.814,0.5569,139.22,False,False,True
KL_0073,Alappuzha,Mavelikkara,Puzhavayal,9.352464,76.375823,semi-urban,152,6.27,False,2024,1,2024-01-01,17952.36,22187.44,219.9,157.62,23.59,True,0.873,0.5839,145.97,False,False,True
KL_0073,Alappuzha,Mavelikkara,Puzhavayal,9.352464,76.375823,semi-urban,152,6.27,False,2024,2,2024-02-01,22578.01,28813.41,212.3,223.04,27.62,True,0.825,0.7582,189.56,False,False,True
KL_0073,Alappuzha,Mavelikkara,Puzhavayal,9.352464,76.375823,semi-urban,152,6.27,False,2024,3,2024-03-01,15105.8,20491.8,222.1,161.96,35.66,True,0.875,0.5393,134.81,True,False,False
KL_0073,Alappuzha,Mavelikkara,Puzhavayal,9.352464,76.375823,semi-urban,152,6.27,False,2024,4,2024-04-01,17563.57,20601.85,216.7,169.54,17.3,True,0.817,0.5422,135.54,True,False,False
KL_0073,Alappuzha,Mavelikkara,Puzhavayal,9.352464,76.375823,semi-urban,152,6.27,False,2024,5,2024-05-01,35689.58,42518.83,214.8,306.62,19.14,True,0.953,1.1189,279.73,True,False,False
KL_0073,Alappuzha,Mavelikkara,Puzhavayal,9.352464,76.375823,semi-urban,152,6.27,False,2024,6,2024-06-01,18135.96,21237.32,225.3,158.26,17.1,True,0.841,0.5589,139.72,False,True,False
KL_0073,Alappuzha,Mavelikkara,Puzhavayal,9.352464,76.375823,semi-urban,152,6.27,False,2024,7,2024-07-01,29221.8,40063.94,216.7,320.41,37.1,True,0.863,1.0543,263.58,False,True,False
KL_0073,Alappuzha,Mavelikkara,Puzhavayal,9.352464,76.375823,semi-urban,152,6.27,False,2024,8,2024-08-01,33554.4,33554.4,221.8,207.28,0.0,False,0.802,0.883,220.75,False,True,False
KL_0073,Alappuzha,Mavelikkara,Puzhavayal,9.352464,76.375823,semi-urban,152,6.27,False,2024,9,2024-09-01,13480.27,13480.27,239.7,82.37,0.0,False,0.829,0.3547,88.69,False,True,False
KL_0073,Alappuzha,Mavelikkara,Puzhavayal,9.352464,76.375823,semi-urban,152,6.27,False,2024,10,2024-10-01,26514.46,26514.46,235.0,151.87,0.0,False,0.875,0.6977,174.44,False,False,False
KL_0073,Alappuzha,Mavelikkara,Puzhavayal,9.352464,76.375823,semi-urban,152,6.27,False,2024,11,2024-11-01,18283.5,25330.5,212.9,201.34,38.54,True,0.848,0.6666,166.65,False,False,False
KL_0073,Alappuzha,Mavelikkara,Puzhavayal,9.352464,76.375823,semi-urban,152,6.27,False,2024,12,2024-12-01,20727.36,20727.36,236.6,128.19,0.0,False,0.711,0.5455,136.36,False,False,True
KL_0074,Malappuram,Tirur,Kallanagar,11.358159,75.891231,rural,20,13.63,False,2023,1,2023-01-01,982.96,982.96,221.1,6.25,0.0,False,0.875,0.1966,49.15,False,False,True
KL_0074,Malappuram,Tirur,Kallanagar,11.358159,75.891231,rural,20,13.63,False,2023,2,2023-02-01,828.36,828.36,232.4,5.44,0.0,False,0.88,0.1657,41.42,False,False,True
KL_0074,Malappuram,Tirur,Kallanagar,11.358159,75.891231,rural,20,13.63,False,2023,3,2023-03-01,2368.45,2368.45,228.2,15.44,0.0,False,0.887,0.4737,118.42,True,False,False
KL_0074,Malappuram,Tirur,Kallanagar,11.358159,75.891231,rural,20,13.63,False,2023,4,2023-04-01,2128.93,2128.93,218.5,12.66,0.0,False,0.905,0.4258,106.45,True,False,False
KL_0074,Malappuram,Tirur,Kallanagar,11.358159,75.891231,rural,20,13.63,False,2023,5,2023-05-01,2317.39,2317.39,215.3,13.7,0.0,False,0.859,0.4635,115.87,True,False,False
KL_0074,Malappuram,Tirur,Kallanagar,11.358159,75.891231,rural,20,13.63,False,2023,6,2023-06-01,1568.45,1568.45,211.1,9.43,0.0,False,0.97,0.3137,78.42,False,True,False
KL_0074,Malappuram,Tirur,Kallanagar,11.358159,75.891231,rural,20,13.63,False,2023,7,2023-07-01,2225.8,2225.8,232.8,13.78,0.0,False,0.862,0.4452,111.29,False,True,False
KL_0074,Malappuram,Tirur,Kallanagar,11.358159,75.891231,rural,20,13.63,False,2023,8,2023-08-01,1725.5,1725.5,232.1,9.92,0.0,False,0.735,0.3451,86.28,False,True,False
KL_0074,Malappuram,Tirur,Kallanagar,11.358159,75.891231,rural,20,13.63,False,2023,9,2023-09-01,1669.15,1669.15,211.3,11.89,0.0,False,0.861,0.3338,83.46,False,True,False
KL_0074,Malappuram,Tirur,Kallanagar,11.358159,75.891231,rural,20,13.63,False,2023,10,2023-10-01,2611.31,2611.31,208.2,17.54,0.0,False,0.906,0.5223,130.57,False,False,False
KL_0074,Malappuram,Tirur,Kallanagar,11.358159,75.891231,rural,20,13.63,False,2023,11,2023-11-01,2352.82,2352.82,227.7,14.34,0.0,False,0.781,0.4706,117.64,False,False,False
KL_0074,Malappuram,Tirur,Kallanagar,11.358159,75.891231,rural,20,13.63,False,2023,12,2023-12-01,1595.22,1595.22,228.5,9.18,0.0,False,0.836,0.319,79.76,False,False,True
KL_0074,Malappuram,Tirur,Kallanagar,11.358159,75.891231,rural,20,13.63,False,2024,1,2024-01-01,1358.64,1358.64,219.4,8.8,0.0,False,0.911,0.2717,67.93,False,False,True
KL_0074,Malappuram,Tirur,Kallanagar,11.358159,75.891231,rural,20,13.63,False,2024,2,2024-02-01,1226.8,1226.8,231.5,6.74,0.0,False,0.822,0.2454,61.34,False,False,True
KL_0074,Malappuram,Tirur,Kallanagar,11.358159,75.891231,rural,20,13.63,False,2024,3,2024-03-01,2201.17,2201.17,219.5,12.81,0.0,False,0.838,0.4402,110.06,True,False,False
KL_0074,Malappuram,Tirur,Kallanagar,11.358159,75.891231,rural,20,13.63,False,2024,4,2024-04-01,1667.83,1667.83,237.9,9.65,0.0,False,0.889,0.3336,83.39,True,False,False
KL_0074,Malappuram,Tirur,Kallanagar,11.358159,75.891231,rural,20,13.63,False,2024,5,2024-05-01,3131.84,3131.84,229.4,17.17,0.0,False,0.786,0.6264,156.59,True,False,False
KL_0074,Malappuram,Tirur,Kallanagar,11.358159,75.891231,rural,20,13.63,False,2024,6,2024-06-01,1599.86,1599.86,222.3,9.13,0.0,False,0.849,0.32,79.99,False,True,False
KL_0074,Malappuram,Tirur,Kallanagar,11.358159,75.891231,rural,20,13.63,False,2024,7,2024-07-01,2556.65,2556.65,228.7,14.0,0.0,False,0.801,0.5113,127.83,False,True,False
KL_0074,Malappuram,Tirur,Kallanagar,11.358159,75.891231,rural,20,13.63,False,2024,8,2024-08-01,1630.08,1630.08,231.5,9.91,0.0,False,0.837,0.326,81.5,False,True,False
KL_0074,Malappuram,Tirur,Kallanagar,11.358159,75.891231,rural,20,13.63,False,2024,9,2024-09-01,1548.95,1548.95,233.1,9.17,0.0,False,0.862,0.3098,77.45,False,True,False
KL_0074,Malappuram,Tirur,Kallanagar,11.358159,75.891231,rural,20,13.63,False,2024,10,2024-10-01,1426.51,1426.51,226.6,8.34,0.0,False,0.903,0.2853,71.33,False,False,False
KL_0074,Malappuram,Tirur,Kallanagar,11.358159,75.891231,rural,20,13.63,False,2024,11,2024-11-01,2183.23,2183.23,225.0,14.18,0.0,False,0.866,0.4366,109.16,False,False,False
KL_0074,Malappuram,Tirur,Kallanagar,11.358159,75.891231,rural,20,13.63,False,2024,12,2024-12-01,1828.86,1828.86,229.4,10.53,0.0,False,0.822,0.3658,91.44,False,False,True
KL_0075,Thrissur,Chalakudy,Vellithara,10.436721,76.185701,rural,91,11.61,False,2023,1,2023-01-01,6913.94,6913.94,236.9,39.31,0.0,False,0.91,0.3039,75.98,False,False,True
KL_0075,Thrissur,Chalakudy,Vellithara,10.436721,76.185701,rural,91,11.61,False,2023,2,2023-02-01,7379.02,7379.02,226.2,43.24,0.0,False,0.881,0.3244,81.09,False,False,True
KL_0075,Thrissur,Chalakudy,Vellithara,10.436721,76.185701,rural,91,11.61,False,2023,3,2023-03-01,7754.29,7754.29,229.7,44.79,0.0,False,0.753,0.3408,85.21,True,False,False
KL_0075,Thrissur,Chalakudy,Vellithara,10.436721,76.185701,rural,91,11.61,False,2023,4,2023-04-01,9721.39,9721.39,221.0,64.59,0.0,False,0.892,0.4273,106.83,True,False,False
KL_0075,Thrissur,Chalakudy,Vellithara,10.436721,76.185701,rural,91,11.61,False,2023,5,2023-05-01,9272.92,9272.92,208.4,55.84,0.0,False,0.853,0.4076,101.9,True,False,False
KL_0075,Thrissur,Chalakudy,Vellithara,10.436721,76.185701,rural,91,11.61,False,2023,6,2023-06-01,5473.42,5473.42,214.9,35.71,0.0,False,0.848,0.2406,60.15,False,True,False
KL_0075,Thrissur,Chalakudy,Vellithara,10.436721,76.185701,rural,91,11.61,False,2023,7,2023-07-01,8286.28,8286.28,220.0,49.1,0.0,False,0.91,0.3642,91.06,False,True,False
KL_0075,Thrissur,Chalakudy,Vellithara,10.436721,76.185701,rural,91,11.61,False,2023,8,2023-08-01,9255.13,9255.13,240.9,58.38,0.0,False,0.84,0.4068,101.7,False,True,False
KL_0075,Thrissur,Chalakudy,Vellithara,10.436721,76.185701,rural,91,11.61,False,2023,9,2023-09-01,7489.21,7489.21,206.0,55.53,0.0,False,0.895,0.3292,82.3,False,True,False
KL_0075,Thrissur,Chalakudy,Vellithara,10.436721,76.185701,rural,91,11.61,False,2023,10,2023-10-01,11252.95,11252.95,225.5,73.61,0.0,False,0.914,0.4946,123.66,False,False,False
KL_0075,Thrissur,Chalakudy,Vellithara,10.436721,76.185701,rural,91,11.61,False,2023,11,2023-11-01,7547.1,7547.1,218.1,49.11,0.0,False,0.853,0.3317,82.94,False,False,False
KL_0075,Thrissur,Chalakudy,Vellithara,10.436721,76.185701,rural,91,11.61,False,2023,12,2023-12-01,7320.85,7320.85,221.2,45.96,0.0,False,0.872,0.3218,80.45,False,False,True
KL_0075,Thrissur,Chalakudy,Vellithara,10.436721,76.185701,rural,91,11.61,False,2024,1,2024-01-01,7908.67,7908.67,225.2,51.11,0.0,False,0.885,0.3476,86.91,False,False,True
KL_0075,Thrissur,Chalakudy,Vellithara,10.436721,76.185701,rural,91,11.61,False,2024,2,2024-02-01,6490.07,6490.07,223.1,42.67,0.0,False,0.873,0.2853,71.32,False,False,True
KL_0075,Thrissur,Chalakudy,Vellithara,10.436721,76.185701,rural,91,11.61,False,2024,3,2024-03-01,4873.74,4873.74,225.5,29.27,0.0,False,0.894,0.2142,53.56,True,False,False
KL_0075,Thrissur,Chalakudy,Vellithara,10.436721,76.185701,rural,91,11.61,False,2024,4,2024-04-01,10912.25,10912.25,224.4,73.93,0.0,False,0.798,0.4797,119.91,True,False,False
KL_0075,Thrissur,Chalakudy,Vellithara,10.436721,76.185701,rural,91,11.61,False,2024,5,2024-05-01,14193.44,14193.44,222.3,92.08,0.0,False,0.818,0.6239,155.97,True,False,False
KL_0075,Thrissur,Chalakudy,Vellithara,10.436721,76.185701,rural,91,11.61,False,2024,6,2024-06-01,12139.23,12139.23,221.2,71.04,0.0,False,0.787,0.5336,133.4,False,True,False
KL_0075,Thrissur,Chalakudy,Vellithara,10.436721,76.185701,rural,91,11.61,False,2024,7,2024-07-01,2834.13,2834.13,222.3,16.62,0.0,False,0.934,0.1246,31.14,False,True,False
KL_0075,Thrissur,Chalakudy,Vellithara,10.436721,76.185701,rural,91,11.61,False,2024,8,2024-08-01,3030.5,3030.5,219.1,18.86,0.0,False,0.766,0.1332,33.3,False,True,False
KL_0075,Thrissur,Chalakudy,Vellithara,10.436721,76.185701,rural,91,11.61,False,2024,9,2024-09-01,12734.8,12734.8,229.8,69.59,0.0,False,0.916,0.5598,139.94,False,True,False
KL_0075,Thrissur,Chalakudy,Vellithara,10.436721,76.185701,rural,91,11.61,False,2024,10,2024-10-01,3386.23,3386.23,213.8,23.81,0.0,False,0.874,0.1488,37.21,False,False,False
KL_0075,Thrissur,Chalakudy,Vellithara,10.436721,76.185701,rural,91,11.61,False,2024,11,2024-11-01,3088.61,3088.61,218.3,17.81,0.0,False,0.806,0.1358,33.94,False,False,False
KL_0075,Thrissur,Chalakudy,Vellithara,10.436721,76.185701,rural,91,11.61,False,2024,12,2024-12-01,6411.48,6411.48,247.0,33.44,0.0,False,0.786,0.2818,70.46,False,False,True
KL_0076,Idukki,Munnar,Puzhathara,9.97983,77.5623,rural,122,23.54,False,2023,1,2023-01-01,4121.19,4121.19,235.1,22.82,0.0,False,0.848,0.1351,33.78,False,False,True
KL_0076,Idukki,Munnar,Puzhathara,9.97983,77.5623,rural,122,23.54,False,2023,2,2023-02-01,13551.65,13551.65,232.3,84.6,0.0,False,0.839,0.4443,111.08,False,False,True
KL_0076,Idukki,Munnar,Puzhathara,9.97983,77.5623,rural,122,23.54,False,2023,3,2023-03-01,7699.64,7699.64,238.3,48.85,0.0,False,0.87,0.2524,63.11,True,False,False
KL_0076,Idukki,Munnar,Puzhathara,9.97983,77.5623,rural,122,23.54,False,2023,4,2023-04-01,8348.99,8348.99,210.1,58.79,0.0,False,0.74,0.2737,68.43,True,False,False
KL_0076,Idukki,Munnar,Puzhathara,9.97983,77.5623,rural,122,23.54,False,2023,5,2023-05-01,15946.56,15946.56,238.2,93.53,0.0,False,0.841,0.5228,130.71,True,False,False
KL_0076,Idukki,Munnar,Puzhathara,9.97983,77.5623,rural,122,23.54,False,2023,6,2023-06-01,13863.73,13863.73,232.0,78.87,0.0,False,0.806,0.4545,113.64,False,True,False
KL_0076,Idukki,Munnar,Puzhathara,9.97983,77.5623,rural,122,23.54,False,2023,7,2023-07-01,7567.63,7567.63,219.7,51.51,0.0,False,0.914,0.2481,62.03,False,True,False
KL_0076,Idukki,Munnar,Puzhathara,9.97983,77.5623,rural,122,23.54,False,2023,8,2023-08-01,12111.59,12111.59,231.1,70.7,0.0,False,0.87,0.3971,99.28,False,True,False
KL_0076,Idukki,Munnar,Puzhathara,9.97983,77.5623,rural,122,23.54,False,2023,9,2023-09-01,14419.18,14419.18,221.0,92.62,0.0,False,0.825,0.4728,118.19,False,True,False
KL_0076,Idukki,Munnar,Puzhathara,9.97983,77.5623,rural,122,23.54,False,2023,10,2023-10-01,14061.08,14061.08,229.3,77.68,0.0,False,0.921,0.461,115.25,False,False,False
KL_0076,Idukki,Munnar,Puzhathara,9.97983,77.5623,rural,122,23.54,False,2023,11,2023-11-01,10052.42,10052.42,228.4,60.73,0.0,False,0.828,0.3296,82.4,False,False,False
KL_0076,Idukki,Munnar,Puzhathara,9.97983,77.5623,rural,122,23.54,False,2023,12,2023-12-01,7446.73,7446.73,218.5,47.34,0.0,False,0.845,0.2442,61.04,False,False,True
KL_0076,Idukki,Munnar,Puzhathara,9.97983,77.5623,rural,122,23.54,False,2024,1,2024-01-01,7978.83,7978.83,247.6,43.58,0.0,False,0.864,0.2616,65.4,False,False,True
KL_0076,Idukki,Munnar,Puzhathara,9.97983,77.5623,rural,122,23.54,False,2024,2,2024-02-01,11716.5,11716.5,233.2,74.48,0.0,False,0.895,0.3841,96.04,False,False,True
KL_0076,Idukki,Munnar,Puzhathara,9.97983,77.5623,rural,122,23.54,False,2024,3,2024-03-01,8318.43,8318.43,228.5,55.15,0.0,False,0.851,0.2727,68.18,True,False,False
KL_0076,Idukki,Munnar,Puzhathara,9.97983,77.5623,rural,122,23.54,False,2024,4,2024-04-01,13932.78,13932.78,220.5,93.31,0.0,False,0.921,0.4568,114.2,True,False,False
KL_0076,Idukki,Munnar,Puzhathara,9.97983,77.5623,rural,122,23.54,False,2024,5,2024-05-01,18101.23,18101.23,226.4,108.62,0.0,False,0.83,0.5935,148.37,True,False,False
KL_0076,Idukki,Munnar,Puzhathara,9.97983,77.5623,rural,122,23.54,False,2024,6,2024-06-01,11029.66,11029.66,241.3,67.85,0.0,False,0.801,0.3616,90.41,False,True,False
KL_0076,Idukki,Munnar,Puzhathara,9.97983,77.5623,rural,122,23.54,False,2024,7,2024-07-01,7756.18,7756.18,230.8,50.35,0.0,False,0.93,0.2543,63.58,False,True,False
KL_0076,Idukki,Munnar,Puzhathara,9.97983,77.5623,rural,122,23.54,False,2024,8,2024-08-01,8772.68,8772.68,203.8,65.64,0.0,False,0.834,0.2876,71.91,False,True,False
KL_0076,Idukki,Munnar,Puzhathara,9.97983,77.5623,rural,122,23.54,False,2024,9,2024-09-01,13522.87,13522.87,231.4,81.6,0.0,False,0.88,0.4434,110.84,False,True,False
KL_0076,Idukki,Munnar,Puzhathara,9.97983,77.5623,rural,122,23.54,False,2024,10,2024-10-01,7428.11,7428.11,226.4,49.23,0.0,False,0.888,0.2435,60.89,False,False,False
KL_0076,Idukki,Munnar,Puzhathara,9.97983,77.5623,rural,122,23.54,False,2024,11,2024-11-01,12971.98,12971.98,231.6,70.76,0.0,False,0.954,0.4253,106.33,False,False,False
KL_0076,Idukki,Munnar,Puzhathara,9.97983,77.5623,rural,122,23.54,False,2024,12,2024-12-01,11337.49,11337.49,231.7,72.16,0.0,False,0.835,0.3717,92.93,False,False,True
KL_0077,Kottayam,Kottayam,Idavapuram,9.615392,76.574214,rural,175,13.55,False,2023,1,2023-01-01,12745.37,12745.37,216.7,78.5,0.0,False,0.876,0.2913,72.83,False,False,True
KL_0077,Kottayam,Kottayam,Idavapuram,9.615392,76.574214,rural,175,13.55,False,2023,2,2023-02-01,7237.01,10399.49,227.3,79.25,43.7,True,0.811,0.2377,59.43,False,False,True
KL_0077,Kottayam,Kottayam,Idavapuram,9.615392,76.574214,rural,175,13.55,False,2023,3,2023-03-01,22287.26,31727.31,216.9,249.22,42.36,True,0.826,0.7252,181.3,True,False,False
KL_0077,Kottayam,Kottayam,Idavapuram,9.615392,76.574214,rural,175,13.55,False,2023,4,2023-04-01,4270.33,4270.33,222.1,27.32,0.0,False,0.812,0.0976,24.4,True,False,False
KL_0077,Kottayam,Kottayam,Idavapuram,9.615392,76.574214,rural,175,13.55,False,2023,5,2023-05-01,13391.97,18637.67,200.3,144.36,39.17,True,0.892,0.426,106.5,True,False,False
KL_0077,Kottayam,Kottayam,Idavapuram,9.615392,76.574214,rural,175,13.55,False,2023,6,2023-06-01,17049.23,24663.69,224.6,187.85,44.66,True,0.896,0.5637,140.94,False,True,False
KL_0077,Kottayam,Kottayam,Idavapuram,9.615392,76.574214,rural,175,13.55,False,2023,7,2023-07-01,14052.91,17321.67,206.9,139.28,23.26,True,0.868,0.3959,98.98,False,True,False
KL_0077,Kottayam,Kottayam,Idavapuram,9.615392,76.574214,rural,175,13.55,False,2023,8,2023-08-01,13364.65,13364.65,237.6,76.06,0.0,False,0.811,0.3055,76.37,False,True,False
KL_0077,Kottayam,Kottayam,Idavapuram,9.615392,76.574214,rural,175,13.55,False,2023,9,2023-09-01,8531.78,10852.73,228.7,74.68,27.2,True,0.817,0.2481,62.02,False,True,False
KL_0077,Kottayam,Kottayam,Idavapuram,9.615392,76.574214,rural,175,13.55,False,2023,10,2023-10-01,10741.38,14423.29,197.9,119.49,34.28,True,0.815,0.3297,82.42,False,False,False
KL_0077,Kottayam,Kottayam,Idavapuram,9.615392,76.574214,rural,175,13.55,False,2023,11,2023-11-01,12477.98,17042.75,200.8,150.23,36.58,True,0.868,0.3895,97.39,False,False,False
KL_0077,Kottayam,Kottayam,Idavapuram,9.615392,76.574214,rural,175,13.55,False,2023,12,2023-12-01,9786.01,12443.07,237.7,87.64,27.15,True,0.771,0.2844,71.1,False,False,True
KL_0077,Kottayam,Kottayam,Idavapuram,9.615392,76.574214,rural,175,13.55,False,2024,1,2024-01-01,8058.05,8058.05,223.7,49.67,0.0,False,0.83,0.1842,46.05,False,False,True
KL_0077,Kottayam,Kottayam,Idavapuram,9.615392,76.574214,rural,175,13.55,False,2024,2,2024-02-01,8814.62,10858.02,209.1,83.55,23.18,True,0.783,0.2482,62.05,False,False,True
KL_0077,Kottayam,Kottayam,Idavapuram,9.615392,76.574214,rural,175,13.55,False,2024,3,2024-03-01,19346.68,26304.31,205.0,229.53,35.96,True,0.875,0.6012,150.31,True,False,False
KL_0077,Kottayam,Kottayam,Idavapuram,9.615392,76.574214,rural,175,13.55,False,2024,4,2024-04-01,22488.2,26101.38,215.0,205.6,16.07,True,0.8,0.5966,149.15,True,False,False
KL_0077,Kottayam,Kottayam,Idavapuram,9.615392,76.574214,rural,175,13.55,False,2024,5,2024-05-01,17039.36,23218.02,218.4,188.43,36.26,True,0.948,0.5307,132.67,True,False,False
KL_0077,Kottayam,Kottayam,Idavapuram,9.615392,76.574214,rural,175,13.55,False,2024,6,2024-06-01,22196.21,22196.21,215.2,140.57,0.0,False,0.902,0.5073,126.84,False,True,False
KL_0077,Kottayam,Kottayam,Idavapuram,9.615392,76.574214,rural,175,13.55,False,2024,7,2024-07-01,12321.23,14321.25,203.9,125.83,16.23,True,0.846,0.3273,81.84,False,True,False
KL_0077,Kottayam,Kottayam,Idavapuram,9.615392,76.574214,rural,175,13.55,False,2024,8,2024-08-01,9536.34,11393.15,225.9,83.01,19.47,True,0.871,0.2604,65.1,False,True,False
KL_0077,Kottayam,Kottayam,Idavapuram,9.615392,76.574214,rural,175,13.55,False,2024,9,2024-09-01,14242.8,17044.13,215.1,135.45,19.67,True,0.873,0.3896,97.4,False,True,False
KL_0077,Kottayam,Kottayam,Idavapuram,9.615392,76.574214,rural,175,13.55,False,2024,10,2024-10-01,21693.65,29504.2,234.3,208.06,36.0,True,0.802,0.6744,168.6,False,False,False
KL_0077,Kottayam,Kottayam,Idavapuram,9.615392,76.574214,rural,175,13.55,False,2024,11,2024-11-01,21401.75,29225.34,223.4,212.43,36.56,True,0.912,0.668,167.0,False,False,False
KL_0077,Kottayam,Kottayam,Idavapuram,9.615392,76.574214,rural,175,13.55,False,2024,12,2024-12-01,12793.48,12793.48,223.1,81.69,0.0,False,0.845,0.2924,73.11,False,False,True
KL_0078,Malappuram,Ponnani,Puzhamukku,11.249634,76.062037,semi-urban,151,4.51,True,2023,1,2023-01-01,12997.02,12997.02,221.5,76.79,0.0,False,0.812,0.3443,86.07,False,False,True
KL_0078,Malappuram,Ponnani,Puzhamukku,11.249634,76.062037,semi-urban,151,4.51,True,2023,2,2023-02-01,17406.08,17406.08,226.7,105.27,0.0,False,0.877,0.4611,115.27,False,False,True
KL_0078,Malappuram,Ponnani,Puzhamukku,11.249634,76.062037,semi-urban,151,4.51,True,2023,3,2023-03-01,19444.29,19444.29,221.5,126.3,0.0,False,0.794,0.5151,128.77,True,False,False
KL_0078,Malappuram,Ponnani,Puzhamukku,11.249634,76.062037,semi-urban,151,4.51,True,2023,4,2023-04-01,23151.67,23151.67,235.3,131.12,0.0,False,0.883,0.6133,153.32,True,False,False
KL_0078,Malappuram,Ponnani,Puzhamukku,11.249634,76.062037,semi-urban,151,4.51,True,2023,5,2023-05-01,27937.95,27937.95,224.7,159.86,0.0,False,0.867,0.7401,185.02,True,False,False
KL_0078,Malappuram,Ponnani,Puzhamukku,11.249634,76.062037,semi-urban,151,4.51,True,2023,6,2023-06-01,33869.93,33869.93,240.7,198.43,0.0,False,0.817,0.8972,224.3,False,True,False
KL_0078,Malappuram,Ponnani,Puzhamukku,11.249634,76.062037,semi-urban,151,4.51,True,2023,7,2023-07-01,22852.61,22852.61,229.7,145.73,0.0,False,0.898,0.6054,151.34,False,True,False
KL_0078,Malappuram,Ponnani,Puzhamukku,11.249634,76.062037,semi-urban,151,4.51,True,2023,8,2023-08-01,12594.47,12594.47,225.0,73.55,0.0,False,0.885,0.3336,83.41,False,True,False
KL_0078,Malappuram,Ponnani,Puzhamukku,11.249634,76.062037,semi-urban,151,4.51,True,2023,9,2023-09-01,17753.14,17753.14,221.7,122.02,0.0,False,0.834,0.4703,117.57,False,True,False
KL_0078,Malappuram,Ponnani,Puzhamukku,11.249634,76.062037,semi-urban,151,4.51,True,2023,10,2023-10-01,26775.98,26775.98,234.5,170.45,0.0,False,0.877,0.7093,177.32,False,False,False
KL_0078,Malappuram,Ponnani,Puzhamukku,11.249634,76.062037,semi-urban,151,4.51,True,2023,11,2023-11-01,15075.95,15075.95,224.9,100.7,0.0,False,0.783,0.3994,99.84,False,False,False
KL_0078,Malappuram,Ponnani,Puzhamukku,11.249634,76.062037,semi-urban,151,4.51,True,2023,12,2023-12-01,17741.95,17741.95,219.3,116.57,0.0,False,0.875,0.47,117.5,False,False,True
KL_0078,Malappuram,Ponnani,Puzhamukku,11.249634,76.062037,semi-urban,151,4.51,True,2024,1,2024-01-01,8317.25,8317.25,224.6,50.37,0.0,False,0.777,0.2203,55.08,False,False,True
KL_0078,Malappuram,Ponnani,Puzhamukku,11.249634,76.062037,semi-urban,151,4.51,True,2024,2,2024-02-01,19166.23,19166.23,218.1,114.61,0.0,False,0.856,0.5077,126.93,False,False,True
KL_0078,Malappuram,Ponnani,Puzhamukku,11.249634,76.062037,semi-urban,151,4.51,True,2024,3,2024-03-01,16511.48,16511.48,237.8,94.68,0.0,False,0.884,0.4374,109.35,True,False,False
KL_0078,Malappuram,Ponnani,Puzhamukku,11.249634,76.062037,semi-urban,151,4.51,True,2024,4,2024-04-01,15784.32,15784.32,238.5,87.09,0.0,False,0.867,0.4181,104.53,True,False,False
KL_0078,Malappuram,Ponnani,Puzhamukku,11.249634,76.062037,semi-urban,151,4.51,True,2024,5,2024-05-01,25464.07,25464.07,227.9,149.79,0.0,False,0.928,0.6745,168.64,True,False,False
KL_0078,Malappuram,Ponnani,Puzhamukku,11.249634,76.062037,semi-urban,151,4.51,True,2024,6,2024-06-01,21640.74,21640.74,229.4,129.35,0.0,False,0.81,0.5733,143.32,False,True,False
KL_0078,Malappuram,Ponnani,Puzhamukku,11.249634,76.062037,semi-urban,151,4.51,True,2024,7,2024-07-01,12266.75,12266.75,219.1,80.54,0.0,False,0.87,0.3249,81.24,False,True,False
KL_0078,Malappuram,Ponnani,Puzhamukku,11.249634,76.062037,semi-urban,151,4.51,True,2024,8,2024-08-01,17482.86,17482.86,222.8,114.67,0.0,False,0.743,0.4631,115.78,False,True,False
KL_0078,Malappuram,Ponnani,Puzhamukku,11.249634,76.062037,semi-urban,151,4.51,True,2024,9,2024-09-01,14842.27,14842.27,223.3,87.99,0.0,False,0.824,0.3932,98.29,False,True,False
KL_0078,Malappuram,Ponnani,Puzhamukku,11.249634,76.062037,semi-urban,151,4.51,True,2024,10,2024-10-01,29290.69,29290.69,254.6,172.09,0.0,False,0.835,0.7759,193.98,False,False,False
KL_0078,Malappuram,Ponnani,Puzhamukku,11.249634,76.062037,semi-urban,151,4.51,True,2024,11,2024-11-01,23172.77,23172.77,232.2,129.15,0.0,False,0.928,0.6138,153.46,False,False,False
KL_0078,Malappuram,Ponnani,Puzhamukku,11.249634,76.062037,semi-urban,151,4.51,True,2024,12,2024-12-01,21332.58,21332.58,231.6,140.21,0.0,False,0.849,0.5651,141.28,False,False,True
KL_0079,Kannur,Payyanur,Mananagar,12.010666,75.717907,rural,17,6.47,False,2023,1,2023-01-01,1838.68,1838.68,246.9,11.31,0.0,False,0.896,0.4326,108.16,False,False,True
KL_0079,Kannur,Payyanur,Mananagar,12.010666,75.717907,rural,17,6.47,False,2023,2,2023-02-01,1246.71,1246.71,227.1,7.36,0.0,False,0.805,0.2933,73.34,False,False,True
KL_0079,Kannur,Payyanur,Mananagar,12.010666,75.717907,rural,17,6.47,False,2023,3,2023-03-01,1486.84,1486.84,234.4,8.34,0.0,False,0.833,0.3498,87.46,True,False,False
KL_0079,Kannur,Payyanur,Mananagar,12.010666,75.717907,rural,17,6.47,False,2023,4,2023-04-01,1886.05,1886.05,214.1,12.61,0.0,False,0.808,0.4438,110.94,True,False,False
KL_0079,Kannur,Payyanur,Mananagar,12.010666,75.717907,rural,17,6.47,False,2023,5,2023-05-01,2344.85,2344.85,228.4,13.03,0.0,False,0.8,0.5517,137.93,True,False,False
KL_0079,Kannur,Payyanur,Mananagar,12.010666,75.717907,rural,17,6.47,False,2023,6,2023-06-01,2271.09,2271.09,230.4,13.17,0.0,False,0.804,0.5344,133.59,False,True,False
KL_0079,Kannur,Payyanur,Mananagar,12.010666,75.717907,rural,17,6.47,False,2023,7,2023-07-01,850.52,850.52,222.2,5.84,0.0,False,0.819,0.2001,50.03,False,True,False
KL_0079,Kannur,Payyanur,Mananagar,12.010666,75.717907,rural,17,6.47,False,2023,8,2023-08-01,1047.7,1047.7,228.5,6.96,0.0,False,0.952,0.2465,61.63,False,True,False
KL_0079,Kannur,Payyanur,Mananagar,12.010666,75.717907,rural,17,6.47,False,2023,9,2023-09-01,1992.63,1992.63,230.6,11.58,0.0,False,0.847,0.4689,117.21,False,True,False
KL_0079,Kannur,Payyanur,Mananagar,12.010666,75.717907,rural,17,6.47,False,2023,10,2023-10-01,1972.2,1972.2,210.6,14.06,0.0,False,0.782,0.464,116.01,False,False,False
KL_0079,Kannur,Payyanur,Mananagar,12.010666,75.717907,rural,17,6.47,False,2023,11,2023-11-01,1111.19,1111.19,220.0,7.65,0.0,False,0.824,0.2615,65.36,False,False,False
KL_0079,Kannur,Payyanur,Mananagar,12.010666,75.717907,rural,17,6.47,False,2023,12,2023-12-01,1483.27,1483.27,230.6,8.55,0.0,False,0.901,0.349,87.25,False,False,True
KL_0079,Kannur,Payyanur,Mananagar,12.010666,75.717907,rural,17,6.47,False,2024,1,2024-01-01,1166.04,1166.04,244.2,6.19,0.0,False,0.815,0.2744,68.59,False,False,True
KL_0079,Kannur,Payyanur,Mananagar,12.010666,75.717907,rural,17,6.47,False,2024,2,2024-02-01,1014.33,1014.33,234.7,6.08,0.0,False,0.924,0.2387,59.67,False,False,True
KL_0079,Kannur,Payyanur,Mananagar,12.010666,75.717907,rural,17,6.47,False,2024,3,2024-03-01,1409.77,1409.77,215.1,8.65,0.0,False,0.901,0.3317,82.93,True,False,False
KL_0079,Kannur,Payyanur,Mananagar,12.010666,75.717907,rural,17,6.47,False,2024,4,2024-04-01,1789.49,1789.49,230.3,10.87,0.0,False,0.84,0.4211,105.26,True,False,False
KL_0079,Kannur,Payyanur,Mananagar,12.010666,75.717907,rural,17,6.47,False,2024,5,2024-05-01,1272.48,1272.48,226.2,7.74,0.0,False,0.817,0.2994,74.85,True,False,False
KL_0079,Kannur,Payyanur,Mananagar,12.010666,75.717907,rural,17,6.47,False,2024,6,2024-06-01,1718.58,1718.58,230.4,10.18,0.0,False,0.802,0.4044,101.09,False,True,False
KL_0079,Kannur,Payyanur,Mananagar,12.010666,75.717907,rural,17,6.47,False,2024,7,2024-07-01,1181.01,1181.01,213.5,7.2,0.0,False,0.86,0.2779,69.47,False,True,False
KL_0079,Kannur,Payyanur,Mananagar,12.010666,75.717907,rural,17,6.47,False,2024,8,2024-08-01,1255.31,1255.31,218.3,8.43,0.0,False,0.871,0.2954,73.84,False,True,False
KL_0079,Kannur,Payyanur,Mananagar,12.010666,75.717907,rural,17,6.47,False,2024,9,2024-09-01,1975.71,1975.71,228.3,12.35,0.0,False,0.917,0.4649,116.22,False,True,False
KL_0079,Kannur,Payyanur,Mananagar,12.010666,75.717907,rural,17,6.47,False,2024,10,2024-10-01,1269.93,1269.93,235.4,7.07,0.0,False,0.868,0.2988,74.7,False,False,False
KL_0079,Kannur,Payyanur,Mananagar,12.010666,75.717907,rural,17,6.47,False,2024,11,2024-11-01,1730.99,1730.99,227.6,9.89,0.0,False,0.832,0.4073,101.82,False,False,False
KL_0079,Kannur,Payyanur,Mananagar,12.010666,75.717907,rural,17,6.47,False,2024,12,2024-12-01,1165.91,1165.91,226.3,6.62,0.0,False,0.919,0.2743,68.58,False,False,True
KL_0080,Thiruvananthapuram,Attingal,Pettakunnu,8.422215,77.043335,rural,139,5.92,False,2023,1,2023-01-01,11029.42,14778.14,223.6,115.25,33.99,True,0.891,0.4253,106.32,False,False,True
KL_0080,Thiruvananthapuram,Attingal,Pettakunnu,8.422215,77.043335,rural,139,5.92,False,2023,2,2023-02-01,7902.3,9338.85,209.9,73.25,18.18,True,0.816,0.2687,67.19,False,False,True
KL_0080,Thiruvananthapuram,Attingal,Pettakunnu,8.422215,77.043335,rural,139,5.92,False,2023,3,2023-03-01,16431.51,23145.04,211.4,177.12,40.86,True,0.846,0.666,166.51,True,False,False
KL_0080,Thiruvananthapuram,Attingal,Pettakunnu,8.422215,77.043335,rural,139,5.92,False,2023,4,2023-04-01,10095.41,12467.32,223.9,93.68,23.49,True,0.883,0.3588,89.69,True,False,False
KL_0080,Thiruvananthapuram,Attingal,Pettakunnu,8.422215,77.043335,rural,139,5.92,False,2023,5,2023-05-01,21206.89,27844.83,217.9,209.12,31.3,True,0.865,0.8013,200.32,True,False,False
KL_0080,Thiruvananthapuram,Attingal,Pettakunnu,8.422215,77.043335,rural,139,5.92,False,2023,6,2023-06-01,17307.33,21132.57,209.6,181.9,22.1,True,0.8,0.6081,152.03,False,True,False
KL_0080,Thiruvananthapuram,Attingal,Pettakunnu,8.422215,77.043335,rural,139,5.92,False,2023,7,2023-07-01,10784.05,10784.05,226.7,61.95,0.0,False,0.859,0.3103,77.58,False,True,False
KL_0080,Thiruvananthapuram,Attingal,Pettakunnu,8.422215,77.043335,rural,139,5.92,False,2023,8,2023-08-01,16885.68,22615.08,210.6,169.21,33.93,True,0.816,0.6508,162.7,False,True,False
KL_0080,Thiruvananthapuram,Attingal,Pettakunnu,8.422215,77.043335,rural,139,5.92,False,2023,9,2023-09-01,11273.03,15706.24,209.7,118.21,39.33,True,0.853,0.452,112.99,False,True,False
KL_0080,Thiruvananthapuram,Attingal,Pettakunnu,8.422215,77.043335,rural,139,5.92,False,2023,10,2023-10-01,11742.83,14656.91,211.0,123.64,24.82,True,0.785,0.4218,105.45,False,False,False
KL_0080,Thiruvananthapuram,Attingal,Pettakunnu,8.422215,77.043335,rural,139,5.92,False,2023,11,2023-11-01,18870.47,25298.97,210.8,193.13,34.07,True,0.805,0.728,182.01,False,False,False
KL_0080,Thiruvananthapuram,Attingal,Pettakunnu,8.422215,77.043335,rural,139,5.92,False,2023,12,2023-12-01,10464.39,12802.84,205.4,103.94,22.35,True,0.955,0.3684,92.11,False,False,True
KL_0080,Thiruvananthapuram,Attingal,Pettakunnu,8.422215,77.043335,rural,139,5.92,False,2024,1,2024-01-01,16029.65,23054.95,211.0,194.41,43.83,True,0.829,0.6635,165.86,False,False,True
KL_0080,Thiruvananthapuram,Attingal,Pettakunnu,8.422215,77.043335,rural,139,5.92,False,2024,2,2024-02-01,8961.39,8961.39,235.6,57.8,0.0,False,0.906,0.2579,64.47,False,False,True
KL_0080,Thiruvananthapuram,Attingal,Pettakunnu,8.422215,77.043335,rural,139,5.92,False,2024,3,2024-03-01,6320.95,8703.43,228.2,61.92,37.69,True,0.844,0.2505,62.61,True,False,False
KL_0080,Thiruvananthapuram,Attingal,Pettakunnu,8.422215,77.043335,rural,139,5.92,False,2024,4,2024-04-01,4370.66,6021.04,209.5,51.58,37.76,True,0.79,0.1733,43.32,True,False,False
KL_0080,Thiruvananthapuram,Attingal,Pettakunnu,8.422215,77.043335,rural,139,5.92,False,2024,5,2024-05-01,15877.89,15877.89,227.3,94.34,0.0,False,0.796,0.4569,114.23,True,False,False
KL_0080,Thiruvananthapuram,Attingal,Pettakunnu,8.422215,77.043335,rural,139,5.92,False,2024,6,2024-06-01,15117.2,18546.65,217.4,131.68,22.69,True,0.81,0.5337,133.43,False,True,False
KL_0080,Thiruvananthapuram,Attingal,Pettakunnu,8.422215,77.043335,rural,139,5.92,False,2024,7,2024-07-01,14784.09,17692.78,204.8,144.68,19.67,True,0.957,0.5091,127.29,False,True,False
KL_0080,Thiruvananthapuram,Attingal,Pettakunnu,8.422215,77.043335,rural,139,5.92,False,2024,8,2024-08-01,11902.96,16092.9,216.7,113.81,35.2,True,0.838,0.4631,115.78,False,True,False
KL_0080,Thiruvananthapuram,Attingal,Pettakunnu,8.422215,77.043335,rural,139,5.92,False,2024,9,2024-09-01,8329.96,8329.96,230.7,49.75,0.0,False,0.859,0.2397,59.93,False,True,False
KL_0080,Thiruvananthapuram,Attingal,Pettakunnu,8.422215,77.043335,rural,139,5.92,False,2024,10,2024-10-01,12672.38,17989.25,225.2,126.48,41.96,True,0.884,0.5177,129.42,False,False,False
KL_0080,Thiruvananthapuram,Attingal,Pettakunnu,8.422215,77.043335,rural,139,5.92,False,2024,11,2024-11-01,15720.78,20747.7,207.1,179.93,31.98,True,0.875,0.5971,149.26,False,False,False
KL_0080,Thiruvananthapuram,Attingal,Pettakunnu,8.422215,77.043335,rural,139,5.92,False,2024,12,2024-12-01,14841.7,20255.63,209.8,165.86,36.48,True,0.893,0.5829,145.72,False,False,True
KL_0081,Malappuram,Tirur,Puzhaveli,10.902079,76.183247,rural,186,13.13,False,2023,1,2023-01-01,15713.71,15713.71,224.6,101.57,0.0,False,0.824,0.3379,84.48,False,False,True
KL_0081,Malappuram,Tirur,Puzhaveli,10.902079,76.183247,rural,186,13.13,False,2023,2,2023-02-01,11608.33,11608.33,222.6,66.19,0.0,False,0.791,0.2496,62.41,False,False,True
KL_0081,Malappuram,Tirur,Puzhaveli,10.902079,76.183247,rural,186,13.13,False,2023,3,2023-03-01,9377.11,9377.11,225.2,57.86,0.0,False,0.803,0.2017,50.41,True,False,False
KL_0081,Malappuram,Tirur,Puzhaveli,10.902079,76.183247,rural,186,13.13,False,2023,4,2023-04-01,13450.97,13450.97,227.5,76.35,0.0,False,0.773,0.2893,72.32,True,False,False
KL_0081,Malappuram,Tirur,Puzhaveli,10.902079,76.183247,rural,186,13.13,False,2023,5,2023-05-01,23851.04,23851.04,224.0,150.29,0.0,False,0.824,0.5129,128.23,True,False,False
KL_0081,Malappuram,Tirur,Puzhaveli,10.902079,76.183247,rural,186,13.13,False,2023,6,2023-06-01,22241.58,22241.58,243.2,118.61,0.0,False,0.664,0.4783,119.58,False,True,False
KL_0081,Malappuram,Tirur,Puzhaveli,10.902079,76.183247,rural,186,13.13,False,2023,7,2023-07-01,18567.1,18567.1,230.6,107.39,0.0,False,0.886,0.3993,99.82,False,True,False
KL_0081,Malappuram,Tirur,Puzhaveli,10.902079,76.183247,rural,186,13.13,False,2023,8,2023-08-01,10429.93,10429.93,229.5,68.82,0.0,False,0.879,0.2243,56.07,False,True,False
KL_0081,Malappuram,Tirur,Puzhaveli,10.902079,76.183247,rural,186,13.13,False,2023,9,2023-09-01,18915.46,18915.46,226.4,115.87,0.0,False,0.801,0.4068,101.7,False,True,False
KL_0081,Malappuram,Tirur,Puzhaveli,10.902079,76.183247,rural,186,13.13,False,2023,10,2023-10-01,12978.89,12978.89,244.7,74.34,0.0,False,0.781,0.2791,69.78,False,False,False
KL_0081,Malappuram,Tirur,Puzhaveli,10.902079,76.183247,rural,186,13.13,False,2023,11,2023-11-01,16662.61,16662.61,217.9,105.58,0.0,False,0.926,0.3583,89.58,False,False,False
KL_0081,Malappuram,Tirur,Puzhaveli,10.902079,76.183247,rural,186,13.13,False,2023,12,2023-12-01,22748.45,22748.45,214.7,136.08,0.0,False,0.898,0.4892,122.3,False,False,True
KL_0081,Malappuram,Tirur,Puzhaveli,10.902079,76.183247,rural,186,13.13,False,2024,1,2024-01-01,14409.87,14409.87,215.6,93.82,0.0,False,0.837,0.3099,77.47,False,False,True
KL_0081,Malappuram,Tirur,Puzhaveli,10.902079,76.183247,rural,186,13.13,False,2024,2,2024-02-01,16842.19,16842.19,243.9,95.36,0.0,False,0.816,0.3622,90.55,False,False,True
KL_0081,Malappuram,Tirur,Puzhaveli,10.902079,76.183247,rural,186,13.13,False,2024,3,2024-03-01,7916.48,7916.48,230.8,46.39,0.0,False,0.852,0.1702,42.56,True,False,False
KL_0081,Malappuram,Tirur,Puzhaveli,10.902079,76.183247,rural,186,13.13,False,2024,4,2024-04-01,24684.16,24684.16,224.8,141.22,0.0,False,0.778,0.5308,132.71,True,False,False
KL_0081,Malappuram,Tirur,Puzhaveli,10.902079,76.183247,rural,186,13.13,False,2024,5,2024-05-01,22348.57,22348.57,222.2,139.99,0.0,False,0.865,0.4806,120.15,True,False,False
KL_0081,Malappuram,Tirur,Puzhaveli,10.902079,76.183247,rural,186,13.13,False,2024,6,2024-06-01,19914.83,19914.83,232.1,108.24,0.0,False,0.79,0.4283,107.07,False,True,False
KL_0081,Malappuram,Tirur,Puzhaveli,10.902079,76.183247,rural,186,13.13,False,2024,7,2024-07-01,13520.32,13520.32,216.6,87.1,0.0,False,0.73,0.2908,72.69,False,True,False
KL_0081,Malappuram,Tirur,Puzhaveli,10.902079,76.183247,rural,186,13.13,False,2024,8,2024-08-01,17311.97,17311.97,228.5,112.64,0.0,False,0.809,0.3723,93.08,False,True,False
KL_0081,Malappuram,Tirur,Puzhaveli,10.902079,76.183247,rural,186,13.13,False,2024,9,2024-09-01,21991.64,21991.64,242.9,137.99,0.0,False,0.799,0.4729,118.23,False,True,False
KL_0081,Malappuram,Tirur,Puzhaveli,10.902079,76.183247,rural,186,13.13,False,2024,10,2024-10-01,11305.26,11305.26,218.3,73.83,0.0,False,0.94,0.2431,60.78,False,False,False
KL_0081,Malappuram,Tirur,Puzhaveli,10.902079,76.183247,rural,186,13.13,False,2024,11,2024-11-01,12979.06,12979.06,225.9,81.03,0.0,False,0.934,0.2791,69.78,False,False,False
KL_0081,Malappuram,Tirur,Puzhaveli,10.902079,76.183247,rural,186,13.13,False,2024,12,2024-12-01,11658.2,11658.2,218.8,70.37,0.0,False,0.794,0.2507,62.68,False,False,True
KL_0082,Alappuzha,Kayamkulam,Melaveli,9.516435,76.326132,rural,54,16.95,False,2023,1,2023-01-01,4301.31,4301.31,229.7,25.29,0.0,False,0.845,0.3186,79.65,False,False,True
KL_0082,Alappuzha,Kayamkulam,Melaveli,9.516435,76.326132,rural,54,16.95,False,2023,2,2023-02-01,6073.11,6073.11,227.9,39.99,0.0,False,0.817,0.4499,112.46,False,False,True
KL_0082,Alappuzha,Kayamkulam,Melaveli,9.516435,76.326132,rural,54,16.95,False,2023,3,2023-03-01,4552.05,4552.05,237.0,24.95,0.0,False,0.942,0.3372,84.3,True,False,False
KL_0082,Alappuzha,Kayamkulam,Melaveli,9.516435,76.326132,rural,54,16.95,False,2023,4,2023-04-01,6011.22,6011.22,234.5,36.44,0.0,False,0.759,0.4453,111.32,True,False,False
KL_0082,Alappuzha,Kayamkulam,Melaveli,9.516435,76.326132,rural,54,16.95,False,2023,5,2023-05-01,5991.73,5991.73,208.5,42.59,0.0,False,0.873,0.4438,110.96,True,False,False
KL_0082,Alappuzha,Kayamkulam,Melaveli,9.516435,76.326132,rural,54,16.95,False,2023,6,2023-06-01,6963.44,6963.44,235.4,40.83,0.0,False,0.914,0.5158,128.95,False,True,False
KL_0082,Alappuzha,Kayamkulam,Melaveli,9.516435,76.326132,rural,54,16.95,False,2023,7,2023-07-01,5683.32,5683.32,237.6,33.2,0.0,False,0.823,0.421,105.25,False,True,False
KL_0082,Alappuzha,Kayamkulam,Melaveli,9.516435,76.326132,rural,54,16.95,False,2023,8,2023-08-01,4791.22,4791.22,222.2,29.32,0.0,False,0.851,0.3549,88.73,False,True,False
KL_0082,Alappuzha,Kayamkulam,Melaveli,9.516435,76.326132,rural,54,16.95,False,2023,9,2023-09-01,6137.39,6137.39,239.8,32.89,0.0,False,0.903,0.4546,113.66,False,True,False
KL_0082,Alappuzha,Kayamkulam,Melaveli,9.516435,76.326132,rural,54,16.95,False,2023,10,2023-10-01,3472.37,3472.37,229.9,20.09,0.0,False,0.795,0.2572,64.3,False,False,False
KL_0082,Alappuzha,Kayamkulam,Melaveli,9.516435,76.326132,rural,54,16.95,False,2023,11,2023-11-01,3140.75,3140.75,205.8,22.14,0.0,False,0.882,0.2326,58.16,False,False,False
KL_0082,Alappuzha,Kayamkulam,Melaveli,9.516435,76.326132,rural,54,16.95,False,2023,12,2023-12-01,6005.4,6005.4,231.9,37.03,0.0,False,0.773,0.4448,111.21,False,False,True
KL_0082,Alappuzha,Kayamkulam,Melaveli,9.516435,76.326132,rural,54,16.95,False,2024,1,2024-01-01,4417.82,4417.82,227.8,28.8,0.0,False,0.77,0.3272,81.81,False,False,True
KL_0082,Alappuzha,Kayamkulam,Melaveli,9.516435,76.326132,rural,54,16.95,False,2024,2,2024-02-01,2397.28,2397.28,233.5,14.19,0.0,False,0.893,0.1776,44.39,False,False,True
KL_0082,Alappuzha,Kayamkulam,Melaveli,9.516435,76.326132,rural,54,16.95,False,2024,3,2024-03-01,4746.57,4746.57,218.0,30.01,0.0,False,0.802,0.3516,87.9,True,False,False
KL_0082,Alappuzha,Kayamkulam,Melaveli,9.516435,76.326132,rural,54,16.95,False,2024,4,2024-04-01,4519.88,4519.88,231.5,29.8,0.0,False,0.859,0.3348,83.7,True,False,False
KL_0082,Alappuzha,Kayamkulam,Melaveli,9.516435,76.326132,rural,54,16.95,False,2024,5,2024-05-01,4695.99,4695.99,217.4,28.46,0.0,False,0.791,0.3479,86.96,True,False,False
KL_0082,Alappuzha,Kayamkulam,Melaveli,9.516435,76.326132,rural,54,16.95,False,2024,6,2024-06-01,4735.38,4735.38,235.2,29.38,0.0,False,0.864,0.3508,87.69,False,True,False
KL_0082,Alappuzha,Kayamkulam,Melaveli,9.516435,76.326132,rural,54,16.95,False,2024,7,2024-07-01,5578.78,5578.78,237.5,34.0,0.0,False,0.767,0.4132,103.31,False,True,False
KL_0082,Alappuzha,Kayamkulam,Melaveli,9.516435,76.326132,rural,54,16.95,False,2024,8,2024-08-01,3785.73,3785.73,234.1,21.02,0.0,False,0.915,0.2804,70.11,False,True,False
KL_0082,Alappuzha,Kayamkulam,Melaveli,9.516435,76.326132,rural,54,16.95,False,2024,9,2024-09-01,2596.32,2596.32,235.4,15.36,0.0,False,0.891,0.1923,48.08,False,True,False
KL_0082,Alappuzha,Kayamkulam,Melaveli,9.516435,76.326132,rural,54,16.95,False,2024,10,2024-10-01,4176.24,4176.24,223.8,24.81,0.0,False,0.82,0.3094,77.34,False,False,False
KL_0082,Alappuzha,Kayamkulam,Melaveli,9.516435,76.326132,rural,54,16.95,False,2024,11,2024-11-01,3915.73,3915.73,231.5,23.44,0.0,False,0.757,0.2901,72.51,False,False,False
KL_0082,Alappuzha,Kayamkulam,Melaveli,9.516435,76.326132,rural,54,16.95,False,2024,12,2024-12-01,5846.08,5846.08,229.8,35.46,0.0,False,0.84,0.433,108.26,False,False,True
KL_0083,Kottayam,Ettumanoor,Kallamoodu,9.792594,76.785805,rural,119,5.24,False,2023,1,2023-01-01,6965.84,6965.84,228.8,39.78,0.0,False,0.832,0.2341,58.54,False,False,True
KL_0083,Kottayam,Ettumanoor,Kallamoodu,9.792594,76.785805,rural,119,5.24,False,2023,2,2023-02-01,8139.09,8139.09,216.4,52.76,0.0,False,0.823,0.2736,68.4,False,False,True
KL_0083,Kottayam,Ettumanoor,Kallamoodu,9.792594,76.785805,rural,119,5.24,False,2023,3,2023-03-01,8859.57,8859.57,224.6,55.8,0.0,False,0.903,0.2978,74.45,True,False,False
KL_0083,Kottayam,Ettumanoor,Kallamoodu,9.792594,76.785805,rural,119,5.24,False,2023,4,2023-04-01,11449.97,11449.97,232.0,70.98,0.0,False,0.911,0.3849,96.22,True,False,False
KL_0083,Kottayam,Ettumanoor,Kallamoodu,9.792594,76.785805,rural,119,5.24,False,2023,5,2023-05-01,15922.82,15922.82,209.5,109.77,0.0,False,0.871,0.5352,133.81,True,False,False
KL_0083,Kottayam,Ettumanoor,Kallamoodu,9.792594,76.785805,rural,119,5.24,False,2023,6,2023-06-01,10802.01,10802.01,210.9,70.18,0.0,False,0.925,0.3631,90.77,False,True,False
KL_0083,Kottayam,Ettumanoor,Kallamoodu,9.792594,76.785805,rural,119,5.24,False,2023,7,2023-07-01,13041.67,13041.67,237.3,78.94,0.0,False,0.71,0.4384,109.59,False,True,False
KL_0083,Kottayam,Ettumanoor,Kallamoodu,9.792594,76.785805,rural,119,5.24,False,2023,8,2023-08-01,9165.42,9165.42,225.7,53.63,0.0,False,0.835,0.3081,77.02,False,True,False
KL_0083,Kottayam,Ettumanoor,Kallamoodu,9.792594,76.785805,rural,119,5.24,False,2023,9,2023-09-01,13590.62,13590.62,238.6,86.58,0.0,False,0.832,0.4568,114.21,False,True,False
KL_0083,Kottayam,Ettumanoor,Kallamoodu,9.792594,76.785805,rural,119,5.24,False,2023,10,2023-10-01,5641.88,5641.88,210.5,39.69,0.0,False,0.892,0.1896,47.41,False,False,False
KL_0083,Kottayam,Ettumanoor,Kallamoodu,9.792594,76.785805,rural,119,5.24,False,2023,11,2023-11-01,14240.55,14240.55,227.8,83.08,0.0,False,0.834,0.4787,119.67,False,False,False
KL_0083,Kottayam,Ettumanoor,Kallamoodu,9.792594,76.785805,rural,119,5.24,False,2023,12,2023-12-01,9642.13,9642.13,217.3,56.24,0.0,False,0.878,0.3241,81.03,False,False,True
KL_0083,Kottayam,Ettumanoor,Kallamoodu,9.792594,76.785805,rural,119,5.24,False,2024,1,2024-01-01,8842.72,8842.72,220.8,60.71,0.0,False,0.826,0.2972,74.31,False,False,True
KL_0083,Kottayam,Ettumanoor,Kallamoodu,9.792594,76.785805,rural,119,5.24,False,2024,2,2024-02-01,10705.7,10705.7,220.9,73.02,0.0,False,0.816,0.3599,89.96,False,False,True
KL_0083,Kottayam,Ettumanoor,Kallamoodu,9.792594,76.785805,rural,119,5.24,False,2024,3,2024-03-01,7587.16,7587.16,229.0,42.95,0.0,False,0.89,0.255,63.76,True,False,False
KL_0083,Kottayam,Ettumanoor,Kallamoodu,9.792594,76.785805,rural,119,5.24,False,2024,4,2024-04-01,6163.3,6163.3,227.9,34.07,0.0,False,0.85,0.2072,51.79,True,False,False
KL_0083,Kottayam,Ettumanoor,Kallamoodu,9.792594,76.785805,rural,119,5.24,False,2024,5,2024-05-01,12190.23,12190.23,232.5,66.69,0.0,False,0.865,0.4098,102.44,True,False,False
KL_0083,Kottayam,Ettumanoor,Kallamoodu,9.792594,76.785805,rural,119,5.24,False,2024,6,2024-06-01,13460.92,13460.92,228.8,81.23,0.0,False,0.788,0.4525,113.12,False,True,False
KL_0083,Kottayam,Ettumanoor,Kallamoodu,9.792594,76.785805,rural,119,5.24,False,2024,7,2024-07-01,8797.25,8797.25,234.4,55.54,0.0,False,0.884,0.2957,73.93,False,True,False
KL_0083,Kottayam,Ettumanoor,Kallamoodu,9.792594,76.785805,rural,119,5.24,False,2024,8,2024-08-01,10004.13,10004.13,218.3,67.51,0.0,False,0.796,0.3363,84.07,False,True,False
KL_0083,Kottayam,Ettumanoor,Kallamoodu,9.792594,76.785805,rural,119,5.24,False,2024,9,2024-09-01,10117.43,10117.43,225.0,57.45,0.0,False,0.936,0.3401,85.02,False,True,False
KL_0083,Kottayam,Ettumanoor,Kallamoodu,9.792594,76.785805,rural,119,5.24,False,2024,10,2024-10-01,15158.86,15158.86,223.8,84.8,0.0,False,0.837,0.5095,127.39,False,False,False
KL_0083,Kottayam,Ettumanoor,Kallamoodu,9.792594,76.785805,rural,119,5.24,False,2024,11,2024-11-01,7054.18,7054.18,216.1,44.22,0.0,False,0.829,0.2371,59.28,False,False,False
KL_0083,Kottayam,Ettumanoor,Kallamoodu,9.792594,76.785805,rural,119,5.24,False,2024,12,2024-12-01,9604.84,9604.84,240.1,57.54,0.0,False,0.895,0.3229,80.71,False,False,True
KL_0084,Wayanad,Vythiri,Idavamoodu,11.84005,75.910349,urban,130,3.49,False,2023,1,2023-01-01,25701.69,25701.69,217.7,179.67,0.0,False,0.847,0.7908,197.71,False,False,True
KL_0084,Wayanad,Vythiri,Idavamoodu,11.84005,75.910349,urban,130,3.49,False,2023,2,2023-02-01,17258.72,17258.72,244.3,95.92,0.0,False,0.886,0.531,132.76,False,False,True
KL_0084,Wayanad,Vythiri,Idavamoodu,11.84005,75.910349,urban,130,3.49,False,2023,3,2023-03-01,19315.66,19315.66,220.8,128.81,0.0,False,0.835,0.5943,148.58,True,False,False
KL_0084,Wayanad,Vythiri,Idavamoodu,11.84005,75.910349,urban,130,3.49,False,2023,4,2023-04-01,36009.26,36009.26,233.7,226.21,0.0,False,0.886,1.108,276.99,True,False,False
KL_0084,Wayanad,Vythiri,Idavamoodu,11.84005,75.910349,urban,130,3.49,False,2023,5,2023-05-01,33195.51,33195.51,230.0,210.88,0.0,False,0.846,1.0214,255.35,True,False,False
KL_0084,Wayanad,Vythiri,Idavamoodu,11.84005,75.910349,urban,130,3.49,False,2023,6,2023-06-01,23100.78,23100.78,215.4,161.75,0.0,False,0.893,0.7108,177.7,False,True,False
KL_0084,Wayanad,Vythiri,Idavamoodu,11.84005,75.910349,urban,130,3.49,False,2023,7,2023-07-01,31083.86,31083.86,219.7,198.8,0.0,False,0.908,0.9564,239.11,False,True,False
KL_0084,Wayanad,Vythiri,Idavamoodu,11.84005,75.910349,urban,130,3.49,False,2023,8,2023-08-01,22469.49,22469.49,220.5,143.71,0.0,False,0.771,0.6914,172.84,False,True,False
KL_0084,Wayanad,Vythiri,Idavamoodu,11.84005,75.910349,urban,130,3.49,False,2023,9,2023-09-01,20576.68,20576.68,238.7,115.04,0.0,False,0.868,0.6331,158.28,False,True,False
KL_0084,Wayanad,Vythiri,Idavamoodu,11.84005,75.910349,urban,130,3.49,False,2023,10,2023-10-01,28801.08,28801.08,234.6,176.25,0.0,False,0.941,0.8862,221.55,False,False,False
KL_0084,Wayanad,Vythiri,Idavamoodu,11.84005,75.910349,urban,130,3.49,False,2023,11,2023-11-01,23770.99,23770.99,232.5,150.55,0.0,False,0.881,0.7314,182.85,False,False,False
KL_0084,Wayanad,Vythiri,Idavamoodu,11.84005,75.910349,urban,130,3.49,False,2023,12,2023-12-01,33180.31,33180.31,221.3,193.1,0.0,False,0.972,1.0209,255.23,False,False,True
KL_0084,Wayanad,Vythiri,Idavamoodu,11.84005,75.910349,urban,130,3.49,False,2024,1,2024-01-01,15740.04,15740.04,238.3,84.23,0.0,False,0.804,0.4843,121.08,False,False,True
KL_0084,Wayanad,Vythiri,Idavamoodu,11.84005,75.910349,urban,130,3.49,False,2024,2,2024-02-01,29612.92,29612.92,226.3,173.66,0.0,False,0.863,0.9112,227.79,False,False,True
KL_0084,Wayanad,Vythiri,Idavamoodu,11.84005,75.910349,urban,130,3.49,False,2024,3,2024-03-01,26870.28,26870.28,232.9,162.3,0.0,False,0.874,0.8268,206.69,True,False,False
KL_0084,Wayanad,Vythiri,Idavamoodu,11.84005,75.910349,urban,130,3.49,False,2024,4,2024-04-01,26393.7,26393.7,229.0,166.36,0.0,False,0.824,0.8121,203.03,True,False,False
KL_0084,Wayanad,Vythiri,Idavamoodu,11.84005,75.910349,urban,130,3.49,False,2024,5,2024-05-01,34420.5,34420.5,224.0,205.03,0.0,False,0.788,1.0591,264.77,True,False,False
KL_0084,Wayanad,Vythiri,Idavamoodu,11.84005,75.910349,urban,130,3.49,False,2024,6,2024-06-01,22765.62,22765.62,214.1,139.66,0.0,False,0.958,0.7005,175.12,False,True,False
KL_0084,Wayanad,Vythiri,Idavamoodu,11.84005,75.910349,urban,130,3.49,False,2024,7,2024-07-01,23147.15,23147.15,228.8,130.75,0.0,False,0.906,0.7122,178.06,False,True,False
KL_0084,Wayanad,Vythiri,Idavamoodu,11.84005,75.910349,urban,130,3.49,False,2024,8,2024-08-01,29545.38,29545.38,221.7,202.22,0.0,False,0.878,0.9091,227.27,False,True,False
KL_0084,Wayanad,Vythiri,Idavamoodu,11.84005,75.910349,urban,130,3.49,False,2024,9,2024-09-01,30663.68,30663.68,234.9,176.67,0.0,False,0.852,0.9435,235.87,False,True,False
KL_0084,Wayanad,Vythiri,Idavamoodu,11.84005,75.910349,urban,130,3.49,False,2024,10,2024-10-01,18016.05,18016.05,239.3,100.49,0.0,False,0.857,0.5543,138.58,False,False,False
KL_0084,Wayanad,Vythiri,Idavamoodu,11.84005,75.910349,urban,130,3.49,False,2024,11,2024-11-01,21524.4,21524.4,205.8,139.27,0.0,False,0.881,0.6623,165.57,False,False,False
KL_0084,Wayanad,Vythiri,Idavamoodu,11.84005,75.910349,urban,130,3.49,False,2024,12,2024-12-01,13386.6,13386.6,227.4,88.09,0.0,False,0.922,0.4119,102.97,False,False,True
KL_0085,Kozhikode,Feroke,Vadakkepuram,11.246224,75.61704,rural,177,24.15,True,2023,1,2023-01-01,16830.03,16830.03,234.1,92.59,0.0,False,0.815,0.3803,95.08,False,False,True
KL_0085,Kozhikode,Feroke,Vadakkepuram,11.246224,75.61704,rural,177,24.15,True,2023,2,2023-02-01,11966.04,11966.04,216.7,81.93,0.0,False,0.855,0.2704,67.6,False,False,True
KL_0085,Kozhikode,Feroke,Vadakkepuram,11.246224,75.61704,rural,177,24.15,True,2023,3,2023-03-01,14960.44,14960.44,233.7,95.2,0.0,False,0.832,0.3381,84.52,True,False,False
KL_0085,Kozhikode,Feroke,Vadakkepuram,11.246224,75.61704,rural,177,24.15,True,2023,4,2023-04-01,14664.75,14664.75,223.3,86.7,0.0,False,0.797,0.3314,82.85,True,False,False
KL_0085,Kozhikode,Feroke,Vadakkepuram,11.246224,75.61704,rural,177,24.15,True,2023,5,2023-05-01,15748.26,15748.26,225.5,96.84,0.0,False,0.819,0.3559,88.97,True,False,False
KL_0085,Kozhikode,Feroke,Vadakkepuram,11.246224,75.61704,rural,177,24.15,True,2023,6,2023-06-01,14645.88,14645.88,226.9,93.81,0.0,False,0.861,0.331,82.75,False,True,False
KL_0085,Kozhikode,Feroke,Vadakkepuram,11.246224,75.61704,rural,177,24.15,True,2023,7,2023-07-01,11743.03,11743.03,244.6,66.66,0.0,False,0.835,0.2654,66.34,False,True,False
KL_0085,Kozhikode,Feroke,Vadakkepuram,11.246224,75.61704,rural,177,24.15,True,2023,8,2023-08-01,17101.76,17101.76,234.6,111.15,0.0,False,0.851,0.3865,96.62,False,True,False
KL_0085,Kozhikode,Feroke,Vadakkepuram,11.246224,75.61704,rural,177,24.15,True,2023,9,2023-09-01,15454.44,15454.44,230.7,90.46,0.0,False,0.886,0.3493,87.31,False,True,False
KL_0085,Kozhikode,Feroke,Vadakkepuram,11.246224,75.61704,rural,177,24.15,True,2023,10,2023-10-01,19396.23,19396.23,223.2,120.4,0.0,False,0.908,0.4383,109.58,False,False,False
KL_0085,Kozhikode,Feroke,Vadakkepuram,11.246224,75.61704,rural,177,24.15,True,2023,11,2023-11-01,4421.87,4421.87,229.3,25.39,0.0,False,0.983,0.0999,24.98,False,False,False
KL_0085,Kozhikode,Feroke,Vadakkepuram,11.246224,75.61704,rural,177,24.15,True,2023,12,2023-12-01,7342.26,7342.26,235.4,40.11,0.0,False,0.889,0.1659,41.48,False,False,True
KL_0085,Kozhikode,Feroke,Vadakkepuram,11.246224,75.61704,rural,177,24.15,True,2024,1,2024-01-01,11535.89,11535.89,221.0,66.0,0.0,False,0.819,0.2607,65.17,False,False,True
KL_0085,Kozhikode,Feroke,Vadakkepuram,11.246224,75.61704,rural,177,24.15,True,2024,2,2024-02-01,11063.06,11063.06,241.0,65.68,0.0,False,0.905,0.25,62.5,False,False,True
KL_0085,Kozhikode,Feroke,Vadakkepuram,11.246224,75.61704,rural,177,24.15,True,2024,3,2024-03-01,19198.08,19198.08,239.8,103.28,0.0,False,0.834,0.4339,108.46,True,False,False
KL_0085,Kozhikode,Feroke,Vadakkepuram,11.246224,75.61704,rural,177,24.15,True,2024,4,2024-04-01,18233.71,18233.71,244.1,97.31,0.0,False,0.815,0.4121,103.02,True,False,False
KL_0085,Kozhikode,Feroke,Vadakkepuram,11.246224,75.61704,rural,177,24.15,True,2024,5,2024-05-01,27330.77,27330.77,216.7,166.3,0.0,False,0.881,0.6176,154.41,True,False,False
KL_0085,Kozhikode,Feroke,Vadakkepuram,11.246224,75.61704,rural,177,24.15,True,2024,6,2024-06-01,24400.3,24400.3,217.7,153.7,0.0,False,0.921,0.5514,137.85,False,True,False
KL_0085,Kozhikode,Feroke,Vadakkepuram,11.246224,75.61704,rural,177,24.15,True,2024,7,2024-07-01,13233.57,13233.57,230.9,78.99,0.0,False,0.82,0.2991,74.77,False,True,False
KL_0085,Kozhikode,Feroke,Vadakkepuram,11.246224,75.61704,rural,177,24.15,True,2024,8,2024-08-01,18409.76,18409.76,230.1,116.54,0.0,False,0.866,0.416,104.01,False,True,False
KL_0085,Kozhikode,Feroke,Vadakkepuram,11.246224,75.61704,rural,177,24.15,True,2024,9,2024-09-01,6262.53,6262.53,212.1,43.77,0.0,False,0.873,0.1415,35.38,False,True,False
KL_0085,Kozhikode,Feroke,Vadakkepuram,11.246224,75.61704,rural,177,24.15,True,2024,10,2024-10-01,8891.15,8891.15,218.4,57.61,0.0,False,0.803,0.2009,50.23,False,False,False
KL_0085,Kozhikode,Feroke,Vadakkepuram,11.246224,75.61704,rural,177,24.15,True,2024,11,2024-11-01,15884.52,15884.52,225.8,94.42,0.0,False,0.778,0.359,89.74,False,False,False
KL_0085,Kozhikode,Feroke,Vadakkepuram,11.246224,75.61704,rural,177,24.15,True,2024,12,2024-12-01,11774.0,11774.0,222.6,72.53,0.0,False,0.78,0.2661,66.52,False,False,True
KL_0086,Alappuzha,Kayamkulam,Koduveli,9.201992,76.30417,rural,140,20.07,False,2023,1,2023-01-01,11242.76,11242.76,212.5,69.71,0.0,False,0.914,0.3212,80.31,False,False,True
KL_0086,Alappuzha,Kayamkulam,Koduveli,9.201992,76.30417,rural,140,20.07,False,2023,2,2023-02-01,7228.53,7228.53,234.7,43.86,0.0,False,0.827,0.2065,51.63,False,False,True
KL_0086,Alappuzha,Kayamkulam,Koduveli,9.201992,76.30417,rural,140,20.07,False,2023,3,2023-03-01,9740.72,9740.72,228.2,58.18,0.0,False,0.818,0.2783,69.58,True,False,False
KL_0086,Alappuzha,Kayamkulam,Koduveli,9.201992,76.30417,rural,140,20.07,False,2023,4,2023-04-01,9266.27,9266.27,239.2,50.01,0.0,False,0.866,0.2648,66.19,True,False,False
KL_0086,Alappuzha,Kayamkulam,Koduveli,9.201992,76.30417,rural,140,20.07,False,2023,5,2023-05-01,12824.74,12824.74,217.6,89.74,0.0,False,0.915,0.3664,91.61,True,False,False
KL_0086,Alappuzha,Kayamkulam,Koduveli,9.201992,76.30417,rural,140,20.07,False,2023,6,2023-06-01,13717.28,13717.28,228.6,81.54,0.0,False,0.792,0.3919,97.98,False,True,False
KL_0086,Alappuzha,Kayamkulam,Koduveli,9.201992,76.30417,rural,140,20.07,False,2023,7,2023-07-01,11017.53,11017.53,217.6,69.84,0.0,False,0.756,0.3148,78.7,False,True,False
KL_0086,Alappuzha,Kayamkulam,Koduveli,9.201992,76.30417,rural,140,20.07,False,2023,8,2023-08-01,6288.32,6288.32,222.6,38.36,0.0,False,0.924,0.1797,44.92,False,True,False
KL_0086,Alappuzha,Kayamkulam,Koduveli,9.201992,76.30417,rural,140,20.07,False,2023,9,2023-09-01,14281.6,14281.6,236.7,87.16,0.0,False,0.876,0.408,102.01,False,True,False
KL_0086,Alappuzha,Kayamkulam,Koduveli,9.201992,76.30417,rural,140,20.07,False,2023,10,2023-10-01,11867.82,11867.82,234.3,63.41,0.0,False,0.796,0.3391,84.77,False,False,False
KL_0086,Alappuzha,Kayamkulam,Koduveli,9.201992,76.30417,rural,140,20.07,False,2023,11,2023-11-01,12238.22,12238.22,229.9,70.1,0.0,False,0.828,0.3497,87.42,False,False,False
KL_0086,Alappuzha,Kayamkulam,Koduveli,9.201992,76.30417,rural,140,20.07,False,2023,12,2023-12-01,12605.21,12605.21,222.2,81.87,0.0,False,0.8,0.3601,90.04,False,False,True
KL_0086,Alappuzha,Kayamkulam,Koduveli,9.201992,76.30417,rural,140,20.07,False,2024,1,2024-01-01,10039.54,10039.54,220.0,65.52,0.0,False,0.882,0.2868,71.71,False,False,True
KL_0086,Alappuzha,Kayamkulam,Koduveli,9.201992,76.30417,rural,140,20.07,False,2024,2,2024-02-01,13014.08,13014.08,219.0,88.13,0.0,False,0.901,0.3718,92.96,False,False,True
KL_0086,Alappuzha,Kayamkulam,Koduveli,9.201992,76.30417,rural,140,20.07,False,2024,3,2024-03-01,12995.23,12995.23,230.0,80.72,0.0,False,0.883,0.3713,92.82,True,False,False
KL_0086,Alappuzha,Kayamkulam,Koduveli,9.201992,76.30417,rural,140,20.07,False,2024,4,2024-04-01,11439.58,11439.58,210.8,82.82,0.0,False,0.858,0.3268,81.71,True,False,False
KL_0086,Alappuzha,Kayamkulam,Koduveli,9.201992,76.30417,rural,140,20.07,False,2024,5,2024-05-01,24290.02,24290.02,240.0,138.11,0.0,False,0.869,0.694,173.5,True,False,False
KL_0086,Alappuzha,Kayamkulam,Koduveli,9.201992,76.30417,rural,140,20.07,False,2024,6,2024-06-01,11566.17,11566.17,227.2,65.82,0.0,False,0.813,0.3305,82.62,False,True,False
KL_0086,Alappuzha,Kayamkulam,Koduveli,9.201992,76.30417,rural,140,20.07,False,2024,7,2024-07-01,11804.46,11804.46,233.9,73.3,0.0,False,0.828,0.3373,84.32,False,True,False
KL_0086,Alappuzha,Kayamkulam,Koduveli,9.201992,76.30417,rural,140,20.07,False,2024,8,2024-08-01,16829.3,16829.3,235.5,108.97,0.0,False,0.85,0.4808,120.21,False,True,False
KL_0086,Alappuzha,Kayamkulam,Koduveli,9.201992,76.30417,rural,140,20.07,False,2024,9,2024-09-01,7443.9,7443.9,220.0,42.93,0.0,False,0.836,0.2127,53.17,False,True,False
KL_0086,Alappuzha,Kayamkulam,Koduveli,9.201992,76.30417,rural,140,20.07,False,2024,10,2024-10-01,13109.49,13109.49,223.1,77.78,0.0,False,0.85,0.3746,93.64,False,False,False
KL_0086,Alappuzha,Kayamkulam,Koduveli,9.201992,76.30417,rural,140,20.07,False,2024,11,2024-11-01,13907.78,13907.78,220.9,82.7,0.0,False,0.769,0.3974,99.34,False,False,False
KL_0086,Alappuzha,Kayamkulam,Koduveli,9.201992,76.30417,rural,140,20.07,False,2024,12,2024-12-01,11428.03,11428.03,237.0,70.67,0.0,False,0.894,0.3265,81.63,False,False,True
KL_0087,Ernakulam,Kothamangalam,Padamveli,9.961632,76.60441,rural,32,20.7,False,2023,1,2023-01-01,2915.08,2915.08,229.3,17.19,0.0,False,0.796,0.3644,91.1,False,False,True
KL_0087,Ernakulam,Kothamangalam,Padamveli,9.961632,76.60441,rural,32,20.7,False,2023,2,2023-02-01,2523.33,2523.33,222.4,14.88,0.0,False,0.745,0.3154,78.85,False,False,True
KL_0087,Ernakulam,Kothamangalam,Padamveli,9.961632,76.60441,rural,32,20.7,False,2023,3,2023-03-01,3788.62,3788.62,223.3,22.45,0.0,False,0.814,0.4736,118.39,True,False,False
KL_0087,Ernakulam,Kothamangalam,Padamveli,9.961632,76.60441,rural,32,20.7,False,2023,4,2023-04-01,3089.52,3089.52,241.1,18.18,0.0,False,0.839,0.3862,96.55,True,False,False
KL_0087,Ernakulam,Kothamangalam,Padamveli,9.961632,76.60441,rural,32,20.7,False,2023,5,2023-05-01,3237.45,3237.45,213.2,22.6,0.0,False,0.951,0.4047,101.17,True,False,False
KL_0087,Ernakulam,Kothamangalam,Padamveli,9.961632,76.60441,rural,32,20.7,False,2023,6,2023-06-01,3206.76,3206.76,217.6,18.61,0.0,False,0.826,0.4008,100.21,False,True,False
KL_0087,Ernakulam,Kothamangalam,Padamveli,9.961632,76.60441,rural,32,20.7,False,2023,7,2023-07-01,3379.34,3379.34,229.8,18.68,0.0,False,0.86,0.4224,105.6,False,True,False
KL_0087,Ernakulam,Kothamangalam,Padamveli,9.961632,76.60441,rural,32,20.7,False,2023,8,2023-08-01,2099.74,2099.74,231.0,11.75,0.0,False,0.866,0.2625,65.62,False,True,False
KL_0087,Ernakulam,Kothamangalam,Padamveli,9.961632,76.60441,rural,32,20.7,False,2023,9,2023-09-01,3257.71,3257.71,234.4,18.84,0.0,False,0.774,0.4072,101.8,False,True,False
KL_0087,Ernakulam,Kothamangalam,Padamveli,9.961632,76.60441,rural,32,20.7,False,2023,10,2023-10-01,4047.19,4047.19,215.5,24.79,0.0,False,0.845,0.5059,126.47,False,False,False
KL_0087,Ernakulam,Kothamangalam,Padamveli,9.961632,76.60441,rural,32,20.7,False,2023,11,2023-11-01,3158.91,3158.91,237.3,16.86,0.0,False,0.837,0.3949,98.72,False,False,False
KL_0087,Ernakulam,Kothamangalam,Padamveli,9.961632,76.60441,rural,32,20.7,False,2023,12,2023-12-01,2526.86,2526.86,244.5,13.37,0.0,False,0.854,0.3159,78.96,False,False,True
KL_0087,Ernakulam,Kothamangalam,Padamveli,9.961632,76.60441,rural,32,20.7,False,2024,1,2024-01-01,2767.99,2767.99,225.7,15.99,0.0,False,0.871,0.346,86.5,False,False,True
KL_0087,Ernakulam,Kothamangalam,Padamveli,9.961632,76.60441,rural,32,20.7,False,2024,2,2024-02-01,2730.3,2730.3,222.2,18.37,0.0,False,0.893,0.3413,85.32,False,False,True
KL_0087,Ernakulam,Kothamangalam,Padamveli,9.961632,76.60441,rural,32,20.7,False,2024,3,2024-03-01,2229.99,2229.99,219.4,13.66,0.0,False,0.807,0.2787,69.69,True,False,False
KL_0087,Ernakulam,Kothamangalam,Padamveli,9.961632,76.60441,rural,32,20.7,False,2024,4,2024-04-01,3927.93,3927.93,230.2,21.68,0.0,False,0.874,0.491,122.75,True,False,False
KL_0087,Ernakulam,Kothamangalam,Padamveli,9.961632,76.60441,rural,32,20.7,False,2024,5,2024-05-01,2960.59,2960.59,211.6,20.61,0.0,False,0.814,0.3701,92.52,True,False,False
KL_0087,Ernakulam,Kothamangalam,Padamveli,9.961632,76.60441,rural,32,20.7,False,2024,6,2024-06-01,3715.34,3715.34,238.2,23.6,0.0,False,0.804,0.4644,116.1,False,True,False
KL_0087,Ernakulam,Kothamangalam,Padamveli,9.961632,76.60441,rural,32,20.7,False,2024,7,2024-07-01,3625.04,3625.04,218.7,22.12,0.0,False,0.938,0.4531,113.28,False,True,False
KL_0087,Ernakulam,Kothamangalam,Padamveli,9.961632,76.60441,rural,32,20.7,False,2024,8,2024-08-01,2393.77,2393.77,211.2,16.57,0.0,False,0.759,0.2992,74.81,False,True,False
KL_0087,Ernakulam,Kothamangalam,Padamveli,9.961632,76.60441,rural,32,20.7,False,2024,9,2024-09-01,3313.07,3313.07,237.0,21.17,0.0,False,0.824,0.4141,103.53,False,True,False
KL_0087,Ernakulam,Kothamangalam,Padamveli,9.961632,76.60441,rural,32,20.7,False,2024,10,2024-10-01,2335.89,2335.89,219.8,15.67,0.0,False,0.861,0.292,73.0,False,False,False
KL_0087,Ernakulam,Kothamangalam,Padamveli,9.961632,76.60441,rural,32,20.7,False,2024,11,2024-11-01,3235.69,3235.69,209.3,23.59,0.0,False,0.82,0.4045,101.12,False,False,False
KL_0087,Ernakulam,Kothamangalam,Padamveli,9.961632,76.60441,rural,32,20.7,False,2024,12,2024-12-01,3207.32,3207.32,227.4,19.54,0.0,False,0.858,0.4009,100.23,False,False,True
KL_0088,Kottayam,Changanassery,Pallimukku,9.803211,76.522875,urban,118,4.59,False,2023,1,2023-01-01,13110.79,13110.79,242.1,81.9,0.0,False,0.783,0.4444,111.11,False,False,True
KL_0088,Kottayam,Changanassery,Pallimukku,9.803211,76.522875,urban,118,4.59,False,2023,2,2023-02-01,18836.7,18836.7,235.2,106.43,0.0,False,0.758,0.6385,159.63,False,False,True
KL_0088,Kottayam,Changanassery,Pallimukku,9.803211,76.522875,urban,118,4.59,False,2023,3,2023-03-01,23435.52,23435.52,215.5,154.88,0.0,False,0.806,0.7944,198.61,True,False,False
KL_0088,Kottayam,Changanassery,Pallimukku,9.803211,76.522875,urban,118,4.59,False,2023,4,2023-04-01,23863.95,23863.95,232.0,131.84,0.0,False,0.858,0.8089,202.24,True,False,False
KL_0088,Kottayam,Changanassery,Pallimukku,9.803211,76.522875,urban,118,4.59,False,2023,5,2023-05-01,26405.39,26405.39,215.6,159.33,0.0,False,0.841,0.8951,223.77,True,False,False
KL_0088,Kottayam,Changanassery,Pallimukku,9.803211,76.522875,urban,118,4.59,False,2023,6,2023-06-01,15118.8,15118.8,223.6,99.34,0.0,False,0.882,0.5125,128.13,False,True,False
KL_0088,Kottayam,Changanassery,Pallimukku,9.803211,76.522875,urban,118,4.59,False,2023,7,2023-07-01,20286.15,20286.15,212.7,141.54,0.0,False,0.779,0.6877,171.92,False,True,False
KL_0088,Kottayam,Changanassery,Pallimukku,9.803211,76.522875,urban,118,4.59,False,2023,8,2023-08-01,28853.97,28853.97,232.1,187.97,0.0,False,0.821,0.9781,244.53,False,True,False
KL_0088,Kottayam,Changanassery,Pallimukku,9.803211,76.522875,urban,118,4.59,False,2023,9,2023-09-01,21776.18,21776.18,218.3,132.98,0.0,False,0.846,0.7382,184.54,False,True,False
KL_0088,Kottayam,Changanassery,Pallimukku,9.803211,76.522875,urban,118,4.59,False,2023,10,2023-10-01,25763.96,25763.96,236.9,150.77,0.0,False,0.802,0.8734,218.34,False,False,False
KL_0088,Kottayam,Changanassery,Pallimukku,9.803211,76.522875,urban,118,4.59,False,2023,11,2023-11-01,23264.14,23264.14,234.2,138.88,0.0,False,0.857,0.7886,197.15,False,False,False
KL_0088,Kottayam,Changanassery,Pallimukku,9.803211,76.522875,urban,118,4.59,False,2023,12,2023-12-01,23842.04,23842.04,236.2,152.58,0.0,False,0.836,0.8082,202.05,False,False,True
KL_0088,Kottayam,Changanassery,Pallimukku,9.803211,76.522875,urban,118,4.59,False,2024,1,2024-01-01,17693.62,17693.62,230.4,104.21,0.0,False,0.874,0.5998,149.95,False,False,True
KL_0088,Kottayam,Changanassery,Pallimukku,9.803211,76.522875,urban,118,4.59,False,2024,2,2024-02-01,23317.62,23317.62,226.4,145.32,0.0,False,0.864,0.7904,197.61,False,False,True
KL_0088,Kottayam,Changanassery,Pallimukku,9.803211,76.522875,urban,118,4.59,False,2024,3,2024-03-01,23970.73,23970.73,220.6,142.2,0.0,False,0.757,0.8126,203.14,True,False,False
KL_0088,Kottayam,Changanassery,Pallimukku,9.803211,76.522875,urban,118,4.59,False,2024,4,2024-04-01,27315.59,27315.59,231.0,166.27,0.0,False,0.924,0.926,231.49,True,False,False
KL_0088,Kottayam,Changanassery,Pallimukku,9.803211,76.522875,urban,118,4.59,False,2024,5,2024-05-01,22774.57,22774.57,230.0,147.26,0.0,False,0.741,0.772,193.0,True,False,False
KL_0088,Kottayam,Changanassery,Pallimukku,9.803211,76.522875,urban,118,4.59,False,2024,6,2024-06-01,20529.74,20529.74,233.3,126.04,0.0,False,0.772,0.6959,173.98,False,True,False
KL_0088,Kottayam,Changanassery,Pallimukku,9.803211,76.522875,urban,118,4.59,False,2024,7,2024-07-01,22900.02,22900.02,236.1,136.72,0.0,False,0.846,0.7763,194.07,False,True,False
KL_0088,Kottayam,Changanassery,Pallimukku,9.803211,76.522875,urban,118,4.59,False,2024,8,2024-08-01,27438.87,27438.87,209.8,191.14,0.0,False,0.865,0.9301,232.53,False,True,False
KL_0088,Kottayam,Changanassery,Pallimukku,9.803211,76.522875,urban,118,4.59,False,2024,9,2024-09-01,27531.86,27531.86,223.0,186.54,0.0,False,0.836,0.9333,233.32,False,True,False
KL_0088,Kottayam,Changanassery,Pallimukku,9.803211,76.522875,urban,118,4.59,False,2024,10,2024-10-01,34276.2,34276.2,227.8,206.04,0.0,False,0.823,1.1619,290.48,False,False,False
KL_0088,Kottayam,Changanassery,Pallimukku,9.803211,76.522875,urban,118,4.59,False,2024,11,2024-11-01,23044.36,23044.36,241.8,123.99,0.0,False,0.846,0.7812,195.29,False,False,False
KL_0088,Kottayam,Changanassery,Pallimukku,9.803211,76.522875,urban,118,4.59,False,2024,12,2024-12-01,16137.73,16137.73,222.4,105.59,0.0,False,0.876,0.547,136.76,False,False,True
KL_0089,Kannur,Thalassery,Vattamukku,12.080915,75.488456,urban,122,0.9,False,2023,1,2023-01-01,28156.22,28156.22,223.0,190.64,0.0,False,0.793,0.9232,230.79,False,False,True
KL_0089,Kannur,Thalassery,Vattamukku,12.080915,75.488456,urban,122,0.9,False,2023,2,2023-02-01,28022.8,28022.8,233.8,168.32,0.0,False,0.794,0.9188,229.7,False,False,True
KL_0089,Kannur,Thalassery,Vattamukku,12.080915,75.488456,urban,122,0.9,False,2023,3,2023-03-01,20550.67,20550.67,228.5,124.76,0.0,False,0.807,0.6738,168.45,True,False,False
KL_0089,Kannur,Thalassery,Vattamukku,12.080915,75.488456,urban,122,0.9,False,2023,4,2023-04-01,23433.14,23433.14,225.3,158.5,0.0,False,0.916,0.7683,192.07,True,False,False
KL_0089,Kannur,Thalassery,Vattamukku,12.080915,75.488456,urban,122,0.9,False,2023,5,2023-05-01,24372.68,24372.68,222.3,166.82,0.0,False,0.869,0.7991,199.78,True,False,False
KL_0089,Kannur,Thalassery,Vattamukku,12.080915,75.488456,urban,122,0.9,False,2023,6,2023-06-01,28832.64,28832.64,238.9,173.18,0.0,False,0.879,0.9453,236.33,False,True,False
KL_0089,Kannur,Thalassery,Vattamukku,12.080915,75.488456,urban,122,0.9,False,2023,7,2023-07-01,20131.27,20131.27,233.4,119.61,0.0,False,0.93,0.66,165.01,False,True,False
KL_0089,Kannur,Thalassery,Vattamukku,12.080915,75.488456,urban,122,0.9,False,2023,8,2023-08-01,20321.68,20321.68,244.1,125.24,0.0,False,0.889,0.6663,166.57,False,True,False
KL_0089,Kannur,Thalassery,Vattamukku,12.080915,75.488456,urban,122,0.9,False,2023,9,2023-09-01,23278.39,23278.39,228.7,150.94,0.0,False,0.858,0.7632,190.81,False,True,False
KL_0089,Kannur,Thalassery,Vattamukku,12.080915,75.488456,urban,122,0.9,False,2023,10,2023-10-01,19269.66,19269.66,226.7,111.46,0.0,False,0.928,0.6318,157.95,False,False,False
KL_0089,Kannur,Thalassery,Vattamukku,12.080915,75.488456,urban,122,0.9,False,2023,11,2023-11-01,27504.47,27504.47,236.7,176.8,0.0,False,0.801,0.9018,225.45,False,False,False
KL_0089,Kannur,Thalassery,Vattamukku,12.080915,75.488456,urban,122,0.9,False,2023,12,2023-12-01,22775.21,22775.21,226.7,151.22,0.0,False,0.837,0.7467,186.68,False,False,True
KL_0089,Kannur,Thalassery,Vattamukku,12.080915,75.488456,urban,122,0.9,False,2024,1,2024-01-01,13505.74,13505.74,226.9,76.87,0.0,False,0.908,0.4428,110.7,False,False,True
KL_0089,Kannur,Thalassery,Vattamukku,12.080915,75.488456,urban,122,0.9,False,2024,2,2024-02-01,26210.07,26210.07,226.4,176.26,0.0,False,0.74,0.8593,214.84,False,False,True
KL_0089,Kannur,Thalassery,Vattamukku,12.080915,75.488456,urban,122,0.9,False,2024,3,2024-03-01,18733.91,18733.91,203.5,127.68,0.0,False,0.81,0.6142,153.56,True,False,False
KL_0089,Kannur,Thalassery,Vattamukku,12.080915,75.488456,urban,122,0.9,False,2024,4,2024-04-01,35376.87,35376.87,225.9,217.74,0.0,False,0.889,1.1599,289.97,True,False,False
KL_0089,Kannur,Thalassery,Vattamukku,12.080915,75.488456,urban,122,0.9,False,2024,5,2024-05-01,30969.11,30969.11,232.5,198.22,0.0,False,0.855,1.0154,253.85,True,False,False
KL_0089,Kannur,Thalassery,Vattamukku,12.080915,75.488456,urban,122,0.9,False,2024,6,2024-06-01,27238.7,27238.7,209.0,192.23,0.0,False,0.876,0.8931,223.27,False,True,False
KL_0089,Kannur,Thalassery,Vattamukku,12.080915,75.488456,urban,122,0.9,False,2024,7,2024-07-01,17688.87,17688.87,229.0,97.46,0.0,False,0.754,0.58,144.99,False,True,False
KL_0089,Kannur,Thalassery,Vattamukku,12.080915,75.488456,urban,122,0.9,False,2024,8,2024-08-01,21859.11,21859.11,238.3,132.74,0.0,False,0.808,0.7167,179.17,False,True,False
KL_0089,Kannur,Thalassery,Vattamukku,12.080915,75.488456,urban,122,0.9,False,2024,9,2024-09-01,24226.88,24226.88,222.3,142.14,0.0,False,0.882,0.7943,198.58,False,True,False
KL_0089,Kannur,Thalassery,Vattamukku,12.080915,75.488456,urban,122,0.9,False,2024,10,2024-10-01,27016.95,27016.95,237.1,162.75,0.0,False,0.805,0.8858,221.45,False,False,False
KL_0089,Kannur,Thalassery,Vattamukku,12.080915,75.488456,urban,122,0.9,False,2024,11,2024-11-01,34115.46,34115.46,221.7,227.31,0.0,False,0.891,1.1185,279.63,False,False,False
KL_0089,Kannur,Thalassery,Vattamukku,12.080915,75.488456,urban,122,0.9,False,2024,12,2024-12-01,22935.06,22935.06,227.7,130.87,0.0,False,0.864,0.752,187.99,False,False,True
KL_0090,Malappuram,Tirur,Manathara,11.124115,76.089036,rural,74,18.41,False,2023,1,2023-01-01,4429.21,4429.21,247.3,25.73,0.0,False,0.791,0.2394,59.85,False,False,True
KL_0090,Malappuram,Tirur,Manathara,11.124115,76.089036,rural,74,18.41,False,2023,2,2023-02-01,7426.72,7426.72,214.0,50.96,0.0,False,0.867,0.4014,100.36,False,False,True
KL_0090,Malappuram,Tirur,Manathara,11.124115,76.089036,rural,74,18.41,False,2023,3,2023-03-01,4653.65,4653.65,220.4,29.99,0.0,False,0.887,0.2515,62.89,True,False,False
KL_0090,Malappuram,Tirur,Manathara,11.124115,76.089036,rural,74,18.41,False,2023,4,2023-04-01,5614.31,5614.31,227.0,34.25,0.0,False,0.868,0.3035,75.87,True,False,False
KL_0090,Malappuram,Tirur,Manathara,11.124115,76.089036,rural,74,18.41,False,2023,5,2023-05-01,9268.94,9268.94,234.6,57.53,0.0,False,0.877,0.501,125.26,True,False,False
KL_0090,Malappuram,Tirur,Manathara,11.124115,76.089036,rural,74,18.41,False,2023,6,2023-06-01,5165.2,5165.2,231.1,29.89,0.0,False,0.764,0.2792,69.8,False,True,False
KL_0090,Malappuram,Tirur,Manathara,11.124115,76.089036,rural,74,18.41,False,2023,7,2023-07-01,2680.34,2680.34,218.4,15.75,0.0,False,0.963,0.1449,36.22,False,True,False
KL_0090,Malappuram,Tirur,Manathara,11.124115,76.089036,rural,74,18.41,False,2023,8,2023-08-01,4705.72,4705.72,228.2,26.34,0.0,False,0.991,0.2544,63.59,False,True,False
KL_0090,Malappuram,Tirur,Manathara,11.124115,76.089036,rural,74,18.41,False,2023,9,2023-09-01,5106.35,5106.35,233.1,27.87,0.0,False,0.921,0.276,69.0,False,True,False
KL_0090,Malappuram,Tirur,Manathara,11.124115,76.089036,rural,74,18.41,False,2023,10,2023-10-01,6773.38,6773.38,230.8,41.92,0.0,False,0.856,0.3661,91.53,False,False,False
KL_0090,Malappuram,Tirur,Manathara,11.124115,76.089036,rural,74,18.41,False,2023,11,2023-11-01,5981.63,5981.63,234.7,32.92,0.0,False,0.83,0.3233,80.83,False,False,False
KL_0090,Malappuram,Tirur,Manathara,11.124115,76.089036,rural,74,18.41,False,2023,12,2023-12-01,5148.91,5148.91,230.8,31.31,0.0,False,0.831,0.2783,69.58,False,False,True
KL_0090,Malappuram,Tirur,Manathara,11.124115,76.089036,rural,74,18.41,False,2024,1,2024-01-01,4951.89,4951.89,233.5,31.42,0.0,False,0.889,0.2677,66.92,False,False,True
KL_0090,Malappuram,Tirur,Manathara,11.124115,76.089036,rural,74,18.41,False,2024,2,2024-02-01,4459.68,4459.68,233.5,28.5,0.0,False,0.903,0.2411,60.27,False,False,True
KL_0090,Malappuram,Tirur,Manathara,11.124115,76.089036,rural,74,18.41,False,2024,3,2024-03-01,9140.37,9140.37,225.0,54.88,0.0,False,0.818,0.4941,123.52,True,False,False
KL_0090,Malappuram,Tirur,Manathara,11.124115,76.089036,rural,74,18.41,False,2024,4,2024-04-01,7287.82,7287.82,226.6,42.34,0.0,False,0.849,0.3939,98.48,True,False,False
KL_0090,Malappuram,Tirur,Manathara,11.124115,76.089036,rural,74,18.41,False,2024,5,2024-05-01,5411.3,5411.3,233.0,34.06,0.0,False,0.913,0.2925,73.13,True,False,False
KL_0090,Malappuram,Tirur,Manathara,11.124115,76.089036,rural,74,18.41,False,2024,6,2024-06-01,2486.85,2486.85,221.7,14.67,0.0,False,0.845,0.1344,33.61,False,True,False
KL_0090,Malappuram,Tirur,Manathara,11.124115,76.089036,rural,74,18.41,False,2024,7,2024-07-01,7912.55,7912.55,250.0,44.0,0.0,False,0.856,0.4277,106.93,False,True,False
KL_0090,Malappuram,Tirur,Manathara,11.124115,76.089036,rural,74,18.41,False,2024,8,2024-08-01,6879.71,6879.71,224.1,46.28,0.0,False,0.919,0.3719,92.97,False,True,False
KL_0090,Malappuram,Tirur,Manathara,11.124115,76.089036,rural,74,18.41,False,2024,9,2024-09-01,5845.66,5845.66,213.5,34.31,0.0,False,0.911,0.316,79.0,False,True,False
KL_0090,Malappuram,Tirur,Manathara,11.124115,76.089036,rural,74,18.41,False,2024,10,2024-10-01,3559.77,3559.77,228.2,20.89,0.0,False,0.89,0.1924,48.1,False,False,False
KL_0090,Malappuram,Tirur,Manathara,11.124115,76.089036,rural,74,18.41,False,2024,11,2024-11-01,8264.98,8264.98,241.5,44.75,0.0,False,0.797,0.4468,111.69,False,False,False
KL_0090,Malappuram,Tirur,Manathara,11.124115,76.089036,rural,74,18.41,False,2024,12,2024-12-01,8268.04,8268.04,235.4,49.11,0.0,False,0.797,0.4469,111.73,False,False,True
KL_0091,Kottayam,Changanassery,Nallapara,9.556744,76.788158,rural,187,10.52,False,2023,1,2023-01-01,5872.31,5872.31,228.2,32.45,0.0,False,0.813,0.1256,31.4,False,False,True
KL_0091,Kottayam,Changanassery,Nallapara,9.556744,76.788158,rural,187,10.52,False,2023,2,2023-02-01,10159.4,10159.4,244.2,53.9,0.0,False,0.824,0.2173,54.33,False,False,True
KL_0091,Kottayam,Changanassery,Nallapara,9.556744,76.788158,rural,187,10.52,False,2023,3,2023-03-01,21776.4,21776.4,220.8,139.51,0.0,False,0.861,0.4658,116.45,True,False,False
KL_0091,Kottayam,Changanassery,Nallapara,9.556744,76.788158,rural,187,10.52,False,2023,4,2023-04-01,27914.93,27914.93,226.2,175.4,0.0,False,0.845,0.5971,149.28,True,False,False
KL_0091,Kottayam,Changanassery,Nallapara,9.556744,76.788158,rural,187,10.52,False,2023,5,2023-05-01,18844.34,18844.34,224.3,123.55,0.0,False,0.842,0.4031,100.77,True,False,False
KL_0091,Kottayam,Changanassery,Nallapara,9.556744,76.788158,rural,187,10.52,False,2023,6,2023-06-01,17735.36,17735.36,222.1,110.12,0.0,False,0.837,0.3794,94.84,False,True,False
KL_0091,Kottayam,Changanassery,Nallapara,9.556744,76.788158,rural,187,10.52,False,2023,7,2023-07-01,13384.74,13384.74,238.0,75.36,0.0,False,0.806,0.2863,71.58,False,True,False
KL_0091,Kottayam,Changanassery,Nallapara,9.556744,76.788158,rural,187,10.52,False,2023,8,2023-08-01,13015.26,13015.26,218.8,84.26,0.0,False,0.827,0.2784,69.6,False,True,False
KL_0091,Kottayam,Changanassery,Nallapara,9.556744,76.788158,rural,187,10.52,False,2023,9,2023-09-01,17363.16,17363.16,231.2,111.83,0.0,False,0.972,0.3714,92.85,False,True,False
KL_0091,Kottayam,Changanassery,Nallapara,9.556744,76.788158,rural,187,10.52,False,2023,10,2023-10-01,20176.27,20176.27,225.0,119.2,0.0,False,0.885,0.4316,107.89,False,False,False
KL_0091,Kottayam,Changanassery,Nallapara,9.556744,76.788158,rural,187,10.52,False,2023,11,2023-11-01,18197.69,18197.69,236.9,99.3,0.0,False,0.851,0.3893,97.31,False,False,False
KL_0091,Kottayam,Changanassery,Nallapara,9.556744,76.788158,rural,187,10.52,False,2023,12,2023-12-01,14241.35,14241.35,248.5,87.48,0.0,False,0.775,0.3046,76.16,False,False,True
KL_0091,Kottayam,Changanassery,Nallapara,9.556744,76.788158,rural,187,10.52,False,2024,1,2024-01-01,16557.88,16557.88,227.1,111.34,0.0,False,0.8,0.3542,88.54,False,False,True
KL_0091,Kottayam,Changanassery,Nallapara,9.556744,76.788158,rural,187,10.52,False,2024,2,2024-02-01,8227.13,8227.13,215.0,54.91,0.0,False,0.848,0.176,44.0,False,False,True
KL_0091,Kottayam,Changanassery,Nallapara,9.556744,76.788158,rural,187,10.52,False,2024,3,2024-03-01,15496.64,15496.64,228.6,88.79,0.0,False,0.918,0.3315,82.87,True,False,False
KL_0091,Kottayam,Changanassery,Nallapara,9.556744,76.788158,rural,187,10.52,False,2024,4,2024-04-01,18675.29,18675.29,220.4,124.77,0.0,False,0.861,0.3995,99.87,True,False,False
KL_0091,Kottayam,Changanassery,Nallapara,9.556744,76.788158,rural,187,10.52,False,2024,5,2024-05-01,27510.4,27510.4,229.4,178.18,0.0,False,0.861,0.5885,147.11,True,False,False
KL_0091,Kottayam,Changanassery,Nallapara,9.556744,76.788158,rural,187,10.52,False,2024,6,2024-06-01,30337.73,30337.73,235.2,181.86,0.0,False,0.906,0.6489,162.23,False,True,False
KL_0091,Kottayam,Changanassery,Nallapara,9.556744,76.788158,rural,187,10.52,False,2024,7,2024-07-01,19235.64,19235.64,231.3,110.48,0.0,False,0.801,0.4115,102.86,False,True,False
KL_0091,Kottayam,Changanassery,Nallapara,9.556744,76.788158,rural,187,10.52,False,2024,8,2024-08-01,17665.59,17665.59,212.5,125.59,0.0,False,0.92,0.3779,94.47,False,True,False
KL_0091,Kottayam,Changanassery,Nallapara,9.556744,76.788158,rural,187,10.52,False,2024,9,2024-09-01,12823.8,12823.8,228.3,71.61,0.0,False,0.831,0.2743,68.58,False,True,False
KL_0091,Kottayam,Changanassery,Nallapara,9.556744,76.788158,rural,187,10.52,False,2024,10,2024-10-01,21890.16,21890.16,227.3,144.6,0.0,False,0.908,0.4682,117.06,False,False,False
KL_0091,Kottayam,Changanassery,Nallapara,9.556744,76.788158,rural,187,10.52,False,2024,11,2024-11-01,21567.92,21567.92,245.2,118.75,0.0,False,0.934,0.4613,115.34,False,False,False
KL_0091,Kottayam,Changanassery,Nallapara,9.556744,76.788158,rural,187,10.52,False,2024,12,2024-12-01,19000.05,19000.05,229.6,104.16,0.0,False,0.805,0.4064,101.6,False,False,True
KL_0092,Pathanamthitta,Thiruvalla,Vellipuram,9.279495,76.921029,rural,91,7.7,False,2023,1,2023-01-01,4672.53,4672.53,234.1,25.99,0.0,False,0.85,0.2054,51.35,False,False,True
KL_0092,Pathanamthitta,Thiruvalla,Vellipuram,9.279495,76.921029,rural,91,7.7,False,2023,2,2023-02-01,8090.7,8090.7,228.7,47.81,0.0,False,0.889,0.3556,88.91,False,False,True
KL_0092,Pathanamthitta,Thiruvalla,Vellipuram,9.279495,76.921029,rural,91,7.7,False,2023,3,2023-03-01,8869.95,8869.95,212.7,59.57,0.0,False,0.836,0.3899,97.47,True,False,False
KL_0092,Pathanamthitta,Thiruvalla,Vellipuram,9.279495,76.921029,rural,91,7.7,False,2023,4,2023-04-01,12779.36,12779.36,231.0,83.34,0.0,False,0.837,0.5617,140.43,True,False,False
KL_0092,Pathanamthitta,Thiruvalla,Vellipuram,9.279495,76.921029,rural,91,7.7,False,2023,5,2023-05-01,11224.35,11224.35,223.8,75.42,0.0,False,0.83,0.4934,123.34,True,False,False
KL_0092,Pathanamthitta,Thiruvalla,Vellipuram,9.279495,76.921029,rural,91,7.7,False,2023,6,2023-06-01,5230.3,5230.3,238.5,33.26,0.0,False,0.757,0.2299,57.48,False,True,False
KL_0092,Pathanamthitta,Thiruvalla,Vellipuram,9.279495,76.921029,rural,91,7.7,False,2023,7,2023-07-01,5947.74,5947.74,232.9,36.99,0.0,False,0.903,0.2614,65.36,False,True,False
KL_0092,Pathanamthitta,Thiruvalla,Vellipuram,9.279495,76.921029,rural,91,7.7,False,2023,8,2023-08-01,8389.34,8389.34,250.9,49.69,0.0,False,0.8,0.3688,92.19,False,True,False
KL_0092,Pathanamthitta,Thiruvalla,Vellipuram,9.279495,76.921029,rural,91,7.7,False,2023,9,2023-09-01,7214.29,7214.29,221.1,45.39,0.0,False,0.736,0.3171,79.28,False,True,False
KL_0092,Pathanamthitta,Thiruvalla,Vellipuram,9.279495,76.921029,rural,91,7.7,False,2023,10,2023-10-01,9984.46,9984.46,224.8,65.23,0.0,False,0.902,0.4389,109.72,False,False,False
KL_0092,Pathanamthitta,Thiruvalla,Vellipuram,9.279495,76.921029,rural,91,7.7,False,2023,11,2023-11-01,11112.54,11112.54,234.6,71.62,0.0,False,0.874,0.4885,122.12,False,False,False
KL_0092,Pathanamthitta,Thiruvalla,Vellipuram,9.279495,76.921029,rural,91,7.7,False,2023,12,2023-12-01,8765.59,8765.59,226.0,58.98,0.0,False,0.784,0.3853,96.33,False,False,True
KL_0092,Pathanamthitta,Thiruvalla,Vellipuram,9.279495,76.921029,rural,91,7.7,False,2024,1,2024-01-01,6859.4,6859.4,225.6,42.28,0.0,False,0.904,0.3015,75.38,False,False,True
KL_0092,Pathanamthitta,Thiruvalla,Vellipuram,9.279495,76.921029,rural,91,7.7,False,2024,2,2024-02-01,9051.27,9051.27,215.8,53.75,0.0,False,0.883,0.3979,99.46,False,False,True
KL_0092,Pathanamthitta,Thiruvalla,Vellipuram,9.279495,76.921029,rural,91,7.7,False,2024,3,2024-03-01,7806.46,7806.46,219.3,51.48,0.0,False,0.85,0.3431,85.79,True,False,False
KL_0092,Pathanamthitta,Thiruvalla,Vellipuram,9.279495,76.921029,rural,91,7.7,False,2024,4,2024-04-01,10007.07,10007.07,219.0,60.42,0.0,False,0.832,0.4399,109.97,True,False,False
KL_0092,Pathanamthitta,Thiruvalla,Vellipuram,9.279495,76.921029,rural,91,7.7,False,2024,5,2024-05-01,7815.11,7815.11,228.4,46.44,0.0,False,0.844,0.3435,85.88,True,False,False
KL_0092,Pathanamthitta,Thiruvalla,Vellipuram,9.279495,76.921029,rural,91,7.7,False,2024,6,2024-06-01,11875.68,11875.68,234.5,76.91,0.0,False,0.86,0.522,130.5,False,True,False
KL_0092,Pathanamthitta,Thiruvalla,Vellipuram,9.279495,76.921029,rural,91,7.7,False,2024,7,2024-07-01,8003.74,8003.74,231.0,51.6,0.0,False,0.811,0.3518,87.95,False,True,False
KL_0092,Pathanamthitta,Thiruvalla,Vellipuram,9.279495,76.921029,rural,91,7.7,False,2024,8,2024-08-01,8251.4,8251.4,224.6,55.27,0.0,False,0.906,0.3627,90.67,False,True,False
KL_0092,Pathanamthitta,Thiruvalla,Vellipuram,9.279495,76.921029,rural,91,7.7,False,2024,9,2024-09-01,8252.13,8252.13,211.5,58.52,0.0,False,0.878,0.3627,90.68,False,True,False
KL_0092,Pathanamthitta,Thiruvalla,Vellipuram,9.279495,76.921029,rural,91,7.7,False,2024,10,2024-10-01,8965.35,8965.35,217.8,60.28,0.0,False,0.843,0.3941,98.52,False,False,False
KL_0092,Pathanamthitta,Thiruvalla,Vellipuram,9.279495,76.921029,rural,91,7.7,False,2024,11,2024-11-01,6390.2,6390.2,208.8,40.31,0.0,False,0.937,0.2809,70.22,False,False,False
KL_0092,Pathanamthitta,Thiruvalla,Vellipuram,9.279495,76.921029,rural,91,7.7,False,2024,12,2024-12-01,3301.13,3301.13,228.0,20.92,0.0,False,0.835,0.1451,36.28,False,False,True
KL_0093,Pathanamthitta,Mallappally,Pallipuram,9.522764,76.967415,semi-urban,179,11.53,False,2023,1,2023-01-01,27075.84,27075.84,223.9,155.33,0.0,False,0.927,0.605,151.26,False,False,True
KL_0093,Pathanamthitta,Mallappally,Pallipuram,9.522764,76.967415,semi-urban,179,11.53,False,2023,2,2023-02-01,19376.63,19376.63,232.1,124.85,0.0,False,0.865,0.433,108.25,False,False,True
KL_0093,Pathanamthitta,Mallappally,Pallipuram,9.522764,76.967415,semi-urban,179,11.53,False,2023,3,2023-03-01,17174.61,17174.61,215.1,104.02,0.0,False,0.888,0.3838,95.95,True,False,False
KL_0093,Pathanamthitta,Mallappally,Pallipuram,9.522764,76.967415,semi-urban,179,11.53,False,2023,4,2023-04-01,20158.66,20158.66,224.6,133.91,0.0,False,0.832,0.4505,112.62,True,False,False
KL_0093,Pathanamthitta,Mallappally,Pallipuram,9.522764,76.967415,semi-urban,179,11.53,False,2023,5,2023-05-01,33970.47,33970.47,223.1,214.62,0.0,False,0.757,0.7591,189.78,True,False,False
KL_0093,Pathanamthitta,Mallappally,Pallipuram,9.522764,76.967415,semi-urban,179,11.53,False,2023,6,2023-06-01,16888.91,16888.91,217.4,118.03,0.0,False,0.874,0.3774,94.35,False,True,False
KL_0093,Pathanamthitta,Mallappally,Pallipuram,9.522764,76.967415,semi-urban,179,11.53,False,2023,7,2023-07-01,25617.39,25617.39,218.0,155.55,0.0,False,0.791,0.5725,143.11,False,True,False
KL_0093,Pathanamthitta,Mallappally,Pallipuram,9.522764,76.967415,semi-urban,179,11.53,False,2023,8,2023-08-01,19132.0,19132.0,217.4,126.37,0.0,False,0.819,0.4275,106.88,False,True,False
KL_0093,Pathanamthitta,Mallappally,Pallipuram,9.522764,76.967415,semi-urban,179,11.53,False,2023,9,2023-09-01,16666.48,16666.48,217.7,103.34,0.0,False,0.854,0.3724,93.11,False,True,False
KL_0093,Pathanamthitta,Mallappally,Pallipuram,9.522764,76.967415,semi-urban,179,11.53,False,2023,10,2023-10-01,25809.9,25809.9,238.4,159.21,0.0,False,0.818,0.5768,144.19,False,False,False
KL_0093,Pathanamthitta,Mallappally,Pallipuram,9.522764,76.967415,semi-urban,179,11.53,False,2023,11,2023-11-01,26489.03,26489.03,224.2,166.53,0.0,False,0.848,0.5919,147.98,False,False,False
KL_0093,Pathanamthitta,Mallappally,Pallipuram,9.522764,76.967415,semi-urban,179,11.53,False,2023,12,2023-12-01,22982.49,22982.49,213.4,157.76,0.0,False,0.86,0.5136,128.39,False,False,True
KL_0093,Pathanamthitta,Mallappally,Pallipuram,9.522764,76.967415,semi-urban,179,11.53,False,2024,1,2024-01-01,21384.04,21384.04,221.2,126.77,0.0,False,0.776,0.4779,119.46,False,False,True
KL_0093,Pathanamthitta,Mallappally,Pallipuram,9.522764,76.967415,semi-urban,179,11.53,False,2024,2,2024-02-01,24391.11,24391.11,218.6,147.33,0.0,False,0.864,0.5451,136.26,False,False,True
KL_0093,Pathanamthitta,Mallappally,Pallipuram,9.522764,76.967415,semi-urban,179,11.53,False,2024,3,2024-03-01,22464.86,22464.86,226.8,140.0,0.0,False,0.819,0.502,125.5,True,False,False
KL_0093,Pathanamthitta,Mallappally,Pallipuram,9.522764,76.967415,semi-urban,179,11.53,False,2024,4,2024-04-01,22117.18,22117.18,226.9,135.15,0.0,False,0.797,0.4942,123.56,True,False,False
KL_0093,Pathanamthitta,Mallappally,Pallipuram,9.522764,76.967415,semi-urban,179,11.53,False,2024,5,2024-05-01,42565.93,42565.93,235.6,233.84,0.0,False,0.75,0.9512,237.8,True,False,False
KL_0093,Pathanamthitta,Mallappally,Pallipuram,9.522764,76.967415,semi-urban,179,11.53,False,2024,6,2024-06-01,32386.64,32386.64,238.6,172.97,0.0,False,0.772,0.7237,180.93,False,True,False
KL_0093,Pathanamthitta,Mallappally,Pallipuram,9.522764,76.967415,semi-urban,179,11.53,False,2024,7,2024-07-01,22357.95,22357.95,227.2,139.24,0.0,False,0.851,0.4996,124.9,False,True,False
KL_0093,Pathanamthitta,Mallappally,Pallipuram,9.522764,76.967415,semi-urban,179,11.53,False,2024,8,2024-08-01,22362.75,22362.75,238.3,127.59,0.0,False,0.852,0.4997,124.93,False,True,False
KL_0093,Pathanamthitta,Mallappally,Pallipuram,9.522764,76.967415,semi-urban,179,11.53,False,2024,9,2024-09-01,20697.9,20697.9,236.2,131.74,0.0,False,0.876,0.4625,115.63,False,True,False
KL_0093,Pathanamthitta,Mallappally,Pallipuram,9.522764,76.967415,semi-urban,179,11.53,False,2024,10,2024-10-01,21397.12,21397.12,223.2,136.87,0.0,False,0.936,0.4781,119.54,False,False,False
KL_0093,Pathanamthitta,Mallappally,Pallipuram,9.522764,76.967415,semi-urban,179,11.53,False,2024,11,2024-11-01,26030.0,26030.0,216.3,166.63,0.0,False,0.918,0.5817,145.42,False,False,False
KL_0093,Pathanamthitta,Mallappally,Pallipuram,9.522764,76.967415,semi-urban,179,11.53,False,2024,12,2024-12-01,25177.89,25177.89,225.7,165.96,0.0,False,0.9,0.5626,140.66,False,False,True
KL_0094,Thrissur,Kodungallur,Muthapuram,10.598729,76.292837,rural,93,8.41,False,2023,1,2023-01-01,4033.84,4033.84,230.6,23.61,0.0,False,0.909,0.1735,43.37,False,False,True
KL_0094,Thrissur,Kodungallur,Muthapuram,10.598729,76.292837,rural,93,8.41,False,2023,2,2023-02-01,6850.54,6850.54,240.5,42.11,0.0,False,0.859,0.2946,73.66,False,False,True
KL_0094,Thrissur,Kodungallur,Muthapuram,10.598729,76.292837,rural,93,8.41,False,2023,3,2023-03-01,7331.31,7331.31,232.9,43.11,0.0,False,0.858,0.3153,78.83,True,False,False
KL_0094,Thrissur,Kodungallur,Muthapuram,10.598729,76.292837,rural,93,8.41,False,2023,4,2023-04-01,7743.61,7743.61,224.7,45.57,0.0,False,0.927,0.3331,83.26,True,False,False
KL_0094,Thrissur,Kodungallur,Muthapuram,10.598729,76.292837,rural,93,8.41,False,2023,5,2023-05-01,12302.81,12302.81,218.2,82.4,0.0,False,0.861,0.5292,132.29,True,False,False
KL_0094,Thrissur,Kodungallur,Muthapuram,10.598729,76.292837,rural,93,8.41,False,2023,6,2023-06-01,12108.55,12108.55,234.5,74.9,0.0,False,0.862,0.5208,130.2,False,True,False
KL_0094,Thrissur,Kodungallur,Muthapuram,10.598729,76.292837,rural,93,8.41,False,2023,7,2023-07-01,5515.88,5515.88,231.5,33.66,0.0,False,0.908,0.2372,59.31,False,True,False
KL_0094,Thrissur,Kodungallur,Muthapuram,10.598729,76.292837,rural,93,8.41,False,2023,8,2023-08-01,6874.6,6874.6,227.5,37.8,0.0,False,0.836,0.2957,73.92,False,True,False
KL_0094,Thrissur,Kodungallur,Muthapuram,10.598729,76.292837,rural,93,8.41,False,2023,9,2023-09-01,7451.94,7451.94,230.7,46.72,0.0,False,0.843,0.3205,80.13,False,True,False
KL_0094,Thrissur,Kodungallur,Muthapuram,10.598729,76.292837,rural,93,8.41,False,2023,10,2023-10-01,10189.25,10189.25,223.5,58.71,0.0,False,0.782,0.4382,109.56,False,False,False
KL_0094,Thrissur,Kodungallur,Muthapuram,10.598729,76.292837,rural,93,8.41,False,2023,11,2023-11-01,6475.07,6475.07,214.4,45.9,0.0,False,0.827,0.2785,69.62,False,False,False
KL_0094,Thrissur,Kodungallur,Muthapuram,10.598729,76.292837,rural,93,8.41,False,2023,12,2023-12-01,7713.61,7713.61,238.9,44.37,0.0,False,0.834,0.3318,82.94,False,False,True
KL_0094,Thrissur,Kodungallur,Muthapuram,10.598729,76.292837,rural,93,8.41,False,2024,1,2024-01-01,4668.2,4668.2,217.5,29.39,0.0,False,0.836,0.2008,50.2,False,False,True
KL_0094,Thrissur,Kodungallur,Muthapuram,10.598729,76.292837,rural,93,8.41,False,2024,2,2024-02-01,8501.89,8501.89,233.0,54.02,0.0,False,0.891,0.3657,91.42,False,False,True
KL_0094,Thrissur,Kodungallur,Muthapuram,10.598729,76.292837,rural,93,8.41,False,2024,3,2024-03-01,7230.65,7230.65,238.1,39.13,0.0,False,0.8,0.311,77.75,True,False,False
KL_0094,Thrissur,Kodungallur,Muthapuram,10.598729,76.292837,rural,93,8.41,False,2024,4,2024-04-01,10373.04,10373.04,212.7,69.84,0.0,False,0.924,0.4462,111.54,True,False,False
KL_0094,Thrissur,Kodungallur,Muthapuram,10.598729,76.292837,rural,93,8.41,False,2024,5,2024-05-01,4804.68,4804.68,218.6,33.47,0.0,False,0.747,0.2067,51.66,True,False,False
KL_0094,Thrissur,Kodungallur,Muthapuram,10.598729,76.292837,rural,93,8.41,False,2024,6,2024-06-01,8520.24,8520.24,208.1,56.44,0.0,False,0.88,0.3665,91.62,False,True,False
KL_0094,Thrissur,Kodungallur,Muthapuram,10.598729,76.292837,rural,93,8.41,False,2024,7,2024-07-01,5314.81,5314.81,222.8,31.46,0.0,False,0.891,0.2286,57.15,False,True,False
KL_0094,Thrissur,Kodungallur,Muthapuram,10.598729,76.292837,rural,93,8.41,False,2024,8,2024-08-01,8227.68,8227.68,223.8,52.46,0.0,False,0.885,0.3539,88.47,False,True,False
KL_0094,Thrissur,Kodungallur,Muthapuram,10.598729,76.292837,rural,93,8.41,False,2024,9,2024-09-01,10280.46,10280.46,209.8,73.66,0.0,False,0.905,0.4422,110.54,False,True,False
KL_0094,Thrissur,Kodungallur,Muthapuram,10.598729,76.292837,rural,93,8.41,False,2024,10,2024-10-01,10010.07,10010.07,226.1,66.29,0.0,False,0.839,0.4305,107.64,False,False,False
KL_0094,Thrissur,Kodungallur,Muthapuram,10.598729,76.292837,rural,93,8.41,False,2024,11,2024-11-01,13245.09,13245.09,220.3,80.12,0.0,False,0.913,0.5697,142.42,False,False,False
KL_0094,Thrissur,Kodungallur,Muthapuram,10.598729,76.292837,rural,93,8.41,False,2024,12,2024-12-01,6519.98,6519.98,218.5,38.31,0.0,False,0.815,0.2804,70.11,False,False,True
KL_0095,Kollam,Kollam,Puzhakavu,9.079079,76.818298,rural,161,17.78,True,2023,1,2023-01-01,14499.31,14499.31,219.8,95.07,0.0,False,0.82,0.3602,90.06,False,False,True
KL_0095,Kollam,Kollam,Puzhakavu,9.079079,76.818298,rural,161,17.78,True,2023,2,2023-02-01,5018.57,5018.57,225.7,31.55,0.0,False,0.953,0.1247,31.17,False,False,True
KL_0095,Kollam,Kollam,Puzhakavu,9.079079,76.818298,rural,161,17.78,True,2023,3,2023-03-01,16367.23,16367.23,209.4,115.73,0.0,False,0.859,0.4066,101.66,True,False,False
KL_0095,Kollam,Kollam,Puzhakavu,9.079079,76.818298,rural,161,17.78,True,2023,4,2023-04-01,21505.18,21505.18,224.5,134.81,0.0,False,0.898,0.5343,133.57,True,False,False
KL_0095,Kollam,Kollam,Puzhakavu,9.079079,76.818298,rural,161,17.78,True,2023,5,2023-05-01,17703.38,17703.38,224.4,110.16,0.0,False,0.875,0.4398,109.96,True,False,False
KL_0095,Kollam,Kollam,Puzhakavu,9.079079,76.818298,rural,161,17.78,True,2023,6,2023-06-01,15983.75,15983.75,229.9,102.57,0.0,False,0.886,0.3971,99.28,False,True,False
KL_0095,Kollam,Kollam,Puzhakavu,9.079079,76.818298,rural,161,17.78,True,2023,7,2023-07-01,5112.89,5112.89,224.0,28.78,0.0,False,0.75,0.127,31.76,False,True,False
KL_0095,Kollam,Kollam,Puzhakavu,9.079079,76.818298,rural,161,17.78,True,2023,8,2023-08-01,15661.58,15661.58,229.0,103.61,0.0,False,0.869,0.3891,97.28,False,True,False
KL_0095,Kollam,Kollam,Puzhakavu,9.079079,76.818298,rural,161,17.78,True,2023,9,2023-09-01,20225.14,20225.14,224.2,137.2,0.0,False,0.851,0.5025,125.62,False,True,False
KL_0095,Kollam,Kollam,Puzhakavu,9.079079,76.818298,rural,161,17.78,True,2023,10,2023-10-01,13858.35,13858.35,229.5,86.37,0.0,False,0.899,0.3443,86.08,False,False,False
KL_0095,Kollam,Kollam,Puzhakavu,9.079079,76.818298,rural,161,17.78,True,2023,11,2023-11-01,13750.28,13750.28,230.2,86.58,0.0,False,0.81,0.3416,85.41,False,False,False
KL_0095,Kollam,Kollam,Puzhakavu,9.079079,76.818298,rural,161,17.78,True,2023,12,2023-12-01,9636.7,9636.7,235.3,58.99,0.0,False,0.91,0.2394,59.86,False,False,True
KL_0095,Kollam,Kollam,Puzhakavu,9.079079,76.818298,rural,161,17.78,True,2024,1,2024-01-01,16426.28,16426.28,227.8,94.38,0.0,False,0.79,0.4081,102.03,False,False,True
KL_0095,Kollam,Kollam,Puzhakavu,9.079079,76.818298,rural,161,17.78,True,2024,2,2024-02-01,12024.1,12024.1,220.6,74.52,0.0,False,0.827,0.2987,74.68,False,False,True
KL_0095,Kollam,Kollam,Puzhakavu,9.079079,76.818298,rural,161,17.78,True,2024,3,2024-03-01,5361.42,5361.42,215.5,32.35,0.0,False,0.771,0.1332,33.3,True,False,False
KL_0095,Kollam,Kollam,Puzhakavu,9.079079,76.818298,rural,161,17.78,True,2024,4,2024-04-01,7614.52,7614.52,229.0,43.73,0.0,False,0.796,0.1892,47.3,True,False,False
KL_0095,Kollam,Kollam,Puzhakavu,9.079079,76.818298,rural,161,17.78,True,2024,5,2024-05-01,17754.12,17754.12,212.0,119.42,0.0,False,0.85,0.4411,110.27,True,False,False
KL_0095,Kollam,Kollam,Puzhakavu,9.079079,76.818298,rural,161,17.78,True,2024,6,2024-06-01,12924.04,12924.04,237.3,77.51,0.0,False,0.918,0.3211,80.27,False,True,False
KL_0095,Kollam,Kollam,Puzhakavu,9.079079,76.818298,rural,161,17.78,True,2024,7,2024-07-01,18689.57,18689.57,228.0,115.69,0.0,False,0.852,0.4643,116.08,False,True,False
KL_0095,Kollam,Kollam,Puzhakavu,9.079079,76.818298,rural,161,17.78,True,2024,8,2024-08-01,12013.39,12013.39,221.9,71.91,0.0,False,0.786,0.2985,74.62,False,True,False
KL_0095,Kollam,Kollam,Puzhakavu,9.079079,76.818298,rural,161,17.78,True,2024,9,2024-09-01,11117.7,11117.7,230.1,70.29,0.0,False,0.744,0.2762,69.05,False,True,False
KL_0095,Kollam,Kollam,Puzhakavu,9.079079,76.818298,rural,161,17.78,True,2024,10,2024-10-01,13411.62,13411.62,235.9,80.54,0.0,False,0.884,0.3332,83.3,False,False,False
KL_0095,Kollam,Kollam,Puzhakavu,9.079079,76.818298,rural,161,17.78,True,2024,11,2024-11-01,15918.35,15918.35,222.3,93.79,0.0,False,0.817,0.3955,98.87,False,False,False
KL_0095,Kollam,Kollam,Puzhakavu,9.079079,76.818298,rural,161,17.78,True,2024,12,2024-12-01,16319.06,16319.06,227.2,95.6,0.0,False,0.824,0.4054,101.36,False,False,True
KL_0096,Kannur,Iritty,Kizhaknagar,12.274823,75.84973,rural,176,6.16,False,2023,1,2023-01-01,14070.27,14070.27,244.4,72.98,0.0,False,0.904,0.3198,79.94,False,False,True
KL_0096,Kannur,Iritty,Kizhaknagar,12.274823,75.84973,rural,176,6.16,False,2023,2,2023-02-01,10780.14,10780.14,220.8,71.56,0.0,False,0.843,0.245,61.25,False,False,True
KL_0096,Kannur,Iritty,Kizhaknagar,12.274823,75.84973,rural,176,6.16,False,2023,3,2023-03-01,6580.49,6580.49,245.8,37.51,0.0,False,0.835,0.1496,37.39,True,False,False
KL_0096,Kannur,Iritty,Kizhaknagar,12.274823,75.84973,rural,176,6.16,False,2023,4,2023-04-01,20795.0,20795.0,214.0,124.85,0.0,False,0.858,0.4726,118.15,True,False,False
KL_0096,Kannur,Iritty,Kizhaknagar,12.274823,75.84973,rural,176,6.16,False,2023,5,2023-05-01,25452.45,25452.45,240.6,146.95,0.0,False,0.924,0.5785,144.62,True,False,False
KL_0096,Kannur,Iritty,Kizhaknagar,12.274823,75.84973,rural,176,6.16,False,2023,6,2023-06-01,22939.13,22939.13,231.8,137.68,0.0,False,0.863,0.5213,130.34,False,True,False
KL_0096,Kannur,Iritty,Kizhaknagar,12.274823,75.84973,rural,176,6.16,False,2023,7,2023-07-01,17177.84,17177.84,222.8,105.4,0.0,False,0.742,0.3904,97.6,False,True,False
KL_0096,Kannur,Iritty,Kizhaknagar,12.274823,75.84973,rural,176,6.16,False,2023,8,2023-08-01,16849.69,16849.69,220.5,114.14,0.0,False,0.809,0.3829,95.74,False,True,False
KL_0096,Kannur,Iritty,Kizhaknagar,12.274823,75.84973,rural,176,6.16,False,2023,9,2023-09-01,13977.4,13977.4,225.7,88.92,0.0,False,0.836,0.3177,79.42,False,True,False
KL_0096,Kannur,Iritty,Kizhaknagar,12.274823,75.84973,rural,176,6.16,False,2023,10,2023-10-01,12692.9,12692.9,219.3,83.77,0.0,False,0.893,0.2885,72.12,False,False,False
KL_0096,Kannur,Iritty,Kizhaknagar,12.274823,75.84973,rural,176,6.16,False,2023,11,2023-11-01,14277.48,14277.48,226.3,86.43,0.0,False,0.788,0.3245,81.12,False,False,False
KL_0096,Kannur,Iritty,Kizhaknagar,12.274823,75.84973,rural,176,6.16,False,2023,12,2023-12-01,13601.56,13601.56,223.0,83.71,0.0,False,0.857,0.3091,77.28,False,False,True
KL_0096,Kannur,Iritty,Kizhaknagar,12.274823,75.84973,rural,176,6.16,False,2024,1,2024-01-01,15609.52,15609.52,223.4,89.13,0.0,False,0.846,0.3548,88.69,False,False,True
KL_0096,Kannur,Iritty,Kizhaknagar,12.274823,75.84973,rural,176,6.16,False,2024,2,2024-02-01,18871.8,18871.8,236.5,119.36,0.0,False,0.901,0.4289,107.23,False,False,True
KL_0096,Kannur,Iritty,Kizhaknagar,12.274823,75.84973,rural,176,6.16,False,2024,3,2024-03-01,8347.37,8347.37,221.2,50.75,0.0,False,0.8,0.1897,47.43,True,False,False
KL_0096,Kannur,Iritty,Kizhaknagar,12.274823,75.84973,rural,176,6.16,False,2024,4,2024-04-01,14120.96,14120.96,219.4,92.02,0.0,False,0.858,0.3209,80.23,True,False,False
KL_0096,Kannur,Iritty,Kizhaknagar,12.274823,75.84973,rural,176,6.16,False,2024,5,2024-05-01,17978.18,17978.18,219.7,123.1,0.0,False,0.927,0.4086,102.15,True,False,False
KL_0096,Kannur,Iritty,Kizhaknagar,12.274823,75.84973,rural,176,6.16,False,2024,6,2024-06-01,25894.03,25894.03,216.6,161.34,0.0,False,0.895,0.5885,147.13,False,True,False
KL_0096,Kannur,Iritty,Kizhaknagar,12.274823,75.84973,rural,176,6.16,False,2024,7,2024-07-01,16414.01,16414.01,239.3,85.93,0.0,False,0.88,0.373,93.26,False,True,False
KL_0096,Kannur,Iritty,Kizhaknagar,12.274823,75.84973,rural,176,6.16,False,2024,8,2024-08-01,15831.86,15831.86,231.0,99.71,0.0,False,0.834,0.3598,89.95,False,True,False
KL_0096,Kannur,Iritty,Kizhaknagar,12.274823,75.84973,rural,176,6.16,False,2024,9,2024-09-01,17098.23,17098.23,230.1,97.33,0.0,False,0.858,0.3886,97.15,False,True,False
KL_0096,Kannur,Iritty,Kizhaknagar,12.274823,75.84973,rural,176,6.16,False,2024,10,2024-10-01,19534.75,19534.75,226.0,114.84,0.0,False,0.844,0.444,110.99,False,False,False
KL_0096,Kannur,Iritty,Kizhaknagar,12.274823,75.84973,rural,176,6.16,False,2024,11,2024-11-01,10736.0,10736.0,223.0,70.29,0.0,False,0.893,0.244,61.0,False,False,False
KL_0096,Kannur,Iritty,Kizhaknagar,12.274823,75.84973,rural,176,6.16,False,2024,12,2024-12-01,14523.8,14523.8,235.7,88.91,0.0,False,0.876,0.3301,82.52,False,False,True
KL_0097,Kannur,Mattannur,Manavayal,11.900489,75.71867,rural,29,17.32,False,2023,1,2023-01-01,1088.63,1088.63,225.0,7.21,0.0,False,0.819,0.1502,37.54,False,False,True
KL_0097,Kannur,Mattannur,Manavayal,11.900489,75.71867,rural,29,17.32,False,2023,2,2023-02-01,2675.55,2675.55,215.6,16.32,0.0,False,0.937,0.369,92.26,False,False,True
KL_0097,Kannur,Mattannur,Manavayal,11.900489,75.71867,rural,29,17.32,False,2023,3,2023-03-01,2085.68,2085.68,236.7,11.79,0.0,False,0.91,0.2877,71.92,True,False,False
KL_0097,Kannur,Mattannur,Manavayal,11.900489,75.71867,rural,29,17.32,False,2023,4,2023-04-01,3887.18,3887.18,226.1,22.76,0.0,False,0.807,0.5362,134.04,True,False,False
KL_0097,Kannur,Mattannur,Manavayal,11.900489,75.71867,rural,29,17.32,False,2023,5,2023-05-01,3296.35,3296.35,227.7,21.87,0.0,False,0.833,0.4547,113.67,True,False,False
KL_0097,Kannur,Mattannur,Manavayal,11.900489,75.71867,rural,29,17.32,False,2023,6,2023-06-01,3042.42,3042.42,218.2,18.06,0.0,False,0.842,0.4196,104.91,False,True,False
KL_0097,Kannur,Mattannur,Manavayal,11.900489,75.71867,rural,29,17.32,False,2023,7,2023-07-01,2052.96,2052.96,225.8,12.58,0.0,False,0.891,0.2832,70.79,False,True,False
KL_0097,Kannur,Mattannur,Manavayal,11.900489,75.71867,rural,29,17.32,False,2023,8,2023-08-01,2101.33,2101.33,228.1,12.26,0.0,False,0.81,0.2898,72.46,False,True,False
KL_0097,Kannur,Mattannur,Manavayal,11.900489,75.71867,rural,29,17.32,False,2023,9,2023-09-01,4398.64,4398.64,226.9,28.16,0.0,False,0.817,0.6067,151.68,False,True,False
KL_0097,Kannur,Mattannur,Manavayal,11.900489,75.71867,rural,29,17.32,False,2023,10,2023-10-01,809.38,809.38,223.1,5.41,0.0,False,0.894,0.1116,27.91,False,False,False
KL_0097,Kannur,Mattannur,Manavayal,11.900489,75.71867,rural,29,17.32,False,2023,11,2023-11-01,1760.41,1760.41,211.3,12.28,0.0,False,0.878,0.2428,60.7,False,False,False
KL_0097,Kannur,Mattannur,Manavayal,11.900489,75.71867,rural,29,17.32,False,2023,12,2023-12-01,3769.92,3769.92,219.2,23.26,0.0,False,0.753,0.52,130.0,False,False,True
KL_0097,Kannur,Mattannur,Manavayal,11.900489,75.71867,rural,29,17.32,False,2024,1,2024-01-01,1505.06,1505.06,240.4,8.68,0.0,False,0.883,0.2076,51.9,False,False,True
KL_0097,Kannur,Mattannur,Manavayal,11.900489,75.71867,rural,29,17.32,False,2024,2,2024-02-01,2081.05,2081.05,213.2,12.77,0.0,False,0.776,0.287,71.76,False,False,True
KL_0097,Kannur,Mattannur,Manavayal,11.900489,75.71867,rural,29,17.32,False,2024,3,2024-03-01,1555.3,1555.3,212.0,9.8,0.0,False,0.818,0.2145,53.63,True,False,False
KL_0097,Kannur,Mattannur,Manavayal,11.900489,75.71867,rural,29,17.32,False,2024,4,2024-04-01,2609.68,2609.68,225.3,17.4,0.0,False,0.832,0.36,89.99,True,False,False
KL_0097,Kannur,Mattannur,Manavayal,11.900489,75.71867,rural,29,17.32,False,2024,5,2024-05-01,3317.92,3317.92,242.9,17.72,0.0,False,0.827,0.4576,114.41,True,False,False
KL_0097,Kannur,Mattannur,Manavayal,11.900489,75.71867,rural,29,17.32,False,2024,6,2024-06-01,2645.47,2645.47,220.6,16.91,0.0,False,0.818,0.3649,91.22,False,True,False
KL_0097,Kannur,Mattannur,Manavayal,11.900489,75.71867,rural,29,17.32,False,2024,7,2024-07-01,2882.34,2882.34,235.8,18.09,0.0,False,0.798,0.3976,99.39,False,True,False
KL_0097,Kannur,Mattannur,Manavayal,11.900489,75.71867,rural,29,17.32,False,2024,8,2024-08-01,3255.14,3255.14,236.6,20.07,0.0,False,0.876,0.449,112.25,False,True,False
KL_0097,Kannur,Mattannur,Manavayal,11.900489,75.71867,rural,29,17.32,False,2024,9,2024-09-01,1360.62,1360.62,230.2,7.93,0.0,False,0.769,0.1877,46.92,False,True,False
KL_0097,Kannur,Mattannur,Manavayal,11.900489,75.71867,rural,29,17.32,False,2024,10,2024-10-01,3160.32,3160.32,223.6,19.49,0.0,False,0.823,0.4359,108.98,False,False,False
KL_0097,Kannur,Mattannur,Manavayal,11.900489,75.71867,rural,29,17.32,False,2024,11,2024-11-01,2982.75,2982.75,219.7,18.56,0.0,False,0.89,0.4114,102.85,False,False,False
KL_0097,Kannur,Mattannur,Manavayal,11.900489,75.71867,rural,29,17.32,False,2024,12,2024-12-01,3888.22,3888.22,218.1,24.9,0.0,False,0.87,0.5363,134.08,False,False,True
KL_0098,Palakkad,Chittur,Vadakkekavu,11.047724,76.296852,rural,88,19.18,False,2023,1,2023-01-01,7132.93,7132.93,221.8,42.1,0.0,False,0.781,0.3242,81.06,False,False,True
KL_0098,Palakkad,Chittur,Vadakkekavu,11.047724,76.296852,rural,88,19.18,False,2023,2,2023-02-01,11807.72,11807.72,225.2,69.79,0.0,False,0.754,0.5367,134.18,False,False,True
KL_0098,Palakkad,Chittur,Vadakkekavu,11.047724,76.296852,rural,88,19.18,False,2023,3,2023-03-01,5076.18,5076.18,224.1,33.85,0.0,False,0.796,0.2307,57.68,True,False,False
KL_0098,Palakkad,Chittur,Vadakkekavu,11.047724,76.296852,rural,88,19.18,False,2023,4,2023-04-01,2583.68,2583.68,223.7,16.43,0.0,False,0.741,0.1174,29.36,True,False,False
KL_0098,Palakkad,Chittur,Vadakkekavu,11.047724,76.296852,rural,88,19.18,False,2023,5,2023-05-01,16441.56,16441.56,228.2,92.37,0.0,False,0.855,0.7473,186.84,True,False,False
KL_0098,Palakkad,Chittur,Vadakkekavu,11.047724,76.296852,rural,88,19.18,False,2023,6,2023-06-01,6297.49,6297.49,226.2,36.37,0.0,False,0.827,0.2862,71.56,False,True,False
KL_0098,Palakkad,Chittur,Vadakkekavu,11.047724,76.296852,rural,88,19.18,False,2023,7,2023-07-01,5979.38,5979.38,228.6,37.26,0.0,False,0.831,0.2718,67.95,False,True,False
KL_0098,Palakkad,Chittur,Vadakkekavu,11.047724,76.296852,rural,88,19.18,False,2023,8,2023-08-01,7505.06,7505.06,232.9,42.91,0.0,False,0.876,0.3411,85.28,False,True,False
KL_0098,Palakkad,Chittur,Vadakkekavu,11.047724,76.296852,rural,88,19.18,False,2023,9,2023-09-01,3071.14,3071.14,222.1,20.89,0.0,False,0.894,0.1396,34.9,False,True,False
KL_0098,Palakkad,Chittur,Vadakkekavu,11.047724,76.296852,rural,88,19.18,False,2023,10,2023-10-01,2122.91,2122.91,240.6,12.69,0.0,False,0.862,0.0965,24.12,False,False,False
KL_0098,Palakkad,Chittur,Vadakkekavu,11.047724,76.296852,rural,88,19.18,False,2023,11,2023-11-01,6051.87,6051.87,223.3,37.72,0.0,False,0.839,0.2751,68.77,False,False,False
KL_0098,Palakkad,Chittur,Vadakkekavu,11.047724,76.296852,rural,88,19.18,False,2023,12,2023-12-01,4998.29,4998.29,233.4,27.03,0.0,False,0.815,0.2272,56.8,False,False,True
KL_0098,Palakkad,Chittur,Vadakkekavu,11.047724,76.296852,rural,88,19.18,False,2024,1,2024-01-01,3562.74,3562.74,225.9,19.75,0.0,False,0.832,0.1619,40.49,False,False,True
KL_0098,Palakkad,Chittur,Vadakkekavu,11.047724,76.296852,rural,88,19.18,False,2024,2,2024-02-01,8570.39,8570.39,240.7,50.65,0.0,False,0.86,0.3896,97.39,False,False,True
KL_0098,Palakkad,Chittur,Vadakkekavu,11.047724,76.296852,rural,88,19.18,False,2024,3,2024-03-01,5806.41,5806.41,208.1,35.96,0.0,False,0.896,0.2639,65.98,True,False,False
KL_0098,Palakkad,Chittur,Vadakkekavu,11.047724,76.296852,rural,88,19.18,False,2024,4,2024-04-01,7772.99,7772.99,236.3,45.97,0.0,False,0.781,0.3533,88.33,True,False,False
KL_0098,Palakkad,Chittur,Vadakkekavu,11.047724,76.296852,rural,88,19.18,False,2024,5,2024-05-01,11488.39,11488.39,233.4,65.22,0.0,False,0.794,0.5222,130.55,True,False,False
KL_0098,Palakkad,Chittur,Vadakkekavu,11.047724,76.296852,rural,88,19.18,False,2024,6,2024-06-01,9147.37,9147.37,217.3,53.34,0.0,False,0.85,0.4158,103.95,False,True,False
KL_0098,Palakkad,Chittur,Vadakkekavu,11.047724,76.296852,rural,88,19.18,False,2024,7,2024-07-01,7322.89,7322.89,223.4,45.8,0.0,False,0.744,0.3329,83.21,False,True,False
KL_0098,Palakkad,Chittur,Vadakkekavu,11.047724,76.296852,rural,88,19.18,False,2024,8,2024-08-01,7837.36,7837.36,223.7,45.93,0.0,False,0.864,0.3562,89.06,False,True,False
KL_0098,Palakkad,Chittur,Vadakkekavu,11.047724,76.296852,rural,88,19.18,False,2024,9,2024-09-01,4150.07,4150.07,233.3,26.94,0.0,False,0.903,0.1886,47.16,False,True,False
KL_0098,Palakkad,Chittur,Vadakkekavu,11.047724,76.296852,rural,88,19.18,False,2024,10,2024-10-01,9212.57,9212.57,238.1,51.02,0.0,False,0.968,0.4188,104.69,False,False,False
KL_0098,Palakkad,Chittur,Vadakkekavu,11.047724,76.296852,rural,88,19.18,False,2024,11,2024-11-01,8614.91,8614.91,225.2,58.22,0.0,False,0.854,0.3916,97.9,False,False,False
KL_0098,Palakkad,Chittur,Vadakkekavu,11.047724,76.296852,rural,88,19.18,False,2024,12,2024-12-01,5942.4,5942.4,229.8,35.66,0.0,False,0.893,0.2701,67.53,False,False,True
KL_0099,Ernakulam,Perumbavoor,Koduvayal,10.01614,76.798851,semi-urban,31,9.99,True,2023,1,2023-01-01,5533.32,5533.32,214.2,34.31,0.0,False,0.851,0.714,178.49,False,False,True
KL_0099,Ernakulam,Perumbavoor,Koduvayal,10.01614,76.798851,semi-urban,31,9.99,True,2023,2,2023-02-01,4617.45,4617.45,222.7,27.69,0.0,False,0.931,0.5958,148.95,False,False,True
KL_0099,Ernakulam,Perumbavoor,Koduvayal,10.01614,76.798851,semi-urban,31,9.99,True,2023,3,2023-03-01,5639.82,5639.82,223.5,32.04,0.0,False,0.829,0.7277,181.93,True,False,False
KL_0099,Ernakulam,Perumbavoor,Koduvayal,10.01614,76.798851,semi-urban,31,9.99,True,2023,4,2023-04-01,4214.91,4214.91,233.0,25.97,0.0,False,0.866,0.5439,135.96,True,False,False
KL_0099,Ernakulam,Perumbavoor,Koduvayal,10.01614,76.798851,semi-urban,31,9.99,True,2023,5,2023-05-01,3962.57,3962.57,237.3,21.14,0.0,False,0.88,0.5113,127.82,True,False,False
KL_0099,Ernakulam,Perumbavoor,Koduvayal,10.01614,76.798851,semi-urban,31,9.99,True,2023,6,2023-06-01,4962.61,4962.61,226.1,30.57,0.0,False,0.869,0.6403,160.08,False,True,False
KL_0099,Ernakulam,Perumbavoor,Koduvayal,10.01614,76.798851,semi-urban,31,9.99,True,2023,7,2023-07-01,5120.17,5120.17,235.3,29.57,0.0,False,0.811,0.6607,165.17,False,True,False
KL_0099,Ernakulam,Perumbavoor,Koduvayal,10.01614,76.798851,semi-urban,31,9.99,True,2023,8,2023-08-01,3660.06,3660.06,228.9,23.02,0.0,False,0.781,0.4723,118.07,False,True,False
KL_0099,Ernakulam,Perumbavoor,Koduvayal,10.01614,76.798851,semi-urban,31,9.99,True,2023,9,2023-09-01,3527.13,3527.13,224.0,22.59,0.0,False,0.901,0.4551,113.78,False,True,False
KL_0099,Ernakulam,Perumbavoor,Koduvayal,10.01614,76.798851,semi-urban,31,9.99,True,2023,10,2023-10-01,4905.2,4905.2,232.1,27.69,0.0,False,0.863,0.6329,158.23,False,False,False
KL_0099,Ernakulam,Perumbavoor,Koduvayal,10.01614,76.798851,semi-urban,31,9.99,True,2023,11,2023-11-01,7740.76,7740.76,220.4,48.84,0.0,False,0.854,0.9988,249.7,False,False,False
KL_0099,Ernakulam,Perumbavoor,Koduvayal,10.01614,76.798851,semi-urban,31,9.99,True,2023,12,2023-12-01,4614.27,4614.27,227.3,29.55,0.0,False,0.895,0.5954,148.85,False,False,True
KL_0099,Ernakulam,Perumbavoor,Koduvayal,10.01614,76.798851,semi-urban,31,9.99,True,2024,1,2024-01-01,4301.16,4301.16,218.1,25.28,0.0,False,0.892,0.555,138.75,False,False,True
KL_0099,Ernakulam,Perumbavoor,Koduvayal,10.01614,76.798851,semi-urban,31,9.99,True,2024,2,2024-02-01,3871.1,3871.1,242.0,22.93,0.0,False,0.868,0.4995,124.87,False,False,True
KL_0099,Ernakulam,Perumbavoor,Koduvayal,10.01614,76.798851,semi-urban,31,9.99,True,2024,3,2024-03-01,2854.5,2854.5,220.2,19.68,0.0,False,0.882,0.3683,92.08,True,False,False
KL_0099,Ernakulam,Perumbavoor,Koduvayal,10.01614,76.798851,semi-urban,31,9.99,True,2024,4,2024-04-01,5735.2,5735.2,223.8,34.67,0.0,False,0.824,0.74,185.01,True,False,False
KL_0099,Ernakulam,Perumbavoor,Koduvayal,10.01614,76.798851,semi-urban,31,9.99,True,2024,5,2024-05-01,5717.47,5717.47,223.3,38.73,0.0,False,0.877,0.7377,184.43,True,False,False
KL_0099,Ernakulam,Perumbavoor,Koduvayal,10.01614,76.798851,semi-urban,31,9.99,True,2024,6,2024-06-01,6467.68,6467.68,232.1,40.77,0.0,False,0.772,0.8345,208.63,False,True,False
KL_0099,Ernakulam,Perumbavoor,Koduvayal,10.01614,76.798851,semi-urban,31,9.99,True,2024,7,2024-07-01,4843.08,4843.08,218.0,30.44,0.0,False,0.851,0.6249,156.23,False,True,False
KL_0099,Ernakulam,Perumbavoor,Koduvayal,10.01614,76.798851,semi-urban,31,9.99,True,2024,8,2024-08-01,4215.0,4215.0,231.6,24.73,0.0,False,0.887,0.5439,135.97,False,True,False
KL_0099,Ernakulam,Perumbavoor,Koduvayal,10.01614,76.798851,semi-urban,31,9.99,True,2024,9,2024-09-01,7384.64,7384.64,233.5,41.22,0.0,False,0.814,0.9529,238.21,False,True,False
KL_0099,Ernakulam,Perumbavoor,Koduvayal,10.01614,76.798851,semi-urban,31,9.99,True,2024,10,2024-10-01,2384.72,2384.72,241.8,13.97,0.0,False,0.857,0.3077,76.93,False,False,False
KL_0099,Ernakulam,Perumbavoor,Koduvayal,10.01614,76.798851,semi-urban,31,9.99,True,2024,11,2024-11-01,4949.05,4949.05,237.9,29.7,0.0,False,0.865,0.6386,159.65,False,False,False
KL_0099,Ernakulam,Perumbavoor,Koduvayal,10.01614,76.798851,semi-urban,31,9.99,True,2024,12,2024-12-01,2714.29,2714.29,225.5,18.0,0.0,False,0.805,0.3502,87.56,False,False,True
KL_0100,Alappuzha,Cherthala,Melanagar,9.282413,76.562557,rural,74,16.09,False,2023,1,2023-01-01,4283.56,4283.56,216.5,30.1,0.0,False,0.906,0.2315,57.89,False,False,True
KL_0100,Alappuzha,Cherthala,Melanagar,9.282413,76.562557,rural,74,16.09,False,2023,2,2023-02-01,5423.95,5423.95,234.0,32.48,0.0,False,0.866,0.2932,73.3,False,False,True
KL_0100,Alappuzha,Cherthala,Melanagar,9.282413,76.562557,rural,74,16.09,False,2023,3,2023-03-01,2653.37,2653.37,231.7,16.01,0.0,False,0.766,0.1434,35.86,True,False,False
KL_0100,Alappuzha,Cherthala,Melanagar,9.282413,76.562557,rural,74,16.09,False,2023,4,2023-04-01,7042.03,7042.03,241.0,38.36,0.0,False,0.855,0.3807,95.16,True,False,False
KL_0100,Alappuzha,Cherthala,Melanagar,9.282413,76.562557,rural,74,16.09,False,2023,5,2023-05-01,11369.08,11369.08,239.6,66.28,0.0,False,0.923,0.6145,153.64,True,False,False
KL_0100,Alappuzha,Cherthala,Melanagar,9.282413,76.562557,rural,74,16.09,False,2023,6,2023-06-01,9249.36,9249.36,241.0,57.34,0.0,False,0.85,0.5,124.99,False,True,False
KL_0100,Alappuzha,Cherthala,Melanagar,9.282413,76.562557,rural,74,16.09,False,2023,7,2023-07-01,9988.68,9988.68,222.0,65.98,0.0,False,0.817,0.5399,134.98,False,True,False
KL_0100,Alappuzha,Cherthala,Melanagar,9.282413,76.562557,rural,74,16.09,False,2023,8,2023-08-01,3935.99,3935.99,230.9,25.65,0.0,False,0.823,0.2128,53.19,False,True,False
KL_0100,Alappuzha,Cherthala,Melanagar,9.282413,76.562557,rural,74,16.09,False,2023,9,2023-09-01,8346.31,8346.31,222.6,49.34,0.0,False,0.842,0.4512,112.79,False,True,False
KL_0100,Alappuzha,Cherthala,Melanagar,9.282413,76.562557,rural,74,16.09,False,2023,10,2023-10-01,7338.54,7338.54,225.0,46.41,0.0,False,0.789,0.3967,99.17,False,False,False
KL_0100,Alappuzha,Cherthala,Melanagar,9.282413,76.562557,rural,74,16.09,False,2023,11,2023-11-01,6152.73,6152.73,223.7,35.58,0.0,False,0.92,0.3326,83.14,False,False,False
KL_0100,Alappuzha,Cherthala,Melanagar,9.282413,76.562557,rural,74,16.09,False,2023,12,2023-12-01,5900.75,5900.75,234.6,37.4,0.0,False,0.896,0.319,79.74,False,False,True
KL_0100,Alappuzha,Cherthala,Melanagar,9.282413,76.562557,rural,74,16.09,False,2024,1,2024-01-01,3154.22,3154.22,238.2,19.13,0.0,False,0.904,0.1705,42.62,False,False,True
KL_0100,Alappuzha,Cherthala,Melanagar,9.282413,76.562557,rural,74,16.09,False,2024,2,2024-02-01,6881.29,6881.29,227.7,42.24,0.0,False,0.775,0.372,92.99,False,False,True
KL_0100,Alappuzha,Cherthala,Melanagar,9.282413,76.562557,rural,74,16.09,False,2024,3,2024-03-01,5378.15,5378.15,236.1,29.37,0.0,False,0.856,0.2907,72.68,True,False,False
KL_0100,Alappuzha,Cherthala,Melanagar,9.282413,76.562557,rural,74,16.09,False,2024,4,2024-04-01,9449.06,9449.06,230.2,60.0,0.0,False,0.904,0.5108,127.69,True,False,False
KL_0100,Alappuzha,Cherthala,Melanagar,9.282413,76.562557,rural,74,16.09,False,2024,5,2024-05-01,10253.03,10253.03,230.4,60.16,0.0,False,0.803,0.5542,138.55,True,False,False
KL_0100,Alappuzha,Cherthala,Melanagar,9.282413,76.562557,rural,74,16.09,False,2024,6,2024-06-01,7989.43,7989.43,231.1,43.45,0.0,False,0.846,0.4319,107.97,False,True,False
KL_0100,Alappuzha,Cherthala,Melanagar,9.282413,76.562557,rural,74,16.09,False,2024,7,2024-07-01,7145.79,7145.79,245.5,43.8,0.0,False,0.795,0.3863,96.56,False,True,False
KL_0100,Alappuzha,Cherthala,Melanagar,9.282413,76.562557,rural,74,16.09,False,2024,8,2024-08-01,4097.82,4097.82,226.2,27.12,0.0,False,0.892,0.2215,55.38,False,True,False
KL_0100,Alappuzha,Cherthala,Melanagar,9.282413,76.562557,rural,74,16.09,False,2024,9,2024-09-01,4438.64,4438.64,215.6,29.73,0.0,False,0.839,0.2399,59.98,False,True,False
KL_0100,Alappuzha,Cherthala,Melanagar,9.282413,76.562557,rural,74,16.09,False,2024,10,2024-10-01,3775.31,3775.31,227.8,22.74,0.0,False,0.845,0.2041,51.02,False,False,False
KL_0100,Alappuzha,Cherthala,Melanagar,9.282413,76.562557,rural,74,16.09,False,2024,11,2024-11-01,6211.75,6211.75,241.5,37.95,0.0,False,0.794,0.3358,83.94,False,False,False
KL_0100,Alappuzha,Cherthala,Melanagar,9.282413,76.562557,rural,74,16.09,False,2024,12,2024-12-01,7904.77,7904.77,224.7,45.39,0.0,False,0.927,0.4273,106.82,False,False,True
KL_0101,Kollam,Punalur,Kallakunnu,8.672101,76.913923,semi-urban,67,4.71,False,2023,1,2023-01-01,8837.7,8837.7,235.7,49.51,0.0,False,0.853,0.5276,131.91,False,False,True
KL_0101,Kollam,Punalur,Kallakunnu,8.672101,76.913923,semi-urban,67,4.71,False,2023,2,2023-02-01,6443.21,6443.21,231.8,35.61,0.0,False,0.89,0.3847,96.17,False,False,True
KL_0101,Kollam,Punalur,Kallakunnu,8.672101,76.913923,semi-urban,67,4.71,False,2023,3,2023-03-01,8123.63,8123.63,215.0,56.23,0.0,False,0.869,0.485,121.25,True,False,False
KL_0101,Kollam,Punalur,Kallakunnu,8.672101,76.913923,semi-urban,67,4.71,False,2023,4,2023-04-01,8921.3,8921.3,230.4,55.1,0.0,False,0.805,0.5326,133.15,True,False,False
KL_0101,Kollam,Punalur,Kallakunnu,8.672101,76.913923,semi-urban,67,4.71,False,2023,5,2023-05-01,10542.17,10542.17,226.6,58.44,0.0,False,0.768,0.6294,157.35,True,False,False
KL_0101,Kollam,Punalur,Kallakunnu,8.672101,76.913923,semi-urban,67,4.71,False,2023,6,2023-06-01,8526.06,8526.06,222.5,56.82,0.0,False,0.84,0.509,127.25,False,True,False
KL_0101,Kollam,Punalur,Kallakunnu,8.672101,76.913923,semi-urban,67,4.71,False,2023,7,2023-07-01,10980.6,10980.6,225.3,66.68,0.0,False,0.905,0.6556,163.89,False,True,False
KL_0101,Kollam,Punalur,Kallakunnu,8.672101,76.913923,semi-urban,67,4.71,False,2023,8,2023-08-01,9550.11,9550.11,244.2,55.49,0.0,False,0.752,0.5702,142.54,False,True,False
KL_0101,Kollam,Punalur,Kallakunnu,8.672101,76.913923,semi-urban,67,4.71,False,2023,9,2023-09-01,9771.78,9771.78,228.1,57.37,0.0,False,0.947,0.5834,145.85,False,True,False
KL_0101,Kollam,Punalur,Kallakunnu,8.672101,76.913923,semi-urban,67,4.71,False,2023,10,2023-10-01,9657.24,9657.24,245.8,54.72,0.0,False,0.892,0.5766,144.14,False,False,False
KL_0101,Kollam,Punalur,Kallakunnu,8.672101,76.913923,semi-urban,67,4.71,False,2023,11,2023-11-01,3777.66,3777.66,233.4,23.98,0.0,False,0.86,0.2255,56.38,False,False,False
KL_0101,Kollam,Punalur,Kallakunnu,8.672101,76.913923,semi-urban,67,4.71,False,2023,12,2023-12-01,6488.87,6488.87,220.4,37.54,0.0,False,0.844,0.3874,96.85,False,False,True
KL_0101,Kollam,Punalur,Kallakunnu,8.672101,76.913923,semi-urban,67,4.71,False,2024,1,2024-01-01,5818.32,5818.32,231.3,35.79,0.0,False,0.893,0.3474,86.84,False,False,True
KL_0101,Kollam,Punalur,Kallakunnu,8.672101,76.913923,semi-urban,67,4.71,False,2024,2,2024-02-01,5890.79,5890.79,206.4,38.52,0.0,False,0.789,0.3517,87.92,False,False,True
KL_0101,Kollam,Punalur,Kallakunnu,8.672101,76.913923,semi-urban,67,4.71,False,2024,3,2024-03-01,7146.46,7146.46,233.9,39.18,0.0,False,0.872,0.4267,106.66,True,False,False
KL_0101,Kollam,Punalur,Kallakunnu,8.672101,76.913923,semi-urban,67,4.71,False,2024,4,2024-04-01,9455.24,9455.24,236.8,59.29,0.0,False,0.865,0.5645,141.12,True,False,False
KL_0101,Kollam,Punalur,Kallakunnu,8.672101,76.913923,semi-urban,67,4.71,False,2024,5,2024-05-01,12128.51,12128.51,221.4,71.97,0.0,False,0.94,0.7241,181.02,True,False,False
KL_0101,Kollam,Punalur,Kallakunnu,8.672101,76.913923,semi-urban,67,4.71,False,2024,6,2024-06-01,8724.22,8724.22,224.2,53.31,0.0,False,0.832,0.5208,130.21,False,True,False
KL_0101,Kollam,Punalur,Kallakunnu,8.672101,76.913923,semi-urban,67,4.71,False,2024,7,2024-07-01,9244.16,9244.16,225.6,53.33,0.0,False,0.852,0.5519,137.97,False,True,False
KL_0101,Kollam,Punalur,Kallakunnu,8.672101,76.913923,semi-urban,67,4.71,False,2024,8,2024-08-01,7469.08,7469.08,221.5,47.84,0.0,False,0.847,0.4459,111.48,False,True,False
KL_0101,Kollam,Punalur,Kallakunnu,8.672101,76.913923,semi-urban,67,4.71,False,2024,9,2024-09-01,7487.01,7487.01,222.4,49.24,0.0,False,0.824,0.447,111.75,False,True,False
KL_0101,Kollam,Punalur,Kallakunnu,8.672101,76.913923,semi-urban,67,4.71,False,2024,10,2024-10-01,9724.39,9724.39,234.7,56.63,0.0,False,0.924,0.5806,145.14,False,False,False
KL_0101,Kollam,Punalur,Kallakunnu,8.672101,76.913923,semi-urban,67,4.71,False,2024,11,2024-11-01,5969.89,5969.89,222.6,39.1,0.0,False,0.801,0.3564,89.1,False,False,False
KL_0101,Kollam,Punalur,Kallakunnu,8.672101,76.913923,semi-urban,67,4.71,False,2024,12,2024-12-01,9533.16,9533.16,224.8,63.69,0.0,False,0.774,0.5691,142.29,False,False,True
KL_0102,Kottayam,Kottayam,Kottathara,9.837595,76.693853,rural,32,24.07,False,2023,1,2023-01-01,1702.42,1702.42,227.7,10.83,0.0,False,0.862,0.2128,53.2,False,False,True
KL_0102,Kottayam,Kottayam,Kottathara,9.837595,76.693853,rural,32,24.07,False,2023,2,2023-02-01,1824.2,1824.2,232.7,10.44,0.0,False,0.814,0.228,57.01,False,False,True
KL_0102,Kottayam,Kottayam,Kottathara,9.837595,76.693853,rural,32,24.07,False,2023,3,2023-03-01,1825.28,1825.28,228.8,11.12,0.0,False,0.863,0.2282,57.04,True,False,False
KL_0102,Kottayam,Kottayam,Kottathara,9.837595,76.693853,rural,32,24.07,False,2023,4,2023-04-01,2879.45,2879.45,220.9,16.8,0.0,False,0.882,0.3599,89.98,True,False,False
KL_0102,Kottayam,Kottayam,Kottathara,9.837595,76.693853,rural,32,24.07,False,2023,5,2023-05-01,2382.06,2382.06,231.9,13.04,0.0,False,0.857,0.2978,74.44,True,False,False
KL_0102,Kottayam,Kottayam,Kottathara,9.837595,76.693853,rural,32,24.07,False,2023,6,2023-06-01,4186.11,4186.11,226.4,25.52,0.0,False,0.851,0.5233,130.82,False,True,False
KL_0102,Kottayam,Kottayam,Kottathara,9.837595,76.693853,rural,32,24.07,False,2023,7,2023-07-01,3224.36,3224.36,219.2,20.96,0.0,False,0.747,0.403,100.76,False,True,False
KL_0102,Kottayam,Kottayam,Kottathara,9.837595,76.693853,rural,32,24.07,False,2023,8,2023-08-01,2481.61,2481.61,223.3,14.38,0.0,False,0.878,0.3102,77.55,False,True,False
KL_0102,Kottayam,Kottayam,Kottathara,9.837595,76.693853,rural,32,24.07,False,2023,9,2023-09-01,2192.38,2192.38,229.4,12.63,0.0,False,0.86,0.274,68.51,False,True,False
KL_0102,Kottayam,Kottayam,Kottathara,9.837595,76.693853,rural,32,24.07,False,2023,10,2023-10-01,3633.8,3633.8,228.0,24.06,0.0,False,0.944,0.4542,113.56,False,False,False
KL_0102,Kottayam,Kottayam,Kottathara,9.837595,76.693853,rural,32,24.07,False,2023,11,2023-11-01,2666.63,2666.63,227.2,16.12,0.0,False,0.907,0.3333,83.33,False,False,False
KL_0102,Kottayam,Kottayam,Kottathara,9.837595,76.693853,rural,32,24.07,False,2023,12,2023-12-01,3554.92,3554.92,221.3,23.99,0.0,False,0.776,0.4444,111.09,False,False,True
KL_0102,Kottayam,Kottayam,Kottathara,9.837595,76.693853,rural,32,24.07,False,2024,1,2024-01-01,3317.31,3317.31,219.6,22.3,0.0,False,0.903,0.4147,103.67,False,False,True
KL_0102,Kottayam,Kottayam,Kottathara,9.837595,76.693853,rural,32,24.07,False,2024,2,2024-02-01,2713.59,2713.59,230.8,17.16,0.0,False,0.785,0.3392,84.8,False,False,True
KL_0102,Kottayam,Kottayam,Kottathara,9.837595,76.693853,rural,32,24.07,False,2024,3,2024-03-01,2688.6,2688.6,233.0,14.66,0.0,False,0.892,0.3361,84.02,True,False,False
KL_0102,Kottayam,Kottayam,Kottathara,9.837595,76.693853,rural,32,24.07,False,2024,4,2024-04-01,3665.09,3665.09,213.3,22.76,0.0,False,0.923,0.4581,114.53,True,False,False
KL_0102,Kottayam,Kottayam,Kottathara,9.837595,76.693853,rural,32,24.07,False,2024,5,2024-05-01,1977.06,1977.06,217.8,13.76,0.0,False,0.943,0.2471,61.78,True,False,False
KL_0102,Kottayam,Kottayam,Kottathara,9.837595,76.693853,rural,32,24.07,False,2024,6,2024-06-01,3546.91,3546.91,233.1,22.12,0.0,False,0.83,0.4434,110.84,False,True,False
KL_0102,Kottayam,Kottayam,Kottathara,9.837595,76.693853,rural,32,24.07,False,2024,7,2024-07-01,3460.06,3460.06,219.8,20.36,0.0,False,0.885,0.4325,108.13,False,True,False
KL_0102,Kottayam,Kottayam,Kottathara,9.837595,76.693853,rural,32,24.07,False,2024,8,2024-08-01,3040.65,3040.65,220.7,20.92,0.0,False,0.9,0.3801,95.02,False,True,False
KL_0102,Kottayam,Kottayam,Kottathara,9.837595,76.693853,rural,32,24.07,False,2024,9,2024-09-01,4322.9,4322.9,210.7,27.41,0.0,False,0.874,0.5404,135.09,False,True,False
KL_0102,Kottayam,Kottayam,Kottathara,9.837595,76.693853,rural,32,24.07,False,2024,10,2024-10-01,4842.85,4842.85,245.4,25.64,0.0,False,0.766,0.6054,151.34,False,False,False
KL_0102,Kottayam,Kottayam,Kottathara,9.837595,76.693853,rural,32,24.07,False,2024,11,2024-11-01,2679.26,2679.26,230.0,15.79,0.0,False,0.858,0.3349,83.73,False,False,False
KL_0102,Kottayam,Kottayam,Kottathara,9.837595,76.693853,rural,32,24.07,False,2024,12,2024-12-01,1173.37,1173.37,241.1,7.3,0.0,False,0.878,0.1467,36.67,False,False,True
KL_0103,Thrissur,Thrissur,Kottathara,10.534836,76.265992,rural,87,14.42,False,2023,1,2023-01-01,6555.38,6555.38,216.3,42.74,0.0,False,0.85,0.3014,75.35,False,False,True
KL_0103,Thrissur,Thrissur,Kottathara,10.534836,76.265992,rural,87,14.42,False,2023,2,2023-02-01,3236.59,3236.59,219.0,19.44,0.0,False,0.807,0.1488,37.2,False,False,True
KL_0103,Thrissur,Thrissur,Kottathara,10.534836,76.265992,rural,87,14.42,False,2023,3,2023-03-01,5435.31,5435.31,236.7,31.04,0.0,False,0.84,0.2499,62.47,True,False,False
KL_0103,Thrissur,Thrissur,Kottathara,10.534836,76.265992,rural,87,14.42,False,2023,4,2023-04-01,12021.28,12021.28,236.3,74.62,0.0,False,0.895,0.5527,138.18,True,False,False
KL_0103,Thrissur,Thrissur,Kottathara,10.534836,76.265992,rural,87,14.42,False,2023,5,2023-05-01,10857.55,10857.55,239.4,68.46,0.0,False,0.87,0.4992,124.8,True,False,False
KL_0103,Thrissur,Thrissur,Kottathara,10.534836,76.265992,rural,87,14.42,False,2023,6,2023-06-01,12493.27,12493.27,239.4,69.31,0.0,False,0.873,0.5744,143.6,False,True,False
KL_0103,Thrissur,Thrissur,Kottathara,10.534836,76.265992,rural,87,14.42,False,2023,7,2023-07-01,4302.95,4302.95,237.8,24.89,0.0,False,0.838,0.1978,49.46,False,True,False
KL_0103,Thrissur,Thrissur,Kottathara,10.534836,76.265992,rural,87,14.42,False,2023,8,2023-08-01,4593.27,4593.27,242.7,24.76,0.0,False,0.871,0.2112,52.8,False,True,False
KL_0103,Thrissur,Thrissur,Kottathara,10.534836,76.265992,rural,87,14.42,False,2023,9,2023-09-01,7759.53,7759.53,231.8,47.32,0.0,False,0.745,0.3568,89.19,False,True,False
KL_0103,Thrissur,Thrissur,Kottathara,10.534836,76.265992,rural,87,14.42,False,2023,10,2023-10-01,8195.7,8195.7,230.7,47.81,0.0,False,0.848,0.3768,94.2,False,False,False
KL_0103,Thrissur,Thrissur,Kottathara,10.534836,76.265992,rural,87,14.42,False,2023,11,2023-11-01,8489.29,8489.29,228.8,49.06,0.0,False,0.831,0.3903,97.58,False,False,False
KL_0103,Thrissur,Thrissur,Kottathara,10.534836,76.265992,rural,87,14.42,False,2023,12,2023-12-01,5836.3,5836.3,213.8,39.35,0.0,False,0.851,0.2683,67.08,False,False,True
KL_0103,Thrissur,Thrissur,Kottathara,10.534836,76.265992,rural,87,14.42,False,2024,1,2024-01-01,5164.1,5164.1,221.4,34.86,0.0,False,0.791,0.2374,59.36,False,False,True
KL_0103,Thrissur,Thrissur,Kottathara,10.534836,76.265992,rural,87,14.42,False,2024,2,2024-02-01,10785.64,10785.64,221.8,65.17,0.0,False,0.869,0.4959,123.97,False,False,True
KL_0103,Thrissur,Thrissur,Kottathara,10.534836,76.265992,rural,87,14.42,False,2024,3,2024-03-01,6983.16,6983.16,216.1,48.31,0.0,False,0.946,0.3211,80.27,True,False,False
KL_0103,Thrissur,Thrissur,Kottathara,10.534836,76.265992,rural,87,14.42,False,2024,4,2024-04-01,9380.07,9380.07,220.6,64.01,0.0,False,0.854,0.4313,107.82,True,False,False
KL_0103,Thrissur,Thrissur,Kottathara,10.534836,76.265992,rural,87,14.42,False,2024,5,2024-05-01,7507.67,7507.67,211.0,49.9,0.0,False,0.852,0.3452,86.3,True,False,False
KL_0103,Thrissur,Thrissur,Kottathara,10.534836,76.265992,rural,87,14.42,False,2024,6,2024-06-01,9116.23,9116.23,246.0,56.54,0.0,False,0.975,0.4191,104.78,False,True,False
KL_0103,Thrissur,Thrissur,Kottathara,10.534836,76.265992,rural,87,14.42,False,2024,7,2024-07-01,12176.65,12176.65,231.4,79.55,0.0,False,0.803,0.5598,139.96,False,True,False
KL_0103,Thrissur,Thrissur,Kottathara,10.534836,76.265992,rural,87,14.42,False,2024,8,2024-08-01,4981.44,4981.44,224.6,27.96,0.0,False,0.875,0.229,57.26,False,True,False
KL_0103,Thrissur,Thrissur,Kottathara,10.534836,76.265992,rural,87,14.42,False,2024,9,2024-09-01,8562.41,8562.41,228.9,50.49,0.0,False,0.929,0.3937,98.42,False,True,False
KL_0103,Thrissur,Thrissur,Kottathara,10.534836,76.265992,rural,87,14.42,False,2024,10,2024-10-01,10642.42,10642.42,235.5,59.89,0.0,False,0.83,0.4893,122.33,False,False,False
KL_0103,Thrissur,Thrissur,Kottathara,10.534836,76.265992,rural,87,14.42,False,2024,11,2024-11-01,5905.57,5905.57,244.1,34.92,0.0,False,0.893,0.2715,67.88,False,False,False
KL_0103,Thrissur,Thrissur,Kottathara,10.534836,76.265992,rural,87,14.42,False,2024,12,2024-12-01,6048.23,6048.23,230.4,36.51,0.0,False,0.858,0.2781,69.52,False,False,True
KL_0104,Kozhikode,Vadakara,Thekkenagar,11.57615,75.752698,semi-urban,69,9.79,False,2023,1,2023-01-01,8038.46,8038.46,239.9,42.51,0.0,False,0.796,0.466,116.5,False,False,True
KL_0104,Kozhikode,Vadakara,Thekkenagar,11.57615,75.752698,semi-urban,69,9.79,False,2023,2,2023-02-01,6232.63,6232.63,217.1,40.69,0.0,False,0.842,0.3613,90.33,False,False,True
KL_0104,Kozhikode,Vadakara,Thekkenagar,11.57615,75.752698,semi-urban,69,9.79,False,2023,3,2023-03-01,13099.21,13099.21,229.1,76.97,0.0,False,0.848,0.7594,189.84,True,False,False
KL_0104,Kozhikode,Vadakara,Thekkenagar,11.57615,75.752698,semi-urban,69,9.79,False,2023,4,2023-04-01,12618.68,12618.68,217.0,87.26,0.0,False,0.818,0.7315,182.88,True,False,False
KL_0104,Kozhikode,Vadakara,Thekkenagar,11.57615,75.752698,semi-urban,69,9.79,False,2023,5,2023-05-01,8696.12,8696.12,233.0,54.01,0.0,False,0.77,0.5041,126.03,True,False,False
KL_0104,Kozhikode,Vadakara,Thekkenagar,11.57615,75.752698,semi-urban,69,9.79,False,2023,6,2023-06-01,7755.11,7755.11,232.1,48.42,0.0,False,0.829,0.4496,112.39,False,True,False
KL_0104,Kozhikode,Vadakara,Thekkenagar,11.57615,75.752698,semi-urban,69,9.79,False,2023,7,2023-07-01,8463.27,8463.27,229.3,54.3,0.0,False,0.775,0.4906,122.66,False,True,False
KL_0104,Kozhikode,Vadakara,Thekkenagar,11.57615,75.752698,semi-urban,69,9.79,False,2023,8,2023-08-01,12335.68,12335.68,230.0,76.56,0.0,False,0.877,0.7151,178.78,False,True,False
KL_0104,Kozhikode,Vadakara,Thekkenagar,11.57615,75.752698,semi-urban,69,9.79,False,2023,9,2023-09-01,10236.21,10236.21,229.5,56.0,0.0,False,0.877,0.5934,148.35,False,True,False
KL_0104,Kozhikode,Vadakara,Thekkenagar,11.57615,75.752698,semi-urban,69,9.79,False,2023,10,2023-10-01,7925.0,7925.0,229.2,52.57,0.0,False,0.786,0.4594,114.86,False,False,False
KL_0104,Kozhikode,Vadakara,Thekkenagar,11.57615,75.752698,semi-urban,69,9.79,False,2023,11,2023-11-01,8288.35,8288.35,237.2,50.56,0.0,False,0.854,0.4805,120.12,False,False,False
KL_0104,Kozhikode,Vadakara,Thekkenagar,11.57615,75.752698,semi-urban,69,9.79,False,2023,12,2023-12-01,11388.64,11388.64,226.0,71.77,0.0,False,0.783,0.6602,165.05,False,False,True
KL_0104,Kozhikode,Vadakara,Thekkenagar,11.57615,75.752698,semi-urban,69,9.79,False,2024,1,2024-01-01,8608.04,8608.04,235.9,51.45,0.0,False,0.832,0.499,124.75,False,False,True
KL_0104,Kozhikode,Vadakara,Thekkenagar,11.57615,75.752698,semi-urban,69,9.79,False,2024,2,2024-02-01,7332.68,7332.68,226.0,42.44,0.0,False,0.817,0.4251,106.27,False,False,True
KL_0104,Kozhikode,Vadakara,Thekkenagar,11.57615,75.752698,semi-urban,69,9.79,False,2024,3,2024-03-01,12573.42,12573.42,229.7,83.06,0.0,False,0.874,0.7289,182.22,True,False,False
KL_0104,Kozhikode,Vadakara,Thekkenagar,11.57615,75.752698,semi-urban,69,9.79,False,2024,4,2024-04-01,6676.32,6676.32,234.7,37.25,0.0,False,0.769,0.387,96.76,True,False,False
KL_0104,Kozhikode,Vadakara,Thekkenagar,11.57615,75.752698,semi-urban,69,9.79,False,2024,5,2024-05-01,12096.85,12096.85,209.9,84.81,0.0,False,0.899,0.7013,175.32,True,False,False
KL_0104,Kozhikode,Vadakara,Thekkenagar,11.57615,75.752698,semi-urban,69,9.79,False,2024,6,2024-06-01,12978.79,12978.79,220.8,77.97,0.0,False,0.911,0.7524,188.1,False,True,False
KL_0104,Kozhikode,Vadakara,Thekkenagar,11.57615,75.752698,semi-urban,69,9.79,False,2024,7,2024-07-01,6499.47,6499.47,222.8,39.73,0.0,False,0.843,0.3768,94.2,False,True,False
KL_0104,Kozhikode,Vadakara,Thekkenagar,11.57615,75.752698,semi-urban,69,9.79,False,2024,8,2024-08-01,8949.77,8949.77,219.6,51.53,0.0,False,0.783,0.5188,129.71,False,True,False
KL_0104,Kozhikode,Vadakara,Thekkenagar,11.57615,75.752698,semi-urban,69,9.79,False,2024,9,2024-09-01,8263.84,8263.84,227.7,53.55,0.0,False,0.745,0.4791,119.77,False,True,False
KL_0104,Kozhikode,Vadakara,Thekkenagar,11.57615,75.752698,semi-urban,69,9.79,False,2024,10,2024-10-01,8066.26,8066.26,213.5,53.36,0.0,False,0.905,0.4676,116.9,False,False,False
KL_0104,Kozhikode,Vadakara,Thekkenagar,11.57615,75.752698,semi-urban,69,9.79,False,2024,11,2024-11-01,9502.13,9502.13,230.7,53.66,0.0,False,0.949,0.5508,137.71,False,False,False
KL_0104,Kozhikode,Vadakara,Thekkenagar,11.57615,75.752698,semi-urban,69,9.79,False,2024,12,2024-12-01,6480.37,6480.37,231.6,38.9,0.0,False,0.852,0.3757,93.92,False,False,True
KL_0105,Kottayam,Changanassery,Cherapuram,9.820524,76.759918,semi-urban,168,2.64,False,2023,1,2023-01-01,13077.69,13077.69,215.2,91.72,0.0,False,0.792,0.3114,77.84,False,False,True
KL_0105,Kottayam,Changanassery,Cherapuram,9.820524,76.759918,semi-urban,168,2.64,False,2023,2,2023-02-01,14294.62,14294.62,214.6,99.37,0.0,False,0.795,0.3403,85.09,False,False,True
KL_0105,Kottayam,Changanassery,Cherapuram,9.820524,76.759918,semi-urban,168,2.64,False,2023,3,2023-03-01,28049.48,28049.48,225.8,158.38,0.0,False,0.909,0.6678,166.96,True,False,False
KL_0105,Kottayam,Changanassery,Cherapuram,9.820524,76.759918,semi-urban,168,2.64,False,2023,4,2023-04-01,34930.94,34930.94,217.8,227.67,0.0,False,0.858,0.8317,207.92,True,False,False
KL_0105,Kottayam,Changanassery,Cherapuram,9.820524,76.759918,semi-urban,168,2.64,False,2023,5,2023-05-01,25439.88,25439.88,238.5,153.45,0.0,False,0.802,0.6057,151.43,True,False,False
KL_0105,Kottayam,Changanassery,Cherapuram,9.820524,76.759918,semi-urban,168,2.64,False,2023,6,2023-06-01,24640.85,24640.85,216.0,166.09,0.0,False,0.965,0.5867,146.67,False,True,False
KL_0105,Kottayam,Changanassery,Cherapuram,9.820524,76.759918,semi-urban,168,2.64,False,2023,7,2023-07-01,24481.6,24481.6,217.2,153.36,0.0,False,0.902,0.5829,145.72,False,True,False
KL_0105,Kottayam,Changanassery,Cherapuram,9.820524,76.759918,semi-urban,168,2.64,False,2023,8,2023-08-01,29502.11,29502.11,223.3,171.96,0.0,False,0.877,0.7024,175.61,False,True,False
KL_0105,Kottayam,Changanassery,Cherapuram,9.820524,76.759918,semi-urban,168,2.64,False,2023,9,2023-09-01,17828.79,17828.79,227.7,103.85,0.0,False,0.822,0.4245,106.12,False,True,False
KL_0105,Kottayam,Changanassery,Cherapuram,9.820524,76.759918,semi-urban,168,2.64,False,2023,10,2023-10-01,26893.46,26893.46,225.5,162.13,0.0,False,0.912,0.6403,160.08,False,False,False
KL_0105,Kottayam,Changanassery,Cherapuram,9.820524,76.759918,semi-urban,168,2.64,False,2023,11,2023-11-01,23474.93,23474.93,255.2,130.06,0.0,False,0.894,0.5589,139.73,False,False,False
KL_0105,Kottayam,Changanassery,Cherapuram,9.820524,76.759918,semi-urban,168,2.64,False,2023,12,2023-12-01,20584.97,20584.97,232.5,117.46,0.0,False,0.845,0.4901,122.53,False,False,True
KL_0105,Kottayam,Changanassery,Cherapuram,9.820524,76.759918,semi-urban,168,2.64,False,2024,1,2024-01-01,29997.4,29997.4,237.5,171.71,0.0,False,0.904,0.7142,178.56,False,False,True
KL_0105,Kottayam,Changanassery,Cherapuram,9.820524,76.759918,semi-urban,168,2.64,False,2024,2,2024-02-01,17939.47,17939.47,224.9,117.58,0.0,False,0.902,0.4271,106.78,False,False,True
KL_0105,Kottayam,Changanassery,Cherapuram,9.820524,76.759918,semi-urban,168,2.64,False,2024,3,2024-03-01,15311.29,15311.29,212.3,106.49,0.0,False,0.864,0.3646,91.14,True,False,False
KL_0105,Kottayam,Changanassery,Cherapuram,9.820524,76.759918,semi-urban,168,2.64,False,2024,4,2024-04-01,28345.92,28345.92,221.9,193.27,0.0,False,0.793,0.6749,168.73,True,False,False
KL_0105,Kottayam,Changanassery,Cherapuram,9.820524,76.759918,semi-urban,168,2.64,False,2024,5,2024-05-01,40948.91,40948.91,235.7,225.22,0.0,False,0.799,0.975,243.74,True,False,False
KL_0105,Kottayam,Changanassery,Cherapuram,9.820524,76.759918,semi-urban,168,2.64,False,2024,6,2024-06-01,32792.98,32792.98,227.6,208.02,0.0,False,0.771,0.7808,195.2,False,True,False
KL_0105,Kottayam,Changanassery,Cherapuram,9.820524,76.759918,semi-urban,168,2.64,False,2024,7,2024-07-01,24354.58,24354.58,233.7,136.95,0.0,False,0.916,0.5799,144.97,False,True,False
KL_0105,Kottayam,Changanassery,Cherapuram,9.820524,76.759918,semi-urban,168,2.64,False,2024,8,2024-08-01,15527.99,15527.99,221.2,88.79,0.0,False,0.777,0.3697,92.43,False,True,False
KL_0105,Kottayam,Changanassery,Cherapuram,9.820524,76.759918,semi-urban,168,2.64,False,2024,9,2024-09-01,23551.7,23551.7,241.3,139.36,0.0,False,0.852,0.5608,140.19,False,True,False
KL_0105,Kottayam,Changanassery,Cherapuram,9.820524,76.759918,semi-urban,168,2.64,False,2024,10,2024-10-01,34975.97,34975.97,215.9,214.0,0.0,False,0.77,0.8328,208.19,False,False,False
KL_0105,Kottayam,Changanassery,Cherapuram,9.820524,76.759918,semi-urban,168,2.64,False,2024,11,2024-11-01,21008.5,21008.5,227.4,123.99,0.0,False,0.934,0.5002,125.05,False,False,False
KL_0105,Kottayam,Changanassery,Cherapuram,9.820524,76.759918,semi-urban,168,2.64,False,2024,12,2024-12-01,16596.05,16596.05,227.1,105.06,0.0,False,0.792,0.3951,98.79,False,False,True
KL_0106,Wayanad,Meenangadi,Kizhakkavu,11.679503,75.988166,semi-urban,185,10.63,False,2023,1,2023-01-01,19736.09,19736.09,218.8,134.53,0.0,False,0.866,0.4267,106.68,False,False,True
KL_0106,Wayanad,Meenangadi,Kizhakkavu,11.679503,75.988166,semi-urban,185,10.63,False,2023,2,2023-02-01,21674.58,21674.58,226.6,134.85,0.0,False,0.772,0.4686,117.16,False,False,True
KL_0106,Wayanad,Meenangadi,Kizhakkavu,11.679503,75.988166,semi-urban,185,10.63,False,2023,3,2023-03-01,20885.69,20885.69,227.3,128.21,0.0,False,0.894,0.4516,112.9,True,False,False
KL_0106,Wayanad,Meenangadi,Kizhakkavu,11.679503,75.988166,semi-urban,185,10.63,False,2023,4,2023-04-01,40830.08,40830.08,222.7,277.43,0.0,False,0.904,0.8828,220.7,True,False,False
KL_0106,Wayanad,Meenangadi,Kizhakkavu,11.679503,75.988166,semi-urban,185,10.63,False,2023,5,2023-05-01,35907.64,35907.64,223.1,215.05,0.0,False,0.851,0.7764,194.1,True,False,False
KL_0106,Wayanad,Meenangadi,Kizhakkavu,11.679503,75.988166,semi-urban,185,10.63,False,2023,6,2023-06-01,18421.36,18421.36,231.7,102.48,0.0,False,0.847,0.3983,99.57,False,True,False
KL_0106,Wayanad,Meenangadi,Kizhakkavu,11.679503,75.988166,semi-urban,185,10.63,False,2023,7,2023-07-01,19292.86,19292.86,217.8,115.97,0.0,False,0.891,0.4171,104.29,False,True,False
KL_0106,Wayanad,Meenangadi,Kizhakkavu,11.679503,75.988166,semi-urban,185,10.63,False,2023,8,2023-08-01,23200.36,23200.36,231.5,150.83,0.0,False,0.82,0.5016,125.41,False,True,False
KL_0106,Wayanad,Meenangadi,Kizhakkavu,11.679503,75.988166,semi-urban,185,10.63,False,2023,9,2023-09-01,30516.74,30516.74,221.8,193.98,0.0,False,0.904,0.6598,164.96,False,True,False
KL_0106,Wayanad,Meenangadi,Kizhakkavu,11.679503,75.988166,semi-urban,185,10.63,False,2023,10,2023-10-01,26942.23,26942.23,208.1,181.13,0.0,False,0.865,0.5825,145.63,False,False,False
KL_0106,Wayanad,Meenangadi,Kizhakkavu,11.679503,75.988166,semi-urban,185,10.63,False,2023,11,2023-11-01,20331.19,20331.19,218.6,129.34,0.0,False,0.771,0.4396,109.9,False,False,False
KL_0106,Wayanad,Meenangadi,Kizhakkavu,11.679503,75.988166,semi-urban,185,10.63,False,2023,12,2023-12-01,20685.42,20685.42,223.2,137.74,0.0,False,0.942,0.4473,111.81,False,False,True
KL_0106,Wayanad,Meenangadi,Kizhakkavu,11.679503,75.988166,semi-urban,185,10.63,False,2024,1,2024-01-01,19034.66,19034.66,228.0,112.69,0.0,False,0.859,0.4116,102.89,False,False,True
KL_0106,Wayanad,Meenangadi,Kizhakkavu,11.679503,75.988166,semi-urban,185,10.63,False,2024,2,2024-02-01,24918.05,24918.05,225.0,155.65,0.0,False,0.833,0.5388,134.69,False,False,True
KL_0106,Wayanad,Meenangadi,Kizhakkavu,11.679503,75.988166,semi-urban,185,10.63,False,2024,3,2024-03-01,26111.07,26111.07,239.0,158.86,0.0,False,0.858,0.5646,141.14,True,False,False
KL_0106,Wayanad,Meenangadi,Kizhakkavu,11.679503,75.988166,semi-urban,185,10.63,False,2024,4,2024-04-01,33849.97,33849.97,219.6,230.8,0.0,False,0.814,0.7319,182.97,True,False,False
KL_0106,Wayanad,Meenangadi,Kizhakkavu,11.679503,75.988166,semi-urban,185,10.63,False,2024,5,2024-05-01,31983.13,31983.13,225.3,181.89,0.0,False,0.842,0.6915,172.88,True,False,False
KL_0106,Wayanad,Meenangadi,Kizhakkavu,11.679503,75.988166,semi-urban,185,10.63,False,2024,6,2024-06-01,23969.98,23969.98,228.1,136.98,0.0,False,0.889,0.5183,129.57,False,True,False
KL_0106,Wayanad,Meenangadi,Kizhakkavu,11.679503,75.988166,semi-urban,185,10.63,False,2024,7,2024-07-01,21036.43,21036.43,238.4,113.89,0.0,False,0.884,0.4548,113.71,False,True,False
KL_0106,Wayanad,Meenangadi,Kizhakkavu,11.679503,75.988166,semi-urban,185,10.63,False,2024,8,2024-08-01,36707.47,36707.47,222.3,246.56,0.0,False,0.881,0.7937,198.42,False,True,False
KL_0106,Wayanad,Meenangadi,Kizhakkavu,11.679503,75.988166,semi-urban,185,10.63,False,2024,9,2024-09-01,40191.11,40191.11,233.8,242.84,0.0,False,0.82,0.869,217.25,False,True,False
KL_0106,Wayanad,Meenangadi,Kizhakkavu,11.679503,75.988166,semi-urban,185,10.63,False,2024,10,2024-10-01,30177.72,30177.72,221.2,200.83,0.0,False,0.807,0.6525,163.12,False,False,False
KL_0106,Wayanad,Meenangadi,Kizhakkavu,11.679503,75.988166,semi-urban,185,10.63,False,2024,11,2024-11-01,29358.76,29358.76,226.3,192.16,0.0,False,0.869,0.6348,158.7,False,False,False
KL_0106,Wayanad,Meenangadi,Kizhakkavu,11.679503,75.988166,semi-urban,185,10.63,False,2024,12,2024-12-01,26767.92,26767.92,229.1,151.82,0.0,False,0.889,0.5788,144.69,False,False,True
KL_0107,Kottayam,Ettumanoor,Pettakavu,9.408563,76.589479,semi-urban,51,10.63,False,2023,1,2023-01-01,6267.87,6267.87,228.6,38.63,0.0,False,0.813,0.4916,122.9,False,False,True
KL_0107,Kottayam,Ettumanoor,Pettakavu,9.408563,76.589479,semi-urban,51,10.63,False,2023,2,2023-02-01,6327.97,6327.97,231.0,39.18,0.0,False,0.839,0.4963,124.08,False,False,True
KL_0107,Kottayam,Ettumanoor,Pettakavu,9.408563,76.589479,semi-urban,51,10.63,False,2023,3,2023-03-01,7507.7,7507.7,229.5,46.84,0.0,False,0.87,0.5888,147.21,True,False,False
KL_0107,Kottayam,Ettumanoor,Pettakavu,9.408563,76.589479,semi-urban,51,10.63,False,2023,4,2023-04-01,10145.03,10145.03,234.9,58.75,0.0,False,0.845,0.7957,198.92,True,False,False
KL_0107,Kottayam,Ettumanoor,Pettakavu,9.408563,76.589479,semi-urban,51,10.63,False,2023,5,2023-05-01,9202.35,9202.35,229.3,50.33,0.0,False,0.908,0.7218,180.44,True,False,False
KL_0107,Kottayam,Ettumanoor,Pettakavu,9.408563,76.589479,semi-urban,51,10.63,False,2023,6,2023-06-01,7861.87,7861.87,226.6,45.18,0.0,False,0.785,0.6166,154.15,False,True,False
KL_0107,Kottayam,Ettumanoor,Pettakavu,9.408563,76.589479,semi-urban,51,10.63,False,2023,7,2023-07-01,7529.52,7529.52,231.3,47.33,0.0,False,0.777,0.5906,147.64,False,True,False
KL_0107,Kottayam,Ettumanoor,Pettakavu,9.408563,76.589479,semi-urban,51,10.63,False,2023,8,2023-08-01,5582.77,5582.77,227.9,37.31,0.0,False,0.905,0.4379,109.47,False,True,False
KL_0107,Kottayam,Ettumanoor,Pettakavu,9.408563,76.589479,semi-urban,51,10.63,False,2023,9,2023-09-01,7093.23,7093.23,219.2,47.27,0.0,False,0.881,0.5563,139.08,False,True,False
KL_0107,Kottayam,Ettumanoor,Pettakavu,9.408563,76.589479,semi-urban,51,10.63,False,2023,10,2023-10-01,5673.81,5673.81,226.8,36.61,0.0,False,0.855,0.445,111.25,False,False,False
KL_0107,Kottayam,Ettumanoor,Pettakavu,9.408563,76.589479,semi-urban,51,10.63,False,2023,11,2023-11-01,7836.83,7836.83,219.5,51.25,0.0,False,0.833,0.6147,153.66,False,False,False
KL_0107,Kottayam,Ettumanoor,Pettakavu,9.408563,76.589479,semi-urban,51,10.63,False,2023,12,2023-12-01,7092.65,7092.65,229.0,45.76,0.0,False,0.874,0.5563,139.07,False,False,True
KL_0107,Kottayam,Ettumanoor,Pettakavu,9.408563,76.589479,semi-urban,51,10.63,False,2024,1,2024-01-01,4873.44,4873.44,238.9,27.11,0.0,False,0.859,0.3822,95.56,False,False,True
KL_0107,Kottayam,Ettumanoor,Pettakavu,9.408563,76.589479,semi-urban,51,10.63,False,2024,2,2024-02-01,5946.38,5946.38,229.4,38.6,0.0,False,0.865,0.4664,116.6,False,False,True
KL_0107,Kottayam,Ettumanoor,Pettakavu,9.408563,76.589479,semi-urban,51,10.63,False,2024,3,2024-03-01,8633.99,8633.99,231.3,51.49,0.0,False,0.847,0.6772,169.29,True,False,False
KL_0107,Kottayam,Ettumanoor,Pettakavu,9.408563,76.589479,semi-urban,51,10.63,False,2024,4,2024-04-01,8333.3,8333.3,228.9,47.6,0.0,False,0.877,0.6536,163.4,True,False,False
KL_0107,Kottayam,Ettumanoor,Pettakavu,9.408563,76.589479,semi-urban,51,10.63,False,2024,5,2024-05-01,4859.13,4859.13,203.8,30.97,0.0,False,0.896,0.3811,95.28,True,False,False
KL_0107,Kottayam,Ettumanoor,Pettakavu,9.408563,76.589479,semi-urban,51,10.63,False,2024,6,2024-06-01,11468.45,11468.45,231.3,62.61,0.0,False,0.895,0.8995,224.87,False,True,False
KL_0107,Kottayam,Ettumanoor,Pettakavu,9.408563,76.589479,semi-urban,51,10.63,False,2024,7,2024-07-01,6506.93,6506.93,247.4,34.55,0.0,False,0.873,0.5103,127.59,False,True,False
KL_0107,Kottayam,Ettumanoor,Pettakavu,9.408563,76.589479,semi-urban,51,10.63,False,2024,8,2024-08-01,4290.72,4290.72,228.3,25.79,0.0,False,0.85,0.3365,84.13,False,True,False
KL_0107,Kottayam,Ettumanoor,Pettakavu,9.408563,76.589479,semi-urban,51,10.63,False,2024,9,2024-09-01,6282.12,6282.12,218.8,38.82,0.0,False,0.872,0.4927,123.18,False,True,False
KL_0107,Kottayam,Ettumanoor,Pettakavu,9.408563,76.589479,semi-urban,51,10.63,False,2024,10,2024-10-01,7044.99,7044.99,210.0,51.04,0.0,False,0.91,0.5525,138.14,False,False,False
KL_0107,Kottayam,Ettumanoor,Pettakavu,9.408563,76.589479,semi-urban,51,10.63,False,2024,11,2024-11-01,2309.73,2309.73,242.2,14.53,0.0,False,0.842,0.1812,45.29,False,False,False
KL_0107,Kottayam,Ettumanoor,Pettakavu,9.408563,76.589479,semi-urban,51,10.63,False,2024,12,2024-12-01,7291.41,7291.41,234.1,47.12,0.0,False,0.836,0.5719,142.97,False,False,True
KL_0108,Ernakulam,Perumbavoor,Manathara,10.074238,76.538374,rural,82,22.41,True,2023,1,2023-01-01,7324.0,7324.0,224.0,42.38,0.0,False,0.875,0.3573,89.32,False,False,True
KL_0108,Ernakulam,Perumbavoor,Manathara,10.074238,76.538374,rural,82,22.41,True,2023,2,2023-02-01,9963.73,9963.73,224.9,59.52,0.0,False,0.887,0.486,121.51,False,False,True
KL_0108,Ernakulam,Perumbavoor,Manathara,10.074238,76.538374,rural,82,22.41,True,2023,3,2023-03-01,9095.92,9095.92,234.5,55.02,0.0,False,0.845,0.4437,110.93,True,False,False
KL_0108,Ernakulam,Perumbavoor,Manathara,10.074238,76.538374,rural,82,22.41,True,2023,4,2023-04-01,5363.81,5363.81,221.8,30.32,0.0,False,0.873,0.2616,65.41,True,False,False
KL_0108,Ernakulam,Perumbavoor,Manathara,10.074238,76.538374,rural,82,22.41,True,2023,5,2023-05-01,11049.53,11049.53,232.0,72.62,0.0,False,0.808,0.539,134.75,True,False,False
KL_0108,Ernakulam,Perumbavoor,Manathara,10.074238,76.538374,rural,82,22.41,True,2023,6,2023-06-01,5863.16,5863.16,227.8,36.23,0.0,False,0.849,0.286,71.5,False,True,False
KL_0108,Ernakulam,Perumbavoor,Manathara,10.074238,76.538374,rural,82,22.41,True,2023,7,2023-07-01,5701.98,5701.98,240.0,30.99,0.0,False,0.928,0.2781,69.54,False,True,False
KL_0108,Ernakulam,Perumbavoor,Manathara,10.074238,76.538374,rural,82,22.41,True,2023,8,2023-08-01,6900.6,6900.6,229.8,39.71,0.0,False,0.88,0.3366,84.15,False,True,False
KL_0108,Ernakulam,Perumbavoor,Manathara,10.074238,76.538374,rural,82,22.41,True,2023,9,2023-09-01,7068.9,7068.9,227.5,46.61,0.0,False,0.818,0.3448,86.21,False,True,False
KL_0108,Ernakulam,Perumbavoor,Manathara,10.074238,76.538374,rural,82,22.41,True,2023,10,2023-10-01,9708.58,9708.58,219.4,62.74,0.0,False,0.824,0.4736,118.4,False,False,False
KL_0108,Ernakulam,Perumbavoor,Manathara,10.074238,76.538374,rural,82,22.41,True,2023,11,2023-11-01,6369.11,6369.11,216.3,42.52,0.0,False,0.788,0.3107,77.67,False,False,False
KL_0108,Ernakulam,Perumbavoor,Manathara,10.074238,76.538374,rural,82,22.41,True,2023,12,2023-12-01,7907.85,7907.85,228.2,47.4,0.0,False,0.931,0.3857,96.44,False,False,True
KL_0108,Ernakulam,Perumbavoor,Manathara,10.074238,76.538374,rural,82,22.41,True,2024,1,2024-01-01,12875.21,12875.21,225.4,74.36,0.0,False,0.8,0.6281,157.01,False,False,True
KL_0108,Ernakulam,Perumbavoor,Manathara,10.074238,76.538374,rural,82,22.41,True,2024,2,2024-02-01,5035.24,5035.24,234.8,27.62,0.0,False,0.724,0.2456,61.41,False,False,True
KL_0108,Ernakulam,Perumbavoor,Manathara,10.074238,76.538374,rural,82,22.41,True,2024,3,2024-03-01,2234.68,2234.68,211.6,13.73,0.0,False,0.78,0.109,27.25,True,False,False
KL_0108,Ernakulam,Perumbavoor,Manathara,10.074238,76.538374,rural,82,22.41,True,2024,4,2024-04-01,8309.68,8309.68,232.6,48.53,0.0,False,0.853,0.4054,101.34,True,False,False
KL_0108,Ernakulam,Perumbavoor,Manathara,10.074238,76.538374,rural,82,22.41,True,2024,5,2024-05-01,9548.13,9548.13,235.2,51.88,0.0,False,0.814,0.4658,116.44,True,False,False
KL_0108,Ernakulam,Perumbavoor,Manathara,10.074238,76.538374,rural,82,22.41,True,2024,6,2024-06-01,7094.27,7094.27,229.5,42.72,0.0,False,0.856,0.3461,86.52,False,True,False
KL_0108,Ernakulam,Perumbavoor,Manathara,10.074238,76.538374,rural,82,22.41,True,2024,7,2024-07-01,6310.64,6310.64,214.0,39.7,0.0,False,0.867,0.3078,76.96,False,True,False
KL_0108,Ernakulam,Perumbavoor,Manathara,10.074238,76.538374,rural,82,22.41,True,2024,8,2024-08-01,4541.09,4541.09,234.0,26.26,0.0,False,0.819,0.2215,55.38,False,True,False
KL_0108,Ernakulam,Perumbavoor,Manathara,10.074238,76.538374,rural,82,22.41,True,2024,9,2024-09-01,6455.46,6455.46,223.7,38.3,0.0,False,0.804,0.3149,78.73,False,True,False
KL_0108,Ernakulam,Perumbavoor,Manathara,10.074238,76.538374,rural,82,22.41,True,2024,10,2024-10-01,9578.05,9578.05,227.2,63.97,0.0,False,0.896,0.4672,116.81,False,False,False
KL_0108,Ernakulam,Perumbavoor,Manathara,10.074238,76.538374,rural,82,22.41,True,2024,11,2024-11-01,9284.64,9284.64,232.4,57.73,0.0,False,0.865,0.4529,113.23,False,False,False
KL_0108,Ernakulam,Perumbavoor,Manathara,10.074238,76.538374,rural,82,22.41,True,2024,12,2024-12-01,4502.13,4502.13,220.1,28.33,0.0,False,0.716,0.2196,54.9,False,False,True
KL_0109,Kasaragod,Manjeshwar,Kodupuram,12.566374,74.983744,rural,57,23.3,False,2023,1,2023-01-01,2578.68,2578.68,236.4,14.69,0.0,False,0.773,0.181,45.24,False,False,True
KL_0109,Kasaragod,Manjeshwar,Kodupuram,12.566374,74.983744,rural,57,23.3,False,2023,2,2023-02-01,4174.58,4174.58,232.7,26.23,0.0,False,0.76,0.293,73.24,False,False,True
KL_0109,Kasaragod,Manjeshwar,Kodupuram,12.566374,74.983744,rural,57,23.3,False,2023,3,2023-03-01,4565.15,4565.15,239.4,28.64,0.0,False,0.842,0.3204,80.09,True,False,False
KL_0109,Kasaragod,Manjeshwar,Kodupuram,12.566374,74.983744,rural,57,23.3,False,2023,4,2023-04-01,7610.29,7610.29,229.2,48.85,0.0,False,0.86,0.5341,133.51,True,False,False
KL_0109,Kasaragod,Manjeshwar,Kodupuram,12.566374,74.983744,rural,57,23.3,False,2023,5,2023-05-01,6904.9,6904.9,220.7,46.09,0.0,False,0.841,0.4846,121.14,True,False,False
KL_0109,Kasaragod,Manjeshwar,Kodupuram,12.566374,74.983744,rural,57,23.3,False,2023,6,2023-06-01,4702.1,4702.1,249.4,23.85,0.0,False,0.819,0.33,82.49,False,True,False
KL_0109,Kasaragod,Manjeshwar,Kodupuram,12.566374,74.983744,rural,57,23.3,False,2023,7,2023-07-01,6428.86,6428.86,240.5,37.75,0.0,False,0.901,0.4511,112.79,False,True,False
KL_0109,Kasaragod,Manjeshwar,Kodupuram,12.566374,74.983744,rural,57,23.3,False,2023,8,2023-08-01,5667.37,5667.37,235.9,31.11,0.0,False,0.866,0.3977,99.43,False,True,False
KL_0109,Kasaragod,Manjeshwar,Kodupuram,12.566374,74.983744,rural,57,23.3,False,2023,9,2023-09-01,4099.1,4099.1,230.9,26.73,0.0,False,0.804,0.2877,71.91,False,True,False
KL_0109,Kasaragod,Manjeshwar,Kodupuram,12.566374,74.983744,rural,57,23.3,False,2023,10,2023-10-01,7444.92,7444.92,224.4,48.09,0.0,False,0.808,0.5225,130.61,False,False,False
KL_0109,Kasaragod,Manjeshwar,Kodupuram,12.566374,74.983744,rural,57,23.3,False,2023,11,2023-11-01,6538.54,6538.54,216.9,37.71,0.0,False,0.812,0.4588,114.71,False,False,False
KL_0109,Kasaragod,Manjeshwar,Kodupuram,12.566374,74.983744,rural,57,23.3,False,2023,12,2023-12-01,4236.42,4236.42,208.7,30.41,0.0,False,0.833,0.2973,74.32,False,False,True
KL_0109,Kasaragod,Manjeshwar,Kodupuram,12.566374,74.983744,rural,57,23.3,False,2024,1,2024-01-01,4894.2,4894.2,220.8,33.31,0.0,False,0.852,0.3435,85.86,False,False,True
KL_0109,Kasaragod,Manjeshwar,Kodupuram,12.566374,74.983744,rural,57,23.3,False,2024,2,2024-02-01,7993.07,7993.07,221.4,53.76,0.0,False,0.871,0.5609,140.23,False,False,True
KL_0109,Kasaragod,Manjeshwar,Kodupuram,12.566374,74.983744,rural,57,23.3,False,2024,3,2024-03-01,6489.39,6489.39,227.1,42.15,0.0,False,0.809,0.4554,113.85,True,False,False
KL_0109,Kasaragod,Manjeshwar,Kodupuram,12.566374,74.983744,rural,57,23.3,False,2024,4,2024-04-01,5669.99,5669.99,222.4,36.5,0.0,False,0.782,0.3979,99.47,True,False,False
KL_0109,Kasaragod,Manjeshwar,Kodupuram,12.566374,74.983744,rural,57,23.3,False,2024,5,2024-05-01,5610.66,5610.66,239.7,35.6,0.0,False,0.87,0.3937,98.43,True,False,False
KL_0109,Kasaragod,Manjeshwar,Kodupuram,12.566374,74.983744,rural,57,23.3,False,2024,6,2024-06-01,4595.23,4595.23,234.8,27.19,0.0,False,0.891,0.3225,80.62,False,True,False
KL_0109,Kasaragod,Manjeshwar,Kodupuram,12.566374,74.983744,rural,57,23.3,False,2024,7,2024-07-01,5968.36,5968.36,219.2,36.35,0.0,False,0.936,0.4188,104.71,False,True,False
KL_0109,Kasaragod,Manjeshwar,Kodupuram,12.566374,74.983744,rural,57,23.3,False,2024,8,2024-08-01,3663.07,3663.07,226.7,20.92,0.0,False,0.87,0.2571,64.26,False,True,False
KL_0109,Kasaragod,Manjeshwar,Kodupuram,12.566374,74.983744,rural,57,23.3,False,2024,9,2024-09-01,2790.61,2790.61,233.5,17.32,0.0,False,0.814,0.1958,48.96,False,True,False
KL_0109,Kasaragod,Manjeshwar,Kodupuram,12.566374,74.983744,rural,57,23.3,False,2024,10,2024-10-01,5767.66,5767.66,221.5,36.08,0.0,False,0.881,0.4047,101.19,False,False,False
KL_0109,Kasaragod,Manjeshwar,Kodupuram,12.566374,74.983744,rural,57,23.3,False,2024,11,2024-11-01,2826.34,2826.34,222.7,17.59,0.0,False,0.842,0.1983,49.58,False,False,False
KL_0109,Kasaragod,Manjeshwar,Kodupuram,12.566374,74.983744,rural,57,23.3,False,2024,12,2024-12-01,5652.2,5652.2,222.1,38.39,0.0,False,0.783,0.3966,99.16,False,False,True
KL_0110,Kottayam,Ettumanoor,Vellipara,9.60887,76.589982,semi-urban,35,11.04,False,2023,1,2023-01-01,3751.98,3751.98,224.2,22.73,0.0,False,0.848,0.4288,107.2,False,False,True
KL_0110,Kottayam,Ettumanoor,Vellipara,9.60887,76.589982,semi-urban,35,11.04,False,2023,2,2023-02-01,3539.44,3539.44,219.0,22.95,0.0,False,0.864,0.4045,101.13,False,False,True
KL_0110,Kottayam,Ettumanoor,Vellipara,9.60887,76.589982,semi-urban,35,11.04,False,2023,3,2023-03-01,4564.45,4564.45,209.9,31.71,0.0,False,0.922,0.5217,130.41,True,False,False
KL_0110,Kottayam,Ettumanoor,Vellipara,9.60887,76.589982,semi-urban,35,11.04,False,2023,4,2023-04-01,4614.27,4614.27,218.7,26.68,0.0,False,0.854,0.5273,131.84,True,False,False
KL_0110,Kottayam,Ettumanoor,Vellipara,9.60887,76.589982,semi-urban,35,11.04,False,2023,5,2023-05-01,4513.24,4513.24,229.7,27.02,0.0,False,0.809,0.5158,128.95,True,False,False
KL_0110,Kottayam,Ettumanoor,Vellipara,9.60887,76.589982,semi-urban,35,11.04,False,2023,6,2023-06-01,6791.63,6791.63,209.3,47.01,0.0,False,0.756,0.7762,194.05,False,True,False
KL_0110,Kottayam,Ettumanoor,Vellipara,9.60887,76.589982,semi-urban,35,11.04,False,2023,7,2023-07-01,5549.25,5549.25,220.6,37.01,0.0,False,0.789,0.6342,158.55,False,True,False
KL_0110,Kottayam,Ettumanoor,Vellipara,9.60887,76.589982,semi-urban,35,11.04,False,2023,8,2023-08-01,5052.94,5052.94,235.8,29.67,0.0,False,0.801,0.5775,144.37,False,True,False
KL_0110,Kottayam,Ettumanoor,Vellipara,9.60887,76.589982,semi-urban,35,11.04,False,2023,9,2023-09-01,6220.41,6220.41,219.3,40.03,0.0,False,0.933,0.7109,177.73,False,True,False
KL_0110,Kottayam,Ettumanoor,Vellipara,9.60887,76.589982,semi-urban,35,11.04,False,2023,10,2023-10-01,3945.87,3945.87,227.1,26.43,0.0,False,0.84,0.451,112.74,False,False,False
KL_0110,Kottayam,Ettumanoor,Vellipara,9.60887,76.589982,semi-urban,35,11.04,False,2023,11,2023-11-01,5481.7,5481.7,223.4,32.91,0.0,False,0.846,0.6265,156.62,False,False,False
KL_0110,Kottayam,Ettumanoor,Vellipara,9.60887,76.589982,semi-urban,35,11.04,False,2023,12,2023-12-01,5770.52,5770.52,236.1,37.32,0.0,False,0.905,0.6595,164.87,False,False,True
KL_0110,Kottayam,Ettumanoor,Vellipara,9.60887,76.589982,semi-urban,35,11.04,False,2024,1,2024-01-01,5388.09,5388.09,224.8,35.37,0.0,False,0.88,0.6158,153.95,False,False,True
KL_0110,Kottayam,Ettumanoor,Vellipara,9.60887,76.589982,semi-urban,35,11.04,False,2024,2,2024-02-01,3815.41,3815.41,232.0,24.73,0.0,False,0.837,0.436,109.01,False,False,True
KL_0110,Kottayam,Ettumanoor,Vellipara,9.60887,76.589982,semi-urban,35,11.04,False,2024,3,2024-03-01,5844.74,5844.74,215.2,41.26,0.0,False,0.907,0.668,166.99,True,False,False
KL_0110,Kottayam,Ettumanoor,Vellipara,9.60887,76.589982,semi-urban,35,11.04,False,2024,4,2024-04-01,4096.91,4096.91,222.2,27.16,0.0,False,0.816,0.4682,117.05,True,False,False
KL_0110,Kottayam,Ettumanoor,Vellipara,9.60887,76.589982,semi-urban,35,11.04,False,2024,5,2024-05-01,2511.45,2511.45,239.8,14.9,0.0,False,0.864,0.287,71.76,True,False,False
KL_0110,Kottayam,Ettumanoor,Vellipara,9.60887,76.589982,semi-urban,35,11.04,False,2024,6,2024-06-01,4592.35,4592.35,215.1,30.94,0.0,False,0.787,0.5248,131.21,False,True,False
KL_0110,Kottayam,Ettumanoor,Vellipara,9.60887,76.589982,semi-urban,35,11.04,False,2024,7,2024-07-01,5149.94,5149.94,225.2,28.68,0.0,False,0.863,0.5886,147.14,False,True,False
KL_0110,Kottayam,Ettumanoor,Vellipara,9.60887,76.589982,semi-urban,35,11.04,False,2024,8,2024-08-01,2299.66,2299.66,233.1,13.53,0.0,False,0.901,0.2628,65.7,False,True,False
KL_0110,Kottayam,Ettumanoor,Vellipara,9.60887,76.589982,semi-urban,35,11.04,False,2024,9,2024-09-01,4566.57,4566.57,219.4,28.09,0.0,False,0.894,0.5219,130.47,False,True,False
KL_0110,Kottayam,Ettumanoor,Vellipara,9.60887,76.589982,semi-urban,35,11.04,False,2024,10,2024-10-01,4913.26,4913.26,225.3,29.57,0.0,False,0.895,0.5615,140.38,False,False,False
KL_0110,Kottayam,Ettumanoor,Vellipara,9.60887,76.589982,semi-urban,35,11.04,False,2024,11,2024-11-01,3899.17,3899.17,236.5,21.33,0.0,False,0.994,0.4456,111.4,False,False,False
KL_0110,Kottayam,Ettumanoor,Vellipara,9.60887,76.589982,semi-urban,35,11.04,False,2024,12,2024-12-01,4552.46,4552.46,212.8,28.42,0.0,False,0.837,0.5203,130.07,False,False,True
KL_0111,Kottayam,Changanassery,Kodukunnu,9.50999,76.540121,rural,25,21.32,False,2023,1,2023-01-01,645.09,645.09,219.8,4.43,0.0,False,0.805,0.1032,25.8,False,False,True
KL_0111,Kottayam,Changanassery,Kodukunnu,9.50999,76.540121,rural,25,21.32,False,2023,2,2023-02-01,613.96,613.96,222.9,3.45,0.0,False,0.873,0.0982,24.56,False,False,True
KL_0111,Kottayam,Changanassery,Kodukunnu,9.50999,76.540121,rural,25,21.32,False,2023,3,2023-03-01,1974.49,1974.49,225.9,12.5,0.0,False,0.806,0.3159,78.98,True,False,False
KL_0111,Kottayam,Changanassery,Kodukunnu,9.50999,76.540121,rural,25,21.32,False,2023,4,2023-04-01,1713.86,1713.86,234.2,10.32,0.0,False,0.793,0.2742,68.55,True,False,False
KL_0111,Kottayam,Changanassery,Kodukunnu,9.50999,76.540121,rural,25,21.32,False,2023,5,2023-05-01,2840.43,2840.43,223.4,18.04,0.0,False,0.837,0.4545,113.62,True,False,False
KL_0111,Kottayam,Changanassery,Kodukunnu,9.50999,76.540121,rural,25,21.32,False,2023,6,2023-06-01,2340.23,2340.23,206.4,15.06,0.0,False,0.949,0.3744,93.61,False,True,False
KL_0111,Kottayam,Changanassery,Kodukunnu,9.50999,76.540121,rural,25,21.32,False,2023,7,2023-07-01,2301.43,2301.43,248.8,13.88,0.0,False,0.884,0.3682,92.06,False,True,False
KL_0111,Kottayam,Changanassery,Kodukunnu,9.50999,76.540121,rural,25,21.32,False,2023,8,2023-08-01,1520.84,1520.84,233.8,9.67,0.0,False,0.869,0.2433,60.83,False,True,False
KL_0111,Kottayam,Changanassery,Kodukunnu,9.50999,76.540121,rural,25,21.32,False,2023,9,2023-09-01,2366.02,2366.02,233.3,14.31,0.0,False,0.766,0.3786,94.64,False,True,False
KL_0111,Kottayam,Changanassery,Kodukunnu,9.50999,76.540121,rural,25,21.32,False,2023,10,2023-10-01,2290.95,2290.95,230.7,15.08,0.0,False,0.819,0.3666,91.64,False,False,False
KL_0111,Kottayam,Changanassery,Kodukunnu,9.50999,76.540121,rural,25,21.32,False,2023,11,2023-11-01,3106.0,3106.0,232.0,19.77,0.0,False,0.922,0.497,124.24,False,False,False
KL_0111,Kottayam,Changanassery,Kodukunnu,9.50999,76.540121,rural,25,21.32,False,2023,12,2023-12-01,1261.17,1261.17,224.5,7.64,0.0,False,0.837,0.2018,50.45,False,False,True
KL_0111,Kottayam,Changanassery,Kodukunnu,9.50999,76.540121,rural,25,21.32,False,2024,1,2024-01-01,2582.54,2582.54,235.4,15.77,0.0,False,0.96,0.4132,103.3,False,False,True
KL_0111,Kottayam,Changanassery,Kodukunnu,9.50999,76.540121,rural,25,21.32,False,2024,2,2024-02-01,2350.16,2350.16,245.3,14.57,0.0,False,0.872,0.376,94.01,False,False,True
KL_0111,Kottayam,Changanassery,Kodukunnu,9.50999,76.540121,rural,25,21.32,False,2024,3,2024-03-01,1845.71,1845.71,231.5,10.77,0.0,False,0.842,0.2953,73.83,True,False,False
KL_0111,Kottayam,Changanassery,Kodukunnu,9.50999,76.540121,rural,25,21.32,False,2024,4,2024-04-01,3403.32,3403.32,231.2,19.89,0.0,False,0.834,0.5445,136.13,True,False,False
KL_0111,Kottayam,Changanassery,Kodukunnu,9.50999,76.540121,rural,25,21.32,False,2024,5,2024-05-01,3282.35,3282.35,226.5,19.95,0.0,False,0.847,0.5252,131.29,True,False,False
KL_0111,Kottayam,Changanassery,Kodukunnu,9.50999,76.540121,rural,25,21.32,False,2024,6,2024-06-01,1940.86,1940.86,225.3,12.48,0.0,False,0.777,0.3105,77.63,False,True,False
KL_0111,Kottayam,Changanassery,Kodukunnu,9.50999,76.540121,rural,25,21.32,False,2024,7,2024-07-01,2985.11,2985.11,219.4,19.32,0.0,False,0.899,0.4776,119.4,False,True,False
KL_0111,Kottayam,Changanassery,Kodukunnu,9.50999,76.540121,rural,25,21.32,False,2024,8,2024-08-01,1292.72,1292.72,234.8,7.22,0.0,False,0.872,0.2068,51.71,False,True,False
KL_0111,Kottayam,Changanassery,Kodukunnu,9.50999,76.540121,rural,25,21.32,False,2024,9,2024-09-01,2792.75,2792.75,231.6,16.25,0.0,False,0.837,0.4468,111.71,False,True,False
KL_0111,Kottayam,Changanassery,Kodukunnu,9.50999,76.540121,rural,25,21.32,False,2024,10,2024-10-01,3436.13,3436.13,221.1,22.14,0.0,False,0.844,0.5498,137.45,False,False,False
KL_0111,Kottayam,Changanassery,Kodukunnu,9.50999,76.540121,rural,25,21.32,False,2024,11,2024-11-01,1248.85,1248.85,241.2,7.27,0.0,False,0.89,0.1998,49.95,False,False,False
KL_0111,Kottayam,Changanassery,Kodukunnu,9.50999,76.540121,rural,25,21.32,False,2024,12,2024-12-01,1116.33,1116.33,227.3,6.58,0.0,False,0.951,0.1786,44.65,False,False,True
KL_0112,Kollam,Karunagappally,Nallakunnu,8.841086,76.766229,rural,142,18.31,False,2023,1,2023-01-01,11994.14,11994.14,211.7,81.49,0.0,False,0.927,0.3379,84.47,False,False,True
KL_0112,Kollam,Karunagappally,Nallakunnu,8.841086,76.766229,rural,142,18.31,False,2023,2,2023-02-01,13738.05,13738.05,233.0,84.95,0.0,False,0.859,0.387,96.75,False,False,True
KL_0112,Kollam,Karunagappally,Nallakunnu,8.841086,76.766229,rural,142,18.31,False,2023,3,2023-03-01,10000.29,10000.29,218.3,61.16,0.0,False,0.809,0.2817,70.42,True,False,False
KL_0112,Kollam,Karunagappally,Nallakunnu,8.841086,76.766229,rural,142,18.31,False,2023,4,2023-04-01,14047.32,14047.32,217.2,91.04,0.0,False,0.773,0.3957,98.92,True,False,False
KL_0112,Kollam,Karunagappally,Nallakunnu,8.841086,76.766229,rural,142,18.31,False,2023,5,2023-05-01,19970.42,19970.42,227.4,119.51,0.0,False,0.856,0.5625,140.64,True,False,False
KL_0112,Kollam,Karunagappally,Nallakunnu,8.841086,76.766229,rural,142,18.31,False,2023,6,2023-06-01,7653.89,7653.89,216.2,50.64,0.0,False,0.811,0.2156,53.9,False,True,False
KL_0112,Kollam,Karunagappally,Nallakunnu,8.841086,76.766229,rural,142,18.31,False,2023,7,2023-07-01,16400.45,16400.45,236.0,93.85,0.0,False,0.858,0.462,115.5,False,True,False
KL_0112,Kollam,Karunagappally,Nallakunnu,8.841086,76.766229,rural,142,18.31,False,2023,8,2023-08-01,14304.24,14304.24,234.0,91.36,0.0,False,0.865,0.4029,100.73,False,True,False
KL_0112,Kollam,Karunagappally,Nallakunnu,8.841086,76.766229,rural,142,18.31,False,2023,9,2023-09-01,8309.94,8309.94,216.0,50.73,0.0,False,0.886,0.2341,58.52,False,True,False
KL_0112,Kollam,Karunagappally,Nallakunnu,8.841086,76.766229,rural,142,18.31,False,2023,10,2023-10-01,10836.78,10836.78,225.1,72.4,0.0,False,0.791,0.3053,76.32,False,False,False
KL_0112,Kollam,Karunagappally,Nallakunnu,8.841086,76.766229,rural,142,18.31,False,2023,11,2023-11-01,15482.31,15482.31,231.3,88.69,0.0,False,0.806,0.4361,109.03,False,False,False
KL_0112,Kollam,Karunagappally,Nallakunnu,8.841086,76.766229,rural,142,18.31,False,2023,12,2023-12-01,6945.66,6945.66,242.5,41.79,0.0,False,0.834,0.1957,48.91,False,False,True
KL_0112,Kollam,Karunagappally,Nallakunnu,8.841086,76.766229,rural,142,18.31,False,2024,1,2024-01-01,8090.74,8090.74,232.9,52.63,0.0,False,0.863,0.2279,56.98,False,False,True
KL_0112,Kollam,Karunagappally,Nallakunnu,8.841086,76.766229,rural,142,18.31,False,2024,2,2024-02-01,9958.47,9958.47,231.7,58.62,0.0,False,0.86,0.2805,70.13,False,False,True
KL_0112,Kollam,Karunagappally,Nallakunnu,8.841086,76.766229,rural,142,18.31,False,2024,3,2024-03-01,8419.77,8419.77,220.3,54.06,0.0,False,0.979,0.2372,59.29,True,False,False
KL_0112,Kollam,Karunagappally,Nallakunnu,8.841086,76.766229,rural,142,18.31,False,2024,4,2024-04-01,18329.22,18329.22,224.9,117.88,0.0,False,0.737,0.5163,129.08,True,False,False
KL_0112,Kollam,Karunagappally,Nallakunnu,8.841086,76.766229,rural,142,18.31,False,2024,5,2024-05-01,13788.86,13788.86,234.5,75.89,0.0,False,0.906,0.3884,97.1,True,False,False
KL_0112,Kollam,Karunagappally,Nallakunnu,8.841086,76.766229,rural,142,18.31,False,2024,6,2024-06-01,11106.82,11106.82,228.9,70.44,0.0,False,0.903,0.3129,78.22,False,True,False
KL_0112,Kollam,Karunagappally,Nallakunnu,8.841086,76.766229,rural,142,18.31,False,2024,7,2024-07-01,18742.17,18742.17,235.1,121.09,0.0,False,0.804,0.5279,131.99,False,True,False
KL_0112,Kollam,Karunagappally,Nallakunnu,8.841086,76.766229,rural,142,18.31,False,2024,8,2024-08-01,9366.07,9366.07,221.4,55.87,0.0,False,0.826,0.2638,65.96,False,True,False
KL_0112,Kollam,Karunagappally,Nallakunnu,8.841086,76.766229,rural,142,18.31,False,2024,9,2024-09-01,18350.77,18350.77,227.7,102.44,0.0,False,0.938,0.5169,129.23,False,True,False
KL_0112,Kollam,Karunagappally,Nallakunnu,8.841086,76.766229,rural,142,18.31,False,2024,10,2024-10-01,12075.91,12075.91,237.0,67.63,0.0,False,0.819,0.3402,85.04,False,False,False
KL_0112,Kollam,Karunagappally,Nallakunnu,8.841086,76.766229,rural,142,18.31,False,2024,11,2024-11-01,14254.16,14254.16,221.7,92.88,0.0,False,0.82,0.4015,100.38,False,False,False
KL_0112,Kollam,Karunagappally,Nallakunnu,8.841086,76.766229,rural,142,18.31,False,2024,12,2024-12-01,10811.5,10811.5,225.3,64.71,0.0,False,0.856,0.3045,76.14,False,False,True
KL_0113,Kasaragod,Kanhangad,Padamkunnu,12.498818,75.200302,rural,52,18.71,False,2023,1,2023-01-01,3346.6,3346.6,223.4,18.76,0.0,False,0.876,0.2574,64.36,False,False,True
KL_0113,Kasaragod,Kanhangad,Padamkunnu,12.498818,75.200302,rural,52,18.71,False,2023,2,2023-02-01,3382.03,3382.03,229.7,20.46,0.0,False,0.9,0.2602,65.04,False,False,True
KL_0113,Kasaragod,Kanhangad,Padamkunnu,12.498818,75.200302,rural,52,18.71,False,2023,3,2023-03-01,2743.27,2743.27,233.0,16.27,0.0,False,0.902,0.211,52.76,True,False,False
KL_0113,Kasaragod,Kanhangad,Padamkunnu,12.498818,75.200302,rural,52,18.71,False,2023,4,2023-04-01,8229.58,8229.58,232.6,45.8,0.0,False,0.889,0.633,158.26,True,False,False
KL_0113,Kasaragod,Kanhangad,Padamkunnu,12.498818,75.200302,rural,52,18.71,False,2023,5,2023-05-01,7466.78,7466.78,233.0,47.6,0.0,False,0.755,0.5744,143.59,True,False,False
KL_0113,Kasaragod,Kanhangad,Padamkunnu,12.498818,75.200302,rural,52,18.71,False,2023,6,2023-06-01,5901.36,5901.36,240.6,31.29,0.0,False,0.848,0.454,113.49,False,True,False
KL_0113,Kasaragod,Kanhangad,Padamkunnu,12.498818,75.200302,rural,52,18.71,False,2023,7,2023-07-01,5201.62,5201.62,240.7,28.57,0.0,False,0.883,0.4001,100.03,False,True,False
KL_0113,Kasaragod,Kanhangad,Padamkunnu,12.498818,75.200302,rural,52,18.71,False,2023,8,2023-08-01,3708.98,3708.98,205.2,24.05,0.0,False,0.884,0.2853,71.33,False,True,False
KL_0113,Kasaragod,Kanhangad,Padamkunnu,12.498818,75.200302,rural,52,18.71,False,2023,9,2023-09-01,2090.61,2090.61,232.1,12.83,0.0,False,0.815,0.1608,40.2,False,True,False
KL_0113,Kasaragod,Kanhangad,Padamkunnu,12.498818,75.200302,rural,52,18.71,False,2023,10,2023-10-01,2700.97,2700.97,219.9,17.96,0.0,False,0.799,0.2078,51.94,False,False,False
KL_0113,Kasaragod,Kanhangad,Padamkunnu,12.498818,75.200302,rural,52,18.71,False,2023,11,2023-11-01,6155.43,6155.43,221.8,40.06,0.0,False,0.795,0.4735,118.37,False,False,False
KL_0113,Kasaragod,Kanhangad,Padamkunnu,12.498818,75.200302,rural,52,18.71,False,2023,12,2023-12-01,5316.91,5316.91,229.8,33.38,0.0,False,0.873,0.409,102.25,False,False,True
KL_0113,Kasaragod,Kanhangad,Padamkunnu,12.498818,75.200302,rural,52,18.71,False,2024,1,2024-01-01,3599.09,3599.09,241.4,21.57,0.0,False,0.9,0.2769,69.21,False,False,True
KL_0113,Kasaragod,Kanhangad,Padamkunnu,12.498818,75.200302,rural,52,18.71,False,2024,2,2024-02-01,3574.93,3574.93,231.8,22.21,0.0,False,0.857,0.275,68.75,False,False,True
KL_0113,Kasaragod,Kanhangad,Padamkunnu,12.498818,75.200302,rural,52,18.71,False,2024,3,2024-03-01,3448.79,3448.79,225.7,22.53,0.0,False,0.797,0.2653,66.32,True,False,False
KL_0113,Kasaragod,Kanhangad,Padamkunnu,12.498818,75.200302,rural,52,18.71,False,2024,4,2024-04-01,6557.41,6557.41,218.7,43.18,0.0,False,0.859,0.5044,126.1,True,False,False
KL_0113,Kasaragod,Kanhangad,Padamkunnu,12.498818,75.200302,rural,52,18.71,False,2024,5,2024-05-01,6320.28,6320.28,237.8,39.87,0.0,False,0.802,0.4862,121.54,True,False,False
KL_0113,Kasaragod,Kanhangad,Padamkunnu,12.498818,75.200302,rural,52,18.71,False,2024,6,2024-06-01,4288.69,4288.69,213.1,28.87,0.0,False,0.813,0.3299,82.47,False,True,False
KL_0113,Kasaragod,Kanhangad,Padamkunnu,12.498818,75.200302,rural,52,18.71,False,2024,7,2024-07-01,7311.84,7311.84,227.2,47.35,0.0,False,0.832,0.5624,140.61,False,True,False
KL_0113,Kasaragod,Kanhangad,Padamkunnu,12.498818,75.200302,rural,52,18.71,False,2024,8,2024-08-01,3559.56,3559.56,215.7,22.31,0.0,False,0.81,0.2738,68.45,False,True,False
KL_0113,Kasaragod,Kanhangad,Padamkunnu,12.498818,75.200302,rural,52,18.71,False,2024,9,2024-09-01,4961.0,4961.0,217.3,31.94,0.0,False,0.793,0.3816,95.4,False,True,False
KL_0113,Kasaragod,Kanhangad,Padamkunnu,12.498818,75.200302,rural,52,18.71,False,2024,10,2024-10-01,2676.53,2676.53,210.2,16.14,0.0,False,0.927,0.2059,51.47,False,False,False
KL_0113,Kasaragod,Kanhangad,Padamkunnu,12.498818,75.200302,rural,52,18.71,False,2024,11,2024-11-01,3198.39,3198.39,225.2,18.18,0.0,False,0.756,0.246,61.51,False,False,False
KL_0113,Kasaragod,Kanhangad,Padamkunnu,12.498818,75.200302,rural,52,18.71,False,2024,12,2024-12-01,4649.46,4649.46,222.2,26.5,0.0,False,0.82,0.3577,89.41,False,False,True
KL_0114,Ernakulam,Kothamangalam,Vellikavu,10.037082,76.643244,urban,23,1.74,False,2023,1,2023-01-01,4874.01,4874.01,226.6,27.52,0.0,False,0.839,0.8477,211.91,False,False,True
KL_0114,Ernakulam,Kothamangalam,Vellikavu,10.037082,76.643244,urban,23,1.74,False,2023,2,2023-02-01,4065.41,4065.41,217.8,26.82,0.0,False,0.911,0.707,176.76,False,False,True
KL_0114,Ernakulam,Kothamangalam,Vellikavu,10.037082,76.643244,urban,23,1.74,False,2023,3,2023-03-01,3486.41,3486.41,229.5,20.17,0.0,False,0.865,0.6063,151.58,True,False,False
KL_0114,Ernakulam,Kothamangalam,Vellikavu,10.037082,76.643244,urban,23,1.74,False,2023,4,2023-04-01,5235.83,5235.83,222.3,35.58,0.0,False,0.836,0.9106,227.64,True,False,False
KL_0114,Ernakulam,Kothamangalam,Vellikavu,10.037082,76.643244,urban,23,1.74,False,2023,5,2023-05-01,6341.84,6341.84,219.0,42.51,0.0,False,0.813,1.1029,275.73,True,False,False
KL_0114,Ernakulam,Kothamangalam,Vellikavu,10.037082,76.643244,urban,23,1.74,False,2023,6,2023-06-01,5919.01,5919.01,231.2,33.58,0.0,False,0.907,1.0294,257.35,False,True,False
KL_0114,Ernakulam,Kothamangalam,Vellikavu,10.037082,76.643244,urban,23,1.74,False,2023,7,2023-07-01,4686.02,4686.02,232.5,26.45,0.0,False,0.81,0.815,203.74,False,True,False
KL_0114,Ernakulam,Kothamangalam,Vellikavu,10.037082,76.643244,urban,23,1.74,False,2023,8,2023-08-01,3519.28,3519.28,230.4,21.53,0.0,False,0.861,0.612,153.01,False,True,False
KL_0114,Ernakulam,Kothamangalam,Vellikavu,10.037082,76.643244,urban,23,1.74,False,2023,9,2023-09-01,2317.65,2317.65,231.4,13.64,0.0,False,0.842,0.4031,100.77,False,True,False
KL_0114,Ernakulam,Kothamangalam,Vellikavu,10.037082,76.643244,urban,23,1.74,False,2023,10,2023-10-01,5438.77,5438.77,211.3,34.74,0.0,False,0.874,0.9459,236.47,False,False,False
KL_0114,Ernakulam,Kothamangalam,Vellikavu,10.037082,76.643244,urban,23,1.74,False,2023,11,2023-11-01,4099.29,4099.29,226.1,24.35,0.0,False,0.929,0.7129,178.23,False,False,False
KL_0114,Ernakulam,Kothamangalam,Vellikavu,10.037082,76.643244,urban,23,1.74,False,2023,12,2023-12-01,3894.52,3894.52,223.7,22.45,0.0,False,0.885,0.6773,169.33,False,False,True
KL_0114,Ernakulam,Kothamangalam,Vellikavu,10.037082,76.643244,urban,23,1.74,False,2024,1,2024-01-01,5052.43,5052.43,226.5,31.01,0.0,False,0.844,0.8787,219.67,False,False,True
KL_0114,Ernakulam,Kothamangalam,Vellikavu,10.037082,76.643244,urban,23,1.74,False,2024,2,2024-02-01,5692.1,5692.1,245.8,31.37,0.0,False,0.934,0.9899,247.48,False,False,True
KL_0114,Ernakulam,Kothamangalam,Vellikavu,10.037082,76.643244,urban,23,1.74,False,2024,3,2024-03-01,3382.57,3382.57,213.8,22.99,0.0,False,0.929,0.5883,147.07,True,False,False
KL_0114,Ernakulam,Kothamangalam,Vellikavu,10.037082,76.643244,urban,23,1.74,False,2024,4,2024-04-01,4475.34,4475.34,228.9,28.27,0.0,False,0.907,0.7783,194.58,True,False,False
KL_0114,Ernakulam,Kothamangalam,Vellikavu,10.037082,76.643244,urban,23,1.74,False,2024,5,2024-05-01,4283.53,4283.53,229.2,25.41,0.0,False,0.864,0.745,186.24,True,False,False
KL_0114,Ernakulam,Kothamangalam,Vellikavu,10.037082,76.643244,urban,23,1.74,False,2024,6,2024-06-01,5541.8,5541.8,229.4,31.66,0.0,False,0.811,0.9638,240.95,False,True,False
KL_0114,Ernakulam,Kothamangalam,Vellikavu,10.037082,76.643244,urban,23,1.74,False,2024,7,2024-07-01,5449.76,5449.76,236.4,29.97,0.0,False,0.732,0.9478,236.95,False,True,False
KL_0114,Ernakulam,Kothamangalam,Vellikavu,10.037082,76.643244,urban,23,1.74,False,2024,8,2024-08-01,5418.01,5418.01,220.5,32.44,0.0,False,0.861,0.9423,235.57,False,True,False
KL_0114,Ernakulam,Kothamangalam,Vellikavu,10.037082,76.643244,urban,23,1.74,False,2024,9,2024-09-01,4035.02,4035.02,236.1,23.23,0.0,False,0.889,0.7017,175.44,False,True,False
KL_0114,Ernakulam,Kothamangalam,Vellikavu,10.037082,76.643244,urban,23,1.74,False,2024,10,2024-10-01,5213.81,5213.81,212.7,34.55,0.0,False,0.783,0.9067,226.69,False,False,False
KL_0114,Ernakulam,Kothamangalam,Vellikavu,10.037082,76.643244,urban,23,1.74,False,2024,11,2024-11-01,4813.43,4813.43,229.4,29.32,0.0,False,0.871,0.8371,209.28,False,False,False
KL_0114,Ernakulam,Kothamangalam,Vellikavu,10.037082,76.643244,urban,23,1.74,False,2024,12,2024-12-01,4134.0,4134.0,234.8,22.87,0.0,False,0.828,0.719,179.74,False,False,True
KL_0115,Kannur,Mattannur,Manjapuram,12.283269,75.379703,semi-urban,129,11.29,False,2023,1,2023-01-01,6697.49,6697.49,227.5,38.57,0.0,False,0.876,0.2077,51.92,False,False,True
KL_0115,Kannur,Mattannur,Manjapuram,12.283269,75.379703,semi-urban,129,11.29,False,2023,2,2023-02-01,16654.7,16654.7,221.2,104.98,0.0,False,0.819,0.5164,129.11,False,False,True
KL_0115,Kannur,Mattannur,Manjapuram,12.283269,75.379703,semi-urban,129,11.29,False,2023,3,2023-03-01,17506.05,17506.05,227.3,106.42,0.0,False,0.814,0.5428,135.71,True,False,False
KL_0115,Kannur,Mattannur,Manjapuram,12.283269,75.379703,semi-urban,129,11.29,False,2023,4,2023-04-01,18108.54,18108.54,234.6,101.47,0.0,False,0.847,0.5615,140.38,True,False,False
KL_0115,Kannur,Mattannur,Manjapuram,12.283269,75.379703,semi-urban,129,11.29,False,2023,5,2023-05-01,22888.03,22888.03,221.7,129.1,0.0,False,0.791,0.7097,177.43,True,False,False
KL_0115,Kannur,Mattannur,Manjapuram,12.283269,75.379703,semi-urban,129,11.29,False,2023,6,2023-06-01,13007.93,13007.93,234.9,69.34,0.0,False,0.898,0.4033,100.84,False,True,False
KL_0115,Kannur,Mattannur,Manjapuram,12.283269,75.379703,semi-urban,129,11.29,False,2023,7,2023-07-01,17892.91,17892.91,229.4,100.38,0.0,False,0.851,0.5548,138.7,False,True,False
KL_0115,Kannur,Mattannur,Manjapuram,12.283269,75.379703,semi-urban,129,11.29,False,2023,8,2023-08-01,10208.38,10208.38,225.3,64.11,0.0,False,0.793,0.3165,79.13,False,True,False
KL_0115,Kannur,Mattannur,Manjapuram,12.283269,75.379703,semi-urban,129,11.29,False,2023,9,2023-09-01,21207.27,21207.27,229.7,139.69,0.0,False,0.819,0.6576,164.4,False,True,False
KL_0115,Kannur,Mattannur,Manjapuram,12.283269,75.379703,semi-urban,129,11.29,False,2023,10,2023-10-01,17445.01,17445.01,214.7,121.53,0.0,False,0.88,0.5409,135.23,False,False,False
KL_0115,Kannur,Mattannur,Manjapuram,12.283269,75.379703,semi-urban,129,11.29,False,2023,11,2023-11-01,20535.75,20535.75,221.2,128.24,0.0,False,0.835,0.6368,159.19,False,False,False
KL_0115,Kannur,Mattannur,Manjapuram,12.283269,75.379703,semi-urban,129,11.29,False,2023,12,2023-12-01,16987.28,16987.28,214.9,119.76,0.0,False,0.885,0.5267,131.68,False,False,True
KL_0115,Kannur,Mattannur,Manjapuram,12.283269,75.379703,semi-urban,129,11.29,False,2024,1,2024-01-01,16309.96,16309.96,221.7,96.14,0.0,False,0.8,0.5057,126.43,False,False,True
KL_0115,Kannur,Mattannur,Manjapuram,12.283269,75.379703,semi-urban,129,11.29,False,2024,2,2024-02-01,12960.39,12960.39,223.8,76.11,0.0,False,0.836,0.4019,100.47,False,False,True
KL_0115,Kannur,Mattannur,Manjapuram,12.283269,75.379703,semi-urban,129,11.29,False,2024,3,2024-03-01,12382.16,12382.16,236.6,67.04,0.0,False,0.846,0.3839,95.99,True,False,False
KL_0115,Kannur,Mattannur,Manjapuram,12.283269,75.379703,semi-urban,129,11.29,False,2024,4,2024-04-01,21825.87,21825.87,217.4,147.65,0.0,False,0.961,0.6768,169.19,True,False,False
KL_0115,Kannur,Mattannur,Manjapuram,12.283269,75.379703,semi-urban,129,11.29,False,2024,5,2024-05-01,21773.42,21773.42,239.0,119.19,0.0,False,0.814,0.6751,168.79,True,False,False
KL_0115,Kannur,Mattannur,Manjapuram,12.283269,75.379703,semi-urban,129,11.29,False,2024,6,2024-06-01,25685.82,25685.82,214.1,179.58,0.0,False,0.881,0.7965,199.11,False,True,False
KL_0115,Kannur,Mattannur,Manjapuram,12.283269,75.379703,semi-urban,129,11.29,False,2024,7,2024-07-01,13193.57,13193.57,217.0,89.92,0.0,False,0.874,0.4091,102.28,False,True,False
KL_0115,Kannur,Mattannur,Manjapuram,12.283269,75.379703,semi-urban,129,11.29,False,2024,8,2024-08-01,17095.6,17095.6,226.6,105.14,0.0,False,0.937,0.5301,132.52,False,True,False
KL_0115,Kannur,Mattannur,Manjapuram,12.283269,75.379703,semi-urban,129,11.29,False,2024,9,2024-09-01,6963.86,6963.86,217.6,45.77,0.0,False,0.918,0.2159,53.98,False,True,False
KL_0115,Kannur,Mattannur,Manjapuram,12.283269,75.379703,semi-urban,129,11.29,False,2024,10,2024-10-01,14146.76,14146.76,223.6,81.82,0.0,False,0.827,0.4387,109.66,False,False,False
KL_0115,Kannur,Mattannur,Manjapuram,12.283269,75.379703,semi-urban,129,11.29,False,2024,11,2024-11-01,17015.72,17015.72,213.2,103.04,0.0,False,0.798,0.5276,131.9,False,False,False
KL_0115,Kannur,Mattannur,Manjapuram,12.283269,75.379703,semi-urban,129,11.29,False,2024,12,2024-12-01,26503.08,26503.08,231.8,151.34,0.0,False,0.779,0.8218,205.45,False,False,True
KL_0116,Ernakulam,Kochi,Vattamoodu,9.946595,76.427651,rural,188,5.44,False,2023,1,2023-01-01,10995.39,10995.39,229.5,61.03,0.0,False,0.862,0.2339,58.49,False,False,True
KL_0116,Ernakulam,Kochi,Vattamoodu,9.946595,76.427651,rural,188,5.44,False,2023,2,2023-02-01,15511.95,15511.95,223.9,100.62,0.0,False,0.901,0.33,82.51,False,False,True
KL_0116,Ernakulam,Kochi,Vattamoodu,9.946595,76.427651,rural,188,5.44,False,2023,3,2023-03-01,16919.7,16919.7,215.4,101.85,0.0,False,0.907,0.36,90.0,True,False,False
KL_0116,Ernakulam,Kochi,Vattamoodu,9.946595,76.427651,rural,188,5.44,False,2023,4,2023-04-01,22102.63,22102.63,225.0,140.88,0.0,False,0.837,0.4703,117.57,True,False,False
KL_0116,Ernakulam,Kochi,Vattamoodu,9.946595,76.427651,rural,188,5.44,False,2023,5,2023-05-01,15785.23,15785.23,236.6,100.3,0.0,False,0.852,0.3359,83.96,True,False,False
KL_0116,Ernakulam,Kochi,Vattamoodu,9.946595,76.427651,rural,188,5.44,False,2023,6,2023-06-01,26011.5,26011.5,218.2,163.02,0.0,False,0.921,0.5534,138.36,False,True,False
KL_0116,Ernakulam,Kochi,Vattamoodu,9.946595,76.427651,rural,188,5.44,False,2023,7,2023-07-01,16788.8,16788.8,233.8,99.68,0.0,False,0.812,0.3572,89.3,False,True,False
KL_0116,Ernakulam,Kochi,Vattamoodu,9.946595,76.427651,rural,188,5.44,False,2023,8,2023-08-01,19928.32,19928.32,223.2,135.69,0.0,False,0.726,0.424,106.0,False,True,False
KL_0116,Ernakulam,Kochi,Vattamoodu,9.946595,76.427651,rural,188,5.44,False,2023,9,2023-09-01,15487.67,15487.67,253.4,79.49,0.0,False,0.908,0.3295,82.38,False,True,False
KL_0116,Ernakulam,Kochi,Vattamoodu,9.946595,76.427651,rural,188,5.44,False,2023,10,2023-10-01,11725.72,11725.72,236.0,73.2,0.0,False,0.792,0.2495,62.37,False,False,False
KL_0116,Ernakulam,Kochi,Vattamoodu,9.946595,76.427651,rural,188,5.44,False,2023,11,2023-11-01,12888.6,12888.6,231.0,73.66,0.0,False,0.835,0.2742,68.56,False,False,False
KL_0116,Ernakulam,Kochi,Vattamoodu,9.946595,76.427651,rural,188,5.44,False,2023,12,2023-12-01,23177.27,23177.27,241.3,128.34,0.0,False,0.873,0.4931,123.28,False,False,True
KL_0116,Ernakulam,Kochi,Vattamoodu,9.946595,76.427651,rural,188,5.44,False,2024,1,2024-01-01,14291.27,14291.27,237.0,80.03,0.0,False,0.827,0.3041,76.02,False,False,True
KL_0116,Ernakulam,Kochi,Vattamoodu,9.946595,76.427651,rural,188,5.44,False,2024,2,2024-02-01,6096.32,6096.32,242.8,37.82,0.0,False,0.904,0.1297,32.43,False,False,True
KL_0116,Ernakulam,Kochi,Vattamoodu,9.946595,76.427651,rural,188,5.44,False,2024,3,2024-03-01,16575.15,16575.15,224.6,102.04,0.0,False,0.984,0.3527,88.17,True,False,False
KL_0116,Ernakulam,Kochi,Vattamoodu,9.946595,76.427651,rural,188,5.44,False,2024,4,2024-04-01,20996.52,20996.52,233.2,125.03,0.0,False,0.81,0.4467,111.68,True,False,False
KL_0116,Ernakulam,Kochi,Vattamoodu,9.946595,76.427651,rural,188,5.44,False,2024,5,2024-05-01,15845.47,15845.47,231.0,102.92,0.0,False,0.857,0.3371,84.28,True,False,False
KL_0116,Ernakulam,Kochi,Vattamoodu,9.946595,76.427651,rural,188,5.44,False,2024,6,2024-06-01,23942.39,23942.39,219.4,146.27,0.0,False,0.85,0.5094,127.35,False,True,False
KL_0116,Ernakulam,Kochi,Vattamoodu,9.946595,76.427651,rural,188,5.44,False,2024,7,2024-07-01,12141.42,12141.42,228.5,80.56,0.0,False,0.866,0.2583,64.58,False,True,False
KL_0116,Ernakulam,Kochi,Vattamoodu,9.946595,76.427651,rural,188,5.44,False,2024,8,2024-08-01,15040.78,15040.78,227.6,98.17,0.0,False,0.82,0.32,80.0,False,True,False
KL_0116,Ernakulam,Kochi,Vattamoodu,9.946595,76.427651,rural,188,5.44,False,2024,9,2024-09-01,11319.24,11319.24,223.7,66.49,0.0,False,0.817,0.2408,60.21,False,True,False
KL_0116,Ernakulam,Kochi,Vattamoodu,9.946595,76.427651,rural,188,5.44,False,2024,10,2024-10-01,8142.39,8142.39,228.4,54.14,0.0,False,0.819,0.1732,43.31,False,False,False
KL_0116,Ernakulam,Kochi,Vattamoodu,9.946595,76.427651,rural,188,5.44,False,2024,11,2024-11-01,23787.61,23787.61,226.9,144.24,0.0,False,0.827,0.5061,126.53,False,False,False
KL_0116,Ernakulam,Kochi,Vattamoodu,9.946595,76.427651,rural,188,5.44,False,2024,12,2024-12-01,11168.36,11168.36,252.6,64.52,0.0,False,0.828,0.2376,59.41,False,False,True
KL_0117,Kozhikode,Feroke,Vellimukku,11.351339,75.972171,rural,20,23.62,False,2023,1,2023-01-01,1276.27,1276.27,224.0,7.92,0.0,False,0.725,0.2553,63.81,False,False,True
KL_0117,Kozhikode,Feroke,Vellimukku,11.351339,75.972171,rural,20,23.62,False,2023,2,2023-02-01,1414.99,1414.99,208.4,10.13,0.0,False,0.854,0.283,70.75,False,False,True
KL_0117,Kozhikode,Feroke,Vellimukku,11.351339,75.972171,rural,20,23.62,False,2023,3,2023-03-01,1677.74,1677.74,230.5,9.14,0.0,False,0.835,0.3355,83.89,True,False,False
KL_0117,Kozhikode,Feroke,Vellimukku,11.351339,75.972171,rural,20,23.62,False,2023,4,2023-04-01,2923.18,2923.18,216.0,18.65,0.0,False,0.814,0.5846,146.16,True,False,False
KL_0117,Kozhikode,Feroke,Vellimukku,11.351339,75.972171,rural,20,23.62,False,2023,5,2023-05-01,2893.33,2893.33,227.0,17.17,0.0,False,0.855,0.5787,144.67,True,False,False
KL_0117,Kozhikode,Feroke,Vellimukku,11.351339,75.972171,rural,20,23.62,False,2023,6,2023-06-01,2580.73,2580.73,232.3,14.35,0.0,False,0.85,0.5161,129.04,False,True,False
KL_0117,Kozhikode,Feroke,Vellimukku,11.351339,75.972171,rural,20,23.62,False,2023,7,2023-07-01,2919.76,2919.76,232.1,16.57,0.0,False,0.83,0.584,145.99,False,True,False
KL_0117,Kozhikode,Feroke,Vellimukku,11.351339,75.972171,rural,20,23.62,False,2023,8,2023-08-01,1353.34,1353.34,234.1,8.3,0.0,False,0.85,0.2707,67.67,False,True,False
KL_0117,Kozhikode,Feroke,Vellimukku,11.351339,75.972171,rural,20,23.62,False,2023,9,2023-09-01,1501.42,1501.42,221.5,9.34,0.0,False,0.821,0.3003,75.07,False,True,False
KL_0117,Kozhikode,Feroke,Vellimukku,11.351339,75.972171,rural,20,23.62,False,2023,10,2023-10-01,1953.03,1953.03,236.7,11.52,0.0,False,0.792,0.3906,97.65,False,False,False
KL_0117,Kozhikode,Feroke,Vellimukku,11.351339,75.972171,rural,20,23.62,False,2023,11,2023-11-01,1510.48,1510.48,226.7,8.36,0.0,False,0.948,0.3021,75.52,False,False,False
KL_0117,Kozhikode,Feroke,Vellimukku,11.351339,75.972171,rural,20,23.62,False,2023,12,2023-12-01,1667.39,1667.39,235.9,9.68,0.0,False,0.825,0.3335,83.37,False,False,True
KL_0117,Kozhikode,Feroke,Vellimukku,11.351339,75.972171,rural,20,23.62,False,2024,1,2024-01-01,1285.29,1285.29,232.2,7.0,0.0,False,0.863,0.2571,64.26,False,False,True
KL_0117,Kozhikode,Feroke,Vellimukku,11.351339,75.972171,rural,20,23.62,False,2024,2,2024-02-01,1119.76,1119.76,239.6,7.11,0.0,False,0.98,0.224,55.99,False,False,True
KL_0117,Kozhikode,Feroke,Vellimukku,11.351339,75.972171,rural,20,23.62,False,2024,3,2024-03-01,1699.56,1699.56,230.3,10.99,0.0,False,0.829,0.3399,84.98,True,False,False
KL_0117,Kozhikode,Feroke,Vellimukku,11.351339,75.972171,rural,20,23.62,False,2024,4,2024-04-01,2344.17,2344.17,221.4,16.1,0.0,False,0.873,0.4688,117.21,True,False,False
KL_0117,Kozhikode,Feroke,Vellimukku,11.351339,75.972171,rural,20,23.62,False,2024,5,2024-05-01,2311.92,2311.92,228.7,14.83,0.0,False,0.966,0.4624,115.6,True,False,False
KL_0117,Kozhikode,Feroke,Vellimukku,11.351339,75.972171,rural,20,23.62,False,2024,6,2024-06-01,1377.47,1377.47,218.5,9.43,0.0,False,0.768,0.2755,68.87,False,True,False
KL_0117,Kozhikode,Feroke,Vellimukku,11.351339,75.972171,rural,20,23.62,False,2024,7,2024-07-01,1900.93,1900.93,225.1,12.66,0.0,False,0.917,0.3802,95.05,False,True,False
KL_0117,Kozhikode,Feroke,Vellimukku,11.351339,75.972171,rural,20,23.62,False,2024,8,2024-08-01,1122.09,1122.09,240.1,6.87,0.0,False,0.861,0.2244,56.1,False,True,False
KL_0117,Kozhikode,Feroke,Vellimukku,11.351339,75.972171,rural,20,23.62,False,2024,9,2024-09-01,2107.37,2107.37,224.4,12.12,0.0,False,0.825,0.4215,105.37,False,True,False
KL_0117,Kozhikode,Feroke,Vellimukku,11.351339,75.972171,rural,20,23.62,False,2024,10,2024-10-01,2217.92,2217.92,225.2,12.43,0.0,False,0.852,0.4436,110.9,False,False,False
KL_0117,Kozhikode,Feroke,Vellimukku,11.351339,75.972171,rural,20,23.62,False,2024,11,2024-11-01,1662.38,1662.38,217.2,10.08,0.0,False,0.832,0.3325,83.12,False,False,False
KL_0117,Kozhikode,Feroke,Vellimukku,11.351339,75.972171,rural,20,23.62,False,2024,12,2024-12-01,1876.73,1876.73,221.3,11.38,0.0,False,0.929,0.3753,93.84,False,False,True
KL_0118,Kottayam,Pala,Idavanagar,9.676865,76.602557,semi-urban,142,6.18,True,2023,1,2023-01-01,20299.46,20299.46,218.5,135.85,0.0,False,0.849,0.5718,142.95,False,False,True
KL_0118,Kottayam,Pala,Idavanagar,9.676865,76.602557,semi-urban,142,6.18,True,2023,2,2023-02-01,20142.74,20142.74,238.2,116.3,0.0,False,0.885,0.5674,141.85,False,False,True
KL_0118,Kottayam,Pala,Idavanagar,9.676865,76.602557,semi-urban,142,6.18,True,2023,3,2023-03-01,14752.6,14752.6,224.3,99.73,0.0,False,0.824,0.4156,103.89,True,False,False
KL_0118,Kottayam,Pala,Idavanagar,9.676865,76.602557,semi-urban,142,6.18,True,2023,4,2023-04-01,19522.81,19522.81,223.6,118.44,0.0,False,0.865,0.5499,137.48,True,False,False
KL_0118,Kottayam,Pala,Idavanagar,9.676865,76.602557,semi-urban,142,6.18,True,2023,5,2023-05-01,19453.89,19453.89,233.9,120.9,0.0,False,0.831,0.548,137.0,True,False,False
KL_0118,Kottayam,Pala,Idavanagar,9.676865,76.602557,semi-urban,142,6.18,True,2023,6,2023-06-01,25500.87,25500.87,233.8,159.52,0.0,False,0.779,0.7183,179.58,False,True,False
KL_0118,Kottayam,Pala,Idavanagar,9.676865,76.602557,semi-urban,142,6.18,True,2023,7,2023-07-01,29786.66,29786.66,228.6,174.28,0.0,False,0.915,0.8391,209.77,False,True,False
KL_0118,Kottayam,Pala,Idavanagar,9.676865,76.602557,semi-urban,142,6.18,True,2023,8,2023-08-01,21542.62,21542.62,230.0,134.96,0.0,False,0.867,0.6068,151.71,False,True,False
KL_0118,Kottayam,Pala,Idavanagar,9.676865,76.602557,semi-urban,142,6.18,True,2023,9,2023-09-01,10111.07,10111.07,222.4,64.28,0.0,False,0.889,0.2848,71.2,False,True,False
KL_0118,Kottayam,Pala,Idavanagar,9.676865,76.602557,semi-urban,142,6.18,True,2023,10,2023-10-01,18659.34,18659.34,224.9,119.24,0.0,False,0.814,0.5256,131.4,False,False,False
KL_0118,Kottayam,Pala,Idavanagar,9.676865,76.602557,semi-urban,142,6.18,True,2023,11,2023-11-01,17136.25,17136.25,222.6,104.12,0.0,False,0.909,0.4827,120.68,False,False,False
KL_0118,Kottayam,Pala,Idavanagar,9.676865,76.602557,semi-urban,142,6.18,True,2023,12,2023-12-01,21071.43,21071.43,221.1,131.2,0.0,False,0.873,0.5936,148.39,False,False,True
KL_0118,Kottayam,Pala,Idavanagar,9.676865,76.602557,semi-urban,142,6.18,True,2024,1,2024-01-01,15978.65,15978.65,216.9,100.19,0.0,False,0.858,0.4501,112.53,False,False,True
KL_0118,Kottayam,Pala,Idavanagar,9.676865,76.602557,semi-urban,142,6.18,True,2024,2,2024-02-01,11410.61,11410.61,220.6,69.8,0.0,False,0.901,0.3214,80.36,False,False,True
KL_0118,Kottayam,Pala,Idavanagar,9.676865,76.602557,semi-urban,142,6.18,True,2024,3,2024-03-01,14281.95,14281.95,215.7,92.99,0.0,False,0.834,0.4023,100.58,True,False,False
KL_0118,Kottayam,Pala,Idavanagar,9.676865,76.602557,semi-urban,142,6.18,True,2024,4,2024-04-01,26983.53,26983.53,231.1,168.4,0.0,False,0.915,0.7601,190.02,True,False,False
KL_0118,Kottayam,Pala,Idavanagar,9.676865,76.602557,semi-urban,142,6.18,True,2024,5,2024-05-01,22525.88,22525.88,217.6,143.84,0.0,False,0.817,0.6345,158.63,True,False,False
KL_0118,Kottayam,Pala,Idavanagar,9.676865,76.602557,semi-urban,142,6.18,True,2024,6,2024-06-01,17068.95,17068.95,226.7,104.69,0.0,False,0.852,0.4808,120.2,False,True,False
KL_0118,Kottayam,Pala,Idavanagar,9.676865,76.602557,semi-urban,142,6.18,True,2024,7,2024-07-01,25909.24,25909.24,226.6,169.28,0.0,False,0.803,0.7298,182.46,False,True,False
KL_0118,Kottayam,Pala,Idavanagar,9.676865,76.602557,semi-urban,142,6.18,True,2024,8,2024-08-01,17014.87,17014.87,221.3,101.54,0.0,False,0.793,0.4793,119.82,False,True,False
KL_0118,Kottayam,Pala,Idavanagar,9.676865,76.602557,semi-urban,142,6.18,True,2024,9,2024-09-01,18369.18,18369.18,232.2,109.26,0.0,False,0.827,0.5174,129.36,False,True,False
KL_0118,Kottayam,Pala,Idavanagar,9.676865,76.602557,semi-urban,142,6.18,True,2024,10,2024-10-01,16434.84,16434.84,231.1,97.33,0.0,False,0.842,0.463,115.74,False,False,False
KL_0118,Kottayam,Pala,Idavanagar,9.676865,76.602557,semi-urban,142,6.18,True,2024,11,2024-11-01,23326.76,23326.76,243.5,138.68,0.0,False,0.878,0.6571,164.27,False,False,False
KL_0118,Kottayam,Pala,Idavanagar,9.676865,76.602557,semi-urban,142,6.18,True,2024,12,2024-12-01,8660.84,8660.84,235.0,54.66,0.0,False,0.818,0.244,60.99,False,False,True
KL_0119,Kottayam,Ettumanoor,Kallamoodu,9.631588,76.689692,urban,27,1.74,False,2023,1,2023-01-01,4799.06,4799.06,222.3,29.07,0.0,False,0.879,0.711,177.74,False,False,True
KL_0119,Kottayam,Ettumanoor,Kallamoodu,9.631588,76.689692,urban,27,1.74,False,2023,2,2023-02-01,3871.23,3871.23,220.2,23.66,0.0,False,0.834,0.5735,143.38,False,False,True
KL_0119,Kottayam,Ettumanoor,Kallamoodu,9.631588,76.689692,urban,27,1.74,False,2023,3,2023-03-01,3837.68,3837.68,219.9,26.24,0.0,False,0.825,0.5685,142.14,True,False,False
KL_0119,Kottayam,Ettumanoor,Kallamoodu,9.631588,76.689692,urban,27,1.74,False,2023,4,2023-04-01,7210.42,7210.42,217.2,42.01,0.0,False,0.881,1.0682,267.05,True,False,False
KL_0119,Kottayam,Ettumanoor,Kallamoodu,9.631588,76.689692,urban,27,1.74,False,2023,5,2023-05-01,3353.65,3353.65,222.9,22.23,0.0,False,0.823,0.4968,124.21,True,False,False
KL_0119,Kottayam,Ettumanoor,Kallamoodu,9.631588,76.689692,urban,27,1.74,False,2023,6,2023-06-01,5080.57,5080.57,234.4,28.62,0.0,False,0.941,0.7527,188.17,False,True,False
KL_0119,Kottayam,Ettumanoor,Kallamoodu,9.631588,76.689692,urban,27,1.74,False,2023,7,2023-07-01,6256.81,6256.81,224.2,39.02,0.0,False,0.872,0.9269,231.73,False,True,False
KL_0119,Kottayam,Ettumanoor,Kallamoodu,9.631588,76.689692,urban,27,1.74,False,2023,8,2023-08-01,4481.99,4481.99,218.4,28.42,0.0,False,0.782,0.664,166.0,False,True,False
KL_0119,Kottayam,Ettumanoor,Kallamoodu,9.631588,76.689692,urban,27,1.74,False,2023,9,2023-09-01,2342.56,2342.56,228.0,14.31,0.0,False,0.844,0.347,86.76,False,True,False
KL_0119,Kottayam,Ettumanoor,Kallamoodu,9.631588,76.689692,urban,27,1.74,False,2023,10,2023-10-01,4913.63,4913.63,214.8,29.57,0.0,False,0.818,0.7279,181.99,False,False,False
KL_0119,Kottayam,Ettumanoor,Kallamoodu,9.631588,76.689692,urban,27,1.74,False,2023,11,2023-11-01,4996.68,4996.68,227.8,31.98,0.0,False,0.768,0.7402,185.06,False,False,False
KL_0119,Kottayam,Ettumanoor,Kallamoodu,9.631588,76.689692,urban,27,1.74,False,2023,12,2023-12-01,4739.12,4739.12,222.1,32.26,0.0,False,0.903,0.7021,175.52,False,False,True
KL_0119,Kottayam,Ettumanoor,Kallamoodu,9.631588,76.689692,urban,27,1.74,False,2024,1,2024-01-01,4038.28,4038.28,222.5,23.09,0.0,False,0.904,0.5983,149.57,False,False,True
KL_0119,Kottayam,Ettumanoor,Kallamoodu,9.631588,76.689692,urban,27,1.74,False,2024,2,2024-02-01,4176.98,4176.98,226.5,23.23,0.0,False,0.814,0.6188,154.7,False,False,True
KL_0119,Kottayam,Ettumanoor,Kallamoodu,9.631588,76.689692,urban,27,1.74,False,2024,3,2024-03-01,4233.9,4233.9,232.1,25.14,0.0,False,0.886,0.6272,156.81,True,False,False
KL_0119,Kottayam,Ettumanoor,Kallamoodu,9.631588,76.689692,urban,27,1.74,False,2024,4,2024-04-01,7119.93,7119.93,239.8,39.28,0.0,False,0.894,1.0548,263.7,True,False,False
KL_0119,Kottayam,Ettumanoor,Kallamoodu,9.631588,76.689692,urban,27,1.74,False,2024,5,2024-05-01,5969.85,5969.85,227.0,38.34,0.0,False,0.849,0.8844,221.11,True,False,False
KL_0119,Kottayam,Ettumanoor,Kallamoodu,9.631588,76.689692,urban,27,1.74,False,2024,6,2024-06-01,4640.69,4640.69,240.9,25.68,0.0,False,0.898,0.6875,171.88,False,True,False
KL_0119,Kottayam,Ettumanoor,Kallamoodu,9.631588,76.689692,urban,27,1.74,False,2024,7,2024-07-01,5840.24,5840.24,225.6,36.95,0.0,False,0.865,0.8652,216.31,False,True,False
KL_0119,Kottayam,Ettumanoor,Kallamoodu,9.631588,76.689692,urban,27,1.74,False,2024,8,2024-08-01,5114.55,5114.55,213.1,33.6,0.0,False,0.907,0.7577,189.43,False,True,False
KL_0119,Kottayam,Ettumanoor,Kallamoodu,9.631588,76.689692,urban,27,1.74,False,2024,9,2024-09-01,5700.75,5700.75,218.2,37.12,0.0,False,0.791,0.8446,211.14,False,True,False
KL_0119,Kottayam,Ettumanoor,Kallamoodu,9.631588,76.689692,urban,27,1.74,False,2024,10,2024-10-01,3363.5,3363.5,224.3,21.72,0.0,False,0.857,0.4983,124.57,False,False,False
KL_0119,Kottayam,Ettumanoor,Kallamoodu,9.631588,76.689692,urban,27,1.74,False,2024,11,2024-11-01,4551.35,4551.35,227.2,26.88,0.0,False,0.86,0.6743,168.57,False,False,False
KL_0119,Kottayam,Ettumanoor,Kallamoodu,9.631588,76.689692,urban,27,1.74,False,2024,12,2024-12-01,5092.52,5092.52,238.4,31.32,0.0,False,0.792,0.7544,188.61,False,False,True
KL_0120,Kasaragod,Kasaragod,Vadakkenagar,12.309432,75.132607,rural,41,6.82,False,2023,1,2023-01-01,2566.23,2566.23,245.6,15.85,0.0,False,0.797,0.2504,62.59,False,False,True
KL_0120,Kasaragod,Kasaragod,Vadakkenagar,12.309432,75.132607,rural,41,6.82,False,2023,2,2023-02-01,2311.92,2311.92,230.6,14.84,0.0,False,0.771,0.2256,56.39,False,False,True
KL_0120,Kasaragod,Kasaragod,Vadakkenagar,12.309432,75.132607,rural,41,6.82,False,2023,3,2023-03-01,3974.63,3974.63,218.5,23.54,0.0,False,0.852,0.3878,96.94,True,False,False
KL_0120,Kasaragod,Kasaragod,Vadakkenagar,12.309432,75.132607,rural,41,6.82,False,2023,4,2023-04-01,5971.86,5971.86,229.8,38.76,0.0,False,0.828,0.5826,145.66,True,False,False
KL_0120,Kasaragod,Kasaragod,Vadakkenagar,12.309432,75.132607,rural,41,6.82,False,2023,5,2023-05-01,5609.38,5609.38,237.4,30.19,0.0,False,0.785,0.5473,136.81,True,False,False
KL_0120,Kasaragod,Kasaragod,Vadakkenagar,12.309432,75.132607,rural,41,6.82,False,2023,6,2023-06-01,3164.52,3164.52,235.3,17.54,0.0,False,0.911,0.3087,77.18,False,True,False
KL_0120,Kasaragod,Kasaragod,Vadakkenagar,12.309432,75.132607,rural,41,6.82,False,2023,7,2023-07-01,2745.49,2745.49,229.9,16.3,0.0,False,0.87,0.2679,66.96,False,True,False
KL_0120,Kasaragod,Kasaragod,Vadakkenagar,12.309432,75.132607,rural,41,6.82,False,2023,8,2023-08-01,3365.89,3365.89,219.3,20.37,0.0,False,0.814,0.3284,82.09,False,True,False
KL_0120,Kasaragod,Kasaragod,Vadakkenagar,12.309432,75.132607,rural,41,6.82,False,2023,9,2023-09-01,4936.69,4936.69,233.5,28.11,0.0,False,0.86,0.4816,120.41,False,True,False
KL_0120,Kasaragod,Kasaragod,Vadakkenagar,12.309432,75.132607,rural,41,6.82,False,2023,10,2023-10-01,2200.94,2200.94,222.7,14.19,0.0,False,0.838,0.2147,53.68,False,False,False
KL_0120,Kasaragod,Kasaragod,Vadakkenagar,12.309432,75.132607,rural,41,6.82,False,2023,11,2023-11-01,4091.3,4091.3,233.1,23.79,0.0,False,0.772,0.3992,99.79,False,False,False
KL_0120,Kasaragod,Kasaragod,Vadakkenagar,12.309432,75.132607,rural,41,6.82,False,2023,12,2023-12-01,3194.41,3194.41,224.5,17.88,0.0,False,0.864,0.3116,77.91,False,False,True
KL_0120,Kasaragod,Kasaragod,Vadakkenagar,12.309432,75.132607,rural,41,6.82,False,2024,1,2024-01-01,4140.2,4140.2,220.5,28.17,0.0,False,0.932,0.4039,100.98,False,False,True
KL_0120,Kasaragod,Kasaragod,Vadakkenagar,12.309432,75.132607,rural,41,6.82,False,2024,2,2024-02-01,2658.67,2658.67,231.1,15.34,0.0,False,0.921,0.2594,64.85,False,False,True
KL_0120,Kasaragod,Kasaragod,Vadakkenagar,12.309432,75.132607,rural,41,6.82,False,2024,3,2024-03-01,5054.93,5054.93,217.1,33.22,0.0,False,0.855,0.4932,123.29,True,False,False
KL_0120,Kasaragod,Kasaragod,Vadakkenagar,12.309432,75.132607,rural,41,6.82,False,2024,4,2024-04-01,4543.42,4543.42,226.9,25.66,0.0,False,0.828,0.4433,110.82,True,False,False
KL_0120,Kasaragod,Kasaragod,Vadakkenagar,12.309432,75.132607,rural,41,6.82,False,2024,5,2024-05-01,5144.47,5144.47,222.7,32.79,0.0,False,0.878,0.5019,125.47,True,False,False
KL_0120,Kasaragod,Kasaragod,Vadakkenagar,12.309432,75.132607,rural,41,6.82,False,2024,6,2024-06-01,4237.95,4237.95,230.1,27.81,0.0,False,0.863,0.4135,103.36,False,True,False
KL_0120,Kasaragod,Kasaragod,Vadakkenagar,12.309432,75.132607,rural,41,6.82,False,2024,7,2024-07-01,4517.09,4517.09,231.8,24.62,0.0,False,0.843,0.4407,110.17,False,True,False
KL_0120,Kasaragod,Kasaragod,Vadakkenagar,12.309432,75.132607,rural,41,6.82,False,2024,8,2024-08-01,3179.11,3179.11,225.5,21.3,0.0,False,0.943,0.3102,77.54,False,True,False
KL_0120,Kasaragod,Kasaragod,Vadakkenagar,12.309432,75.132607,rural,41,6.82,False,2024,9,2024-09-01,4267.31,4267.31,243.8,23.95,0.0,False,0.83,0.4163,104.08,False,True,False
KL_0120,Kasaragod,Kasaragod,Vadakkenagar,12.309432,75.132607,rural,41,6.82,False,2024,10,2024-10-01,3042.51,3042.51,219.4,20.39,0.0,False,0.898,0.2968,74.21,False,False,False
KL_0120,Kasaragod,Kasaragod,Vadakkenagar,12.309432,75.132607,rural,41,6.82,False,2024,11,2024-11-01,1581.55,1581.55,226.3,9.88,0.0,False,0.857,0.1543,38.57,False,False,False
KL_0120,Kasaragod,Kasaragod,Vadakkenagar,12.309432,75.132607,rural,41,6.82,False,2024,12,2024-12-01,2339.01,2339.01,232.1,14.15,0.0,False,0.857,0.2282,57.05,False,False,True
KL_0121,Wayanad,Mananthavady,Manjathara,11.823496,75.864076,semi-urban,91,11.21,False,2023,1,2023-01-01,9892.5,9892.5,221.7,56.11,0.0,False,0.767,0.4348,108.71,False,False,True
KL_0121,Wayanad,Mananthavady,Manjathara,11.823496,75.864076,semi-urban,91,11.21,False,2023,2,2023-02-01,7621.34,7621.34,223.3,51.0,0.0,False,0.905,0.335,83.75,False,False,True
KL_0121,Wayanad,Mananthavady,Manjathara,11.823496,75.864076,semi-urban,91,11.21,False,2023,3,2023-03-01,12497.21,12497.21,216.2,86.96,0.0,False,0.892,0.5493,137.33,True,False,False
KL_0121,Wayanad,Mananthavady,Manjathara,11.823496,75.864076,semi-urban,91,11.21,False,2023,4,2023-04-01,11838.52,11838.52,210.1,83.01,0.0,False,0.859,0.5204,130.09,True,False,False
KL_0121,Wayanad,Mananthavady,Manjathara,11.823496,75.864076,semi-urban,91,11.21,False,2023,5,2023-05-01,15147.78,15147.78,238.8,80.69,0.0,False,0.902,0.6658,166.46,True,False,False
KL_0121,Wayanad,Mananthavady,Manjathara,11.823496,75.864076,semi-urban,91,11.21,False,2023,6,2023-06-01,16022.74,16022.74,222.8,105.09,0.0,False,0.871,0.7043,176.07,False,True,False
KL_0121,Wayanad,Mananthavady,Manjathara,11.823496,75.864076,semi-urban,91,11.21,False,2023,7,2023-07-01,8109.01,8109.01,222.7,46.27,0.0,False,0.785,0.3564,89.11,False,True,False
KL_0121,Wayanad,Mananthavady,Manjathara,11.823496,75.864076,semi-urban,91,11.21,False,2023,8,2023-08-01,12933.45,12933.45,234.6,73.06,0.0,False,0.801,0.5685,142.13,False,True,False
KL_0121,Wayanad,Mananthavady,Manjathara,11.823496,75.864076,semi-urban,91,11.21,False,2023,9,2023-09-01,11517.83,11517.83,224.6,64.48,0.0,False,0.847,0.5063,126.57,False,True,False
KL_0121,Wayanad,Mananthavady,Manjathara,11.823496,75.864076,semi-urban,91,11.21,False,2023,10,2023-10-01,13334.48,13334.48,240.7,83.3,0.0,False,0.765,0.5861,146.53,False,False,False
KL_0121,Wayanad,Mananthavady,Manjathara,11.823496,75.864076,semi-urban,91,11.21,False,2023,11,2023-11-01,19138.12,19138.12,229.0,120.6,0.0,False,0.906,0.8412,210.31,False,False,False
KL_0121,Wayanad,Mananthavady,Manjathara,11.823496,75.864076,semi-urban,91,11.21,False,2023,12,2023-12-01,14610.41,14610.41,220.0,96.57,0.0,False,0.839,0.6422,160.55,False,False,True
KL_0121,Wayanad,Mananthavady,Manjathara,11.823496,75.864076,semi-urban,91,11.21,False,2024,1,2024-01-01,8961.88,8961.88,229.1,54.77,0.0,False,0.857,0.3939,98.48,False,False,True
KL_0121,Wayanad,Mananthavady,Manjathara,11.823496,75.864076,semi-urban,91,11.21,False,2024,2,2024-02-01,11813.41,11813.41,234.2,74.83,0.0,False,0.801,0.5193,129.82,False,False,True
KL_0121,Wayanad,Mananthavady,Manjathara,11.823496,75.864076,semi-urban,91,11.21,False,2024,3,2024-03-01,12762.01,12762.01,220.8,85.25,0.0,False,0.882,0.561,140.24,True,False,False
KL_0121,Wayanad,Mananthavady,Manjathara,11.823496,75.864076,semi-urban,91,11.21,False,2024,4,2024-04-01,13209.94,13209.94,240.5,83.44,0.0,False,0.843,0.5807,145.16,True,False,False
KL_0121,Wayanad,Mananthavady,Manjathara,11.823496,75.864076,semi-urban,91,11.21,False,2024,5,2024-05-01,24054.86,24054.86,231.5,157.77,0.0,False,0.834,1.0574,264.34,True,False,False
KL_0121,Wayanad,Mananthavady,Manjathara,11.823496,75.864076,semi-urban,91,11.21,False,2024,6,2024-06-01,18596.08,18596.08,228.2,116.09,0.0,False,0.921,0.8174,204.35,False,True,False
KL_0121,Wayanad,Mananthavady,Manjathara,11.823496,75.864076,semi-urban,91,11.21,False,2024,7,2024-07-01,14096.58,14096.58,237.6,88.34,0.0,False,0.915,0.6196,154.91,False,True,False
KL_0121,Wayanad,Mananthavady,Manjathara,11.823496,75.864076,semi-urban,91,11.21,False,2024,8,2024-08-01,9836.49,9836.49,235.2,56.39,0.0,False,0.887,0.4324,108.09,False,True,False
KL_0121,Wayanad,Mananthavady,Manjathara,11.823496,75.864076,semi-urban,91,11.21,False,2024,9,2024-09-01,8686.71,8686.71,243.2,49.03,0.0,False,0.86,0.3818,95.46,False,True,False
KL_0121,Wayanad,Mananthavady,Manjathara,11.823496,75.864076,semi-urban,91,11.21,False,2024,10,2024-10-01,13919.35,13919.35,227.9,78.93,0.0,False,0.824,0.6118,152.96,False,False,False
KL_0121,Wayanad,Mananthavady,Manjathara,11.823496,75.864076,semi-urban,91,11.21,False,2024,11,2024-11-01,18973.46,18973.46,228.2,117.72,0.0,False,0.836,0.834,208.5,False,False,False
KL_0121,Wayanad,Mananthavady,Manjathara,11.823496,75.864076,semi-urban,91,11.21,False,2024,12,2024-12-01,10386.75,10386.75,230.1,61.59,0.0,False,0.833,0.4566,114.14,False,False,True
KL_0122,Thrissur,Chalakudy,Vadakkemoodu,10.683522,76.061665,rural,104,12.95,True,2023,1,2023-01-01,12919.37,12919.37,227.4,71.67,0.0,False,0.87,0.4969,124.22,False,False,True
KL_0122,Thrissur,Chalakudy,Vadakkemoodu,10.683522,76.061665,rural,104,12.95,True,2023,2,2023-02-01,5830.47,5830.47,228.7,34.01,0.0,False,0.848,0.2242,56.06,False,False,True
KL_0122,Thrissur,Chalakudy,Vadakkemoodu,10.683522,76.061665,rural,104,12.95,True,2023,3,2023-03-01,8778.75,8778.75,242.7,53.15,0.0,False,0.85,0.3376,84.41,True,False,False
KL_0122,Thrissur,Chalakudy,Vadakkemoodu,10.683522,76.061665,rural,104,12.95,True,2023,4,2023-04-01,12006.89,12006.89,222.7,75.94,0.0,False,0.927,0.4618,115.45,True,False,False
KL_0122,Thrissur,Chalakudy,Vadakkemoodu,10.683522,76.061665,rural,104,12.95,True,2023,5,2023-05-01,21830.44,21830.44,211.5,156.26,0.0,False,0.907,0.8396,209.91,True,False,False
KL_0122,Thrissur,Chalakudy,Vadakkemoodu,10.683522,76.061665,rural,104,12.95,True,2023,6,2023-06-01,6141.13,6141.13,233.3,34.2,0.0,False,0.811,0.2362,59.05,False,True,False
KL_0122,Thrissur,Chalakudy,Vadakkemoodu,10.683522,76.061665,rural,104,12.95,True,2023,7,2023-07-01,8734.26,8734.26,224.7,58.46,0.0,False,0.865,0.3359,83.98,False,True,False
KL_0122,Thrissur,Chalakudy,Vadakkemoodu,10.683522,76.061665,rural,104,12.95,True,2023,8,2023-08-01,4630.85,4630.85,220.9,27.96,0.0,False,0.811,0.1781,44.53,False,True,False
KL_0122,Thrissur,Chalakudy,Vadakkemoodu,10.683522,76.061665,rural,104,12.95,True,2023,9,2023-09-01,5414.0,5414.0,220.5,31.79,0.0,False,0.88,0.2082,52.06,False,True,False
KL_0122,Thrissur,Chalakudy,Vadakkemoodu,10.683522,76.061665,rural,104,12.95,True,2023,10,2023-10-01,11561.34,11561.34,219.0,75.14,0.0,False,0.946,0.4447,111.17,False,False,False
KL_0122,Thrissur,Chalakudy,Vadakkemoodu,10.683522,76.061665,rural,104,12.95,True,2023,11,2023-11-01,8202.82,8202.82,225.3,47.29,0.0,False,0.832,0.3155,78.87,False,False,False
KL_0122,Thrissur,Chalakudy,Vadakkemoodu,10.683522,76.061665,rural,104,12.95,True,2023,12,2023-12-01,8184.56,8184.56,234.4,47.96,0.0,False,0.89,0.3148,78.7,False,False,True
KL_0122,Thrissur,Chalakudy,Vadakkemoodu,10.683522,76.061665,rural,104,12.95,True,2024,1,2024-01-01,8061.63,8061.63,232.2,47.63,0.0,False,0.931,0.3101,77.52,False,False,True
KL_0122,Thrissur,Chalakudy,Vadakkemoodu,10.683522,76.061665,rural,104,12.95,True,2024,2,2024-02-01,13379.74,13379.74,217.1,90.3,0.0,False,0.843,0.5146,128.65,False,False,True
KL_0122,Thrissur,Chalakudy,Vadakkemoodu,10.683522,76.061665,rural,104,12.95,True,2024,3,2024-03-01,6113.42,6113.42,222.1,40.91,0.0,False,0.875,0.2351,58.78,True,False,False
KL_0122,Thrissur,Chalakudy,Vadakkemoodu,10.683522,76.061665,rural,104,12.95,True,2024,4,2024-04-01,11208.45,11208.45,210.3,76.76,0.0,False,0.936,0.4311,107.77,True,False,False
KL_0122,Thrissur,Chalakudy,Vadakkemoodu,10.683522,76.061665,rural,104,12.95,True,2024,5,2024-05-01,11502.27,11502.27,235.9,74.5,0.0,False,0.803,0.4424,110.6,True,False,False
KL_0122,Thrissur,Chalakudy,Vadakkemoodu,10.683522,76.061665,rural,104,12.95,True,2024,6,2024-06-01,11505.57,11505.57,245.4,66.83,0.0,False,0.798,0.4425,110.63,False,True,False
KL_0122,Thrissur,Chalakudy,Vadakkemoodu,10.683522,76.061665,rural,104,12.95,True,2024,7,2024-07-01,7431.26,7431.26,218.1,42.76,0.0,False,0.788,0.2858,71.45,False,True,False
KL_0122,Thrissur,Chalakudy,Vadakkemoodu,10.683522,76.061665,rural,104,12.95,True,2024,8,2024-08-01,10708.39,10708.39,225.0,65.81,0.0,False,0.888,0.4119,102.97,False,True,False
KL_0122,Thrissur,Chalakudy,Vadakkemoodu,10.683522,76.061665,rural,104,12.95,True,2024,9,2024-09-01,10794.26,10794.26,232.4,60.35,0.0,False,0.799,0.4152,103.79,False,True,False
KL_0122,Thrissur,Chalakudy,Vadakkemoodu,10.683522,76.061665,rural,104,12.95,True,2024,10,2024-10-01,8175.67,8175.67,222.4,51.2,0.0,False,0.878,0.3144,78.61,False,False,False
KL_0122,Thrissur,Chalakudy,Vadakkemoodu,10.683522,76.061665,rural,104,12.95,True,2024,11,2024-11-01,9561.5,9561.5,229.9,60.73,0.0,False,0.918,0.3678,91.94,False,False,False
KL_0122,Thrissur,Chalakudy,Vadakkemoodu,10.683522,76.061665,rural,104,12.95,True,2024,12,2024-12-01,10475.08,10475.08,225.8,62.91,0.0,False,0.817,0.4029,100.72,False,False,True
KL_0123,Palakkad,Ottappalam,Cherathara,10.583088,76.737727,semi-urban,175,4.01,False,2023,1,2023-01-01,22500.14,22500.14,216.8,141.49,0.0,False,0.812,0.5143,128.57,False,False,True
KL_0123,Palakkad,Ottappalam,Cherathara,10.583088,76.737727,semi-urban,175,4.01,False,2023,2,2023-02-01,22684.43,22684.43,224.8,137.78,0.0,False,0.883,0.5185,129.63,False,False,True
KL_0123,Palakkad,Ottappalam,Cherathara,10.583088,76.737727,semi-urban,175,4.01,False,2023,3,2023-03-01,20669.2,20669.2,226.4,135.2,0.0,False,0.852,0.4724,118.11,True,False,False
KL_0123,Palakkad,Ottappalam,Cherathara,10.583088,76.737727,semi-urban,175,4.01,False,2023,4,2023-04-01,27449.54,27449.54,233.7,148.15,0.0,False,0.732,0.6274,156.85,True,False,False
KL_0123,Palakkad,Ottappalam,Cherathara,10.583088,76.737727,semi-urban,175,4.01,False,2023,5,2023-05-01,28370.09,28370.09,222.5,188.27,0.0,False,0.927,0.6485,162.11,True,False,False
KL_0123,Palakkad,Ottappalam,Cherathara,10.583088,76.737727,semi-urban,175,4.01,False,2023,6,2023-06-01,10483.15,10483.15,220.6,67.8,0.0,False,0.878,0.2396,59.9,False,True,False
KL_0123,Palakkad,Ottappalam,Cherathara,10.583088,76.737727,semi-urban,175,4.01,False,2023,7,2023-07-01,27336.63,27336.63,246.4,159.44,0.0,False,0.831,0.6248,156.21,False,True,False
KL_0123,Palakkad,Ottappalam,Cherathara,10.583088,76.737727,semi-urban,175,4.01,False,2023,8,2023-08-01,18498.81,18498.81,218.7,119.36,0.0,False,0.829,0.4228,105.71,False,True,False
KL_0123,Palakkad,Ottappalam,Cherathara,10.583088,76.737727,semi-urban,175,4.01,False,2023,9,2023-09-01,38164.35,38164.35,249.6,192.81,0.0,False,0.885,0.8723,218.08,False,True,False
KL_0123,Palakkad,Ottappalam,Cherathara,10.583088,76.737727,semi-urban,175,4.01,False,2023,10,2023-10-01,11473.29,11473.29,236.1,65.37,0.0,False,0.848,0.2622,65.56,False,False,False
KL_0123,Palakkad,Ottappalam,Cherathara,10.583088,76.737727,semi-urban,175,4.01,False,2023,11,2023-11-01,17145.03,17145.03,218.9,99.23,0.0,False,0.853,0.3919,97.97,False,False,False
KL_0123,Palakkad,Ottappalam,Cherathara,10.583088,76.737727,semi-urban,175,4.01,False,2023,12,2023-12-01,15422.77,15422.77,225.7,92.4,0.0,False,0.858,0.3525,88.13,False,False,True
KL_0123,Palakkad,Ottappalam,Cherathara,10.583088,76.737727,semi-urban,175,4.01,False,2024,1,2024-01-01,30311.61,30311.61,234.5,193.54,0.0,False,0.809,0.6928,173.21,False,False,True
KL_0123,Palakkad,Ottappalam,Cherathara,10.583088,76.737727,semi-urban,175,4.01,False,2024,2,2024-02-01,16459.95,16459.95,228.6,92.69,0.0,False,0.832,0.3762,94.06,False,False,True
KL_0123,Palakkad,Ottappalam,Cherathara,10.583088,76.737727,semi-urban,175,4.01,False,2024,3,2024-03-01,20795.72,20795.72,230.7,112.72,0.0,False,0.841,0.4753,118.83,True,False,False
KL_0123,Palakkad,Ottappalam,Cherathara,10.583088,76.737727,semi-urban,175,4.01,False,2024,4,2024-04-01,14406.2,14406.2,229.0,84.81,0.0,False,0.812,0.3293,82.32,True,False,False
KL_0123,Palakkad,Ottappalam,Cherathara,10.583088,76.737727,semi-urban,175,4.01,False,2024,5,2024-05-01,28816.3,28816.3,225.4,162.53,0.0,False,0.864,0.6587,164.66,True,False,False
KL_0123,Palakkad,Ottappalam,Cherathara,10.583088,76.737727,semi-urban,175,4.01,False,2024,6,2024-06-01,30885.47,30885.47,230.2,193.82,0.0,False,0.874,0.706,176.49,False,True,False
KL_0123,Palakkad,Ottappalam,Cherathara,10.583088,76.737727,semi-urban,175,4.01,False,2024,7,2024-07-01,23338.61,23338.61,216.7,155.98,0.0,False,0.934,0.5335,133.36,False,True,False
KL_0123,Palakkad,Ottappalam,Cherathara,10.583088,76.737727,semi-urban,175,4.01,False,2024,8,2024-08-01,30488.5,30488.5,227.9,172.16,0.0,False,0.812,0.6969,174.22,False,True,False
KL_0123,Palakkad,Ottappalam,Cherathara,10.583088,76.737727,semi-urban,175,4.01,False,2024,9,2024-09-01,27341.67,27341.67,229.9,157.95,0.0,False,0.895,0.625,156.24,False,True,False
KL_0123,Palakkad,Ottappalam,Cherathara,10.583088,76.737727,semi-urban,175,4.01,False,2024,10,2024-10-01,23832.69,23832.69,220.4,135.5,0.0,False,0.921,0.5447,136.19,False,False,False
KL_0123,Palakkad,Ottappalam,Cherathara,10.583088,76.737727,semi-urban,175,4.01,False,2024,11,2024-11-01,28900.52,28900.52,229.1,173.28,0.0,False,0.897,0.6606,165.15,False,False,False
KL_0123,Palakkad,Ottappalam,Cherathara,10.583088,76.737727,semi-urban,175,4.01,False,2024,12,2024-12-01,20355.58,20355.58,227.6,136.13,0.0,False,0.825,0.4653,116.32,False,False,True
KL_0124,Idukki,Adimali,Melapuram,9.637917,77.504555,rural,46,23.25,False,2023,1,2023-01-01,2793.04,2793.04,232.8,17.02,0.0,False,0.835,0.2429,60.72,False,False,True
KL_0124,Idukki,Adimali,Melapuram,9.637917,77.504555,rural,46,23.25,False,2023,2,2023-02-01,3210.49,3210.49,243.0,19.0,0.0,False,0.926,0.2792,69.79,False,False,True
KL_0124,Idukki,Adimali,Melapuram,9.637917,77.504555,rural,46,23.25,False,2023,3,2023-03-01,2752.65,2752.65,214.3,19.04,0.0,False,0.841,0.2394,59.84,True,False,False
KL_0124,Idukki,Adimali,Melapuram,9.637917,77.504555,rural,46,23.25,False,2023,4,2023-04-01,4446.12,4446.12,227.4,27.17,0.0,False,0.848,0.3866,96.65,True,False,False
KL_0124,Idukki,Adimali,Melapuram,9.637917,77.504555,rural,46,23.25,False,2023,5,2023-05-01,6760.06,6760.06,245.7,38.49,0.0,False,0.826,0.5878,146.96,True,False,False
KL_0124,Idukki,Adimali,Melapuram,9.637917,77.504555,rural,46,23.25,False,2023,6,2023-06-01,6335.84,6335.84,227.1,35.35,0.0,False,0.889,0.5509,137.74,False,True,False
KL_0124,Idukki,Adimali,Melapuram,9.637917,77.504555,rural,46,23.25,False,2023,7,2023-07-01,3938.27,3938.27,224.2,23.6,0.0,False,0.727,0.3425,85.61,False,True,False
KL_0124,Idukki,Adimali,Melapuram,9.637917,77.504555,rural,46,23.25,False,2023,8,2023-08-01,5682.82,5682.82,234.6,35.73,0.0,False,0.809,0.4942,123.54,False,True,False
KL_0124,Idukki,Adimali,Melapuram,9.637917,77.504555,rural,46,23.25,False,2023,9,2023-09-01,2911.66,2911.66,219.8,16.94,0.0,False,0.801,0.2532,63.3,False,True,False
KL_0124,Idukki,Adimali,Melapuram,9.637917,77.504555,rural,46,23.25,False,2023,10,2023-10-01,4864.68,4864.68,243.4,28.08,0.0,False,0.929,0.423,105.75,False,False,False
KL_0124,Idukki,Adimali,Melapuram,9.637917,77.504555,rural,46,23.25,False,2023,11,2023-11-01,3954.51,3954.51,233.1,23.69,0.0,False,0.862,0.3439,85.97,False,False,False
KL_0124,Idukki,Adimali,Melapuram,9.637917,77.504555,rural,46,23.25,False,2023,12,2023-12-01,1857.76,1857.76,244.5,10.08,0.0,False,0.84,0.1615,40.39,False,False,True
KL_0124,Idukki,Adimali,Melapuram,9.637917,77.504555,rural,46,23.25,False,2024,1,2024-01-01,2887.68,2887.68,227.0,18.52,0.0,False,0.84,0.2511,62.78,False,False,True
KL_0124,Idukki,Adimali,Melapuram,9.637917,77.504555,rural,46,23.25,False,2024,2,2024-02-01,4211.31,4211.31,220.5,26.61,0.0,False,0.781,0.3662,91.55,False,False,True
KL_0124,Idukki,Adimali,Melapuram,9.637917,77.504555,rural,46,23.25,False,2024,3,2024-03-01,3230.45,3230.45,235.0,18.52,0.0,False,0.918,0.2809,70.23,True,False,False
KL_0124,Idukki,Adimali,Melapuram,9.637917,77.504555,rural,46,23.25,False,2024,4,2024-04-01,5243.14,5243.14,245.3,29.61,0.0,False,0.832,0.4559,113.98,True,False,False
KL_0124,Idukki,Adimali,Melapuram,9.637917,77.504555,rural,46,23.25,False,2024,5,2024-05-01,5722.03,5722.03,224.9,35.03,0.0,False,0.88,0.4976,124.39,True,False,False
KL_0124,Idukki,Adimali,Melapuram,9.637917,77.504555,rural,46,23.25,False,2024,6,2024-06-01,4595.85,4595.85,229.3,30.07,0.0,False,0.817,0.3996,99.91,False,True,False
KL_0124,Idukki,Adimali,Melapuram,9.637917,77.504555,rural,46,23.25,False,2024,7,2024-07-01,2998.55,2998.55,229.9,19.62,0.0,False,0.847,0.2607,65.19,False,True,False
KL_0124,Idukki,Adimali,Melapuram,9.637917,77.504555,rural,46,23.25,False,2024,8,2024-08-01,1374.94,1374.94,222.0,8.27,0.0,False,0.804,0.1196,29.89,False,True,False
KL_0124,Idukki,Adimali,Melapuram,9.637917,77.504555,rural,46,23.25,False,2024,9,2024-09-01,1250.01,1250.01,228.6,7.63,0.0,False,0.838,0.1087,27.17,False,True,False
KL_0124,Idukki,Adimali,Melapuram,9.637917,77.504555,rural,46,23.25,False,2024,10,2024-10-01,2362.71,2362.71,221.1,15.34,0.0,False,0.902,0.2055,51.36,False,False,False
KL_0124,Idukki,Adimali,Melapuram,9.637917,77.504555,rural,46,23.25,False,2024,11,2024-11-01,4281.28,4281.28,226.7,26.75,0.0,False,0.855,0.3723,93.07,False,False,False
KL_0124,Idukki,Adimali,Melapuram,9.637917,77.504555,rural,46,23.25,False,2024,12,2024-12-01,3013.71,3013.71,228.1,20.0,0.0,False,0.869,0.2621,65.52,False,False,True
KL_0125,Malappuram,Tirur,Idavapara,11.103909,76.378697,semi-urban,187,2.81,False,2023,1,2023-01-01,21027.32,21027.32,232.1,136.56,0.0,False,0.853,0.4498,112.45,False,False,True
KL_0125,Malappuram,Tirur,Idavapara,11.103909,76.378697,semi-urban,187,2.81,False,2023,2,2023-02-01,25980.64,25980.64,224.1,150.6,0.0,False,0.932,0.5557,138.93,False,False,True
KL_0125,Malappuram,Tirur,Idavapara,11.103909,76.378697,semi-urban,187,2.81,False,2023,3,2023-03-01,18874.25,18874.25,226.8,115.39,0.0,False,0.809,0.4037,100.93,True,False,False
KL_0125,Malappuram,Tirur,Idavapara,11.103909,76.378697,semi-urban,187,2.81,False,2023,4,2023-04-01,29201.2,29201.2,219.2,176.52,0.0,False,0.843,0.6246,156.16,True,False,False
KL_0125,Malappuram,Tirur,Idavapara,11.103909,76.378697,semi-urban,187,2.81,False,2023,5,2023-05-01,32911.15,32911.15,227.2,211.25,0.0,False,0.859,0.704,176.0,True,False,False
KL_0125,Malappuram,Tirur,Idavapara,11.103909,76.378697,semi-urban,187,2.81,False,2023,6,2023-06-01,38905.47,38905.47,223.1,253.13,0.0,False,0.8,0.8322,208.05,False,True,False
KL_0125,Malappuram,Tirur,Idavapara,11.103909,76.378697,semi-urban,187,2.81,False,2023,7,2023-07-01,26370.55,26370.55,206.8,192.5,0.0,False,0.856,0.5641,141.02,False,True,False
KL_0125,Malappuram,Tirur,Idavapara,11.103909,76.378697,semi-urban,187,2.81,False,2023,8,2023-08-01,22360.79,22360.79,224.5,132.57,0.0,False,0.851,0.4783,119.58,False,True,False
KL_0125,Malappuram,Tirur,Idavapara,11.103909,76.378697,semi-urban,187,2.81,False,2023,9,2023-09-01,14191.34,14191.34,217.8,86.32,0.0,False,0.856,0.3036,75.89,False,True,False
KL_0125,Malappuram,Tirur,Idavapara,11.103909,76.378697,semi-urban,187,2.81,False,2023,10,2023-10-01,26301.04,26301.04,228.3,167.52,0.0,False,0.856,0.5626,140.65,False,False,False
KL_0125,Malappuram,Tirur,Idavapara,11.103909,76.378697,semi-urban,187,2.81,False,2023,11,2023-11-01,30535.94,30535.94,233.3,166.74,0.0,False,0.816,0.6532,163.29,False,False,False
KL_0125,Malappuram,Tirur,Idavapara,11.103909,76.378697,semi-urban,187,2.81,False,2023,12,2023-12-01,12796.81,12796.81,228.0,75.67,0.0,False,0.769,0.2737,68.43,False,False,True
KL_0125,Malappuram,Tirur,Idavapara,11.103909,76.378697,semi-urban,187,2.81,False,2024,1,2024-01-01,23220.39,23220.39,220.0,155.26,0.0,False,0.859,0.4967,124.17,False,False,True
KL_0125,Malappuram,Tirur,Idavapara,11.103909,76.378697,semi-urban,187,2.81,False,2024,2,2024-02-01,26548.17,26548.17,225.6,168.04,0.0,False,0.805,0.5679,141.97,False,False,True
KL_0125,Malappuram,Tirur,Idavapara,11.103909,76.378697,semi-urban,187,2.81,False,2024,3,2024-03-01,21094.68,21094.68,237.8,128.27,0.0,False,0.845,0.4512,112.81,True,False,False
KL_0125,Malappuram,Tirur,Idavapara,11.103909,76.378697,semi-urban,187,2.81,False,2024,4,2024-04-01,22854.2,22854.2,218.9,137.08,0.0,False,0.813,0.4889,122.21,True,False,False
KL_0125,Malappuram,Tirur,Idavapara,11.103909,76.378697,semi-urban,187,2.81,False,2024,5,2024-05-01,44346.54,44346.54,233.2,277.69,0.0,False,0.776,0.9486,237.15,True,False,False
KL_0125,Malappuram,Tirur,Idavapara,11.103909,76.378697,semi-urban,187,2.81,False,2024,6,2024-06-01,19028.23,19028.23,219.3,123.48,0.0,False,0.868,0.407,101.76,False,True,False
KL_0125,Malappuram,Tirur,Idavapara,11.103909,76.378697,semi-urban,187,2.81,False,2024,7,2024-07-01,20716.79,20716.79,230.4,130.92,0.0,False,0.885,0.4431,110.78,False,True,False
KL_0125,Malappuram,Tirur,Idavapara,11.103909,76.378697,semi-urban,187,2.81,False,2024,8,2024-08-01,24191.42,24191.42,215.9,144.53,0.0,False,0.905,0.5175,129.37,False,True,False
KL_0125,Malappuram,Tirur,Idavapara,11.103909,76.378697,semi-urban,187,2.81,False,2024,9,2024-09-01,21199.56,21199.56,227.8,140.67,0.0,False,0.828,0.4535,113.37,False,True,False
KL_0125,Malappuram,Tirur,Idavapara,11.103909,76.378697,semi-urban,187,2.81,False,2024,10,2024-10-01,22556.41,22556.41,218.5,148.61,0.0,False,0.852,0.4825,120.62,False,False,False
KL_0125,Malappuram,Tirur,Idavapara,11.103909,76.378697,semi-urban,187,2.81,False,2024,11,2024-11-01,19750.93,19750.93,234.1,127.45,0.0,False,0.867,0.4225,105.62,False,False,False
KL_0125,Malappuram,Tirur,Idavapara,11.103909,76.378697,semi-urban,187,2.81,False,2024,12,2024-12-01,17986.39,17986.39,224.0,117.25,0.0,False,0.901,0.3847,96.18,False,False,True
KL_0126,Idukki,Adimali,Pettakunnu,9.68314,77.335954,rural,115,12.7,False,2023,1,2023-01-01,10554.3,10554.3,218.0,71.14,0.0,False,0.762,0.3671,91.78,False,False,True
KL_0126,Idukki,Adimali,Pettakunnu,9.68314,77.335954,rural,115,12.7,False,2023,2,2023-02-01,13439.96,13439.96,225.6,74.99,0.0,False,0.777,0.4675,116.87,False,False,True
KL_0126,Idukki,Adimali,Pettakunnu,9.68314,77.335954,rural,115,12.7,False,2023,3,2023-03-01,8365.89,8365.89,216.7,53.45,0.0,False,0.919,0.291,72.75,True,False,False
KL_0126,Idukki,Adimali,Pettakunnu,9.68314,77.335954,rural,115,12.7,False,2023,4,2023-04-01,13720.4,13720.4,225.6,82.21,0.0,False,0.766,0.4772,119.31,True,False,False
KL_0126,Idukki,Adimali,Pettakunnu,9.68314,77.335954,rural,115,12.7,False,2023,5,2023-05-01,19145.09,19145.09,227.1,120.5,0.0,False,0.896,0.6659,166.48,True,False,False
KL_0126,Idukki,Adimali,Pettakunnu,9.68314,77.335954,rural,115,12.7,False,2023,6,2023-06-01,10594.3,10594.3,244.6,59.28,0.0,False,0.917,0.3685,92.12,False,True,False
KL_0126,Idukki,Adimali,Pettakunnu,9.68314,77.335954,rural,115,12.7,False,2023,7,2023-07-01,8406.78,8406.78,226.4,48.57,0.0,False,0.89,0.2924,73.1,False,True,False
KL_0126,Idukki,Adimali,Pettakunnu,9.68314,77.335954,rural,115,12.7,False,2023,8,2023-08-01,11540.68,11540.68,235.0,73.59,0.0,False,0.8,0.4014,100.35,False,True,False
KL_0126,Idukki,Adimali,Pettakunnu,9.68314,77.335954,rural,115,12.7,False,2023,9,2023-09-01,8006.54,8006.54,240.7,45.67,0.0,False,0.805,0.2785,69.62,False,True,False
KL_0126,Idukki,Adimali,Pettakunnu,9.68314,77.335954,rural,115,12.7,False,2023,10,2023-10-01,7501.23,7501.23,222.6,46.55,0.0,False,0.847,0.2609,65.23,False,False,False
KL_0126,Idukki,Adimali,Pettakunnu,9.68314,77.335954,rural,115,12.7,False,2023,11,2023-11-01,6123.8,6123.8,231.5,38.27,0.0,False,0.938,0.213,53.25,False,False,False
KL_0126,Idukki,Adimali,Pettakunnu,9.68314,77.335954,rural,115,12.7,False,2023,12,2023-12-01,10532.82,10532.82,204.9,76.19,0.0,False,0.937,0.3664,91.59,False,False,True
KL_0126,Idukki,Adimali,Pettakunnu,9.68314,77.335954,rural,115,12.7,False,2024,1,2024-01-01,9841.26,9841.26,221.2,65.95,0.0,False,0.865,0.3423,85.58,False,False,True
KL_0126,Idukki,Adimali,Pettakunnu,9.68314,77.335954,rural,115,12.7,False,2024,2,2024-02-01,8317.99,8317.99,233.4,53.03,0.0,False,0.77,0.2893,72.33,False,False,True
KL_0126,Idukki,Adimali,Pettakunnu,9.68314,77.335954,rural,115,12.7,False,2024,3,2024-03-01,6546.66,6546.66,230.3,36.24,0.0,False,0.858,0.2277,56.93,True,False,False
KL_0126,Idukki,Adimali,Pettakunnu,9.68314,77.335954,rural,115,12.7,False,2024,4,2024-04-01,11990.42,11990.42,239.9,68.75,0.0,False,0.84,0.4171,104.26,True,False,False
KL_0126,Idukki,Adimali,Pettakunnu,9.68314,77.335954,rural,115,12.7,False,2024,5,2024-05-01,9081.34,9081.34,235.3,55.42,0.0,False,0.851,0.3159,78.97,True,False,False
KL_0126,Idukki,Adimali,Pettakunnu,9.68314,77.335954,rural,115,12.7,False,2024,6,2024-06-01,8067.15,8067.15,226.9,44.89,0.0,False,0.767,0.2806,70.15,False,True,False
KL_0126,Idukki,Adimali,Pettakunnu,9.68314,77.335954,rural,115,12.7,False,2024,7,2024-07-01,8869.58,8869.58,211.0,54.72,0.0,False,0.862,0.3085,77.13,False,True,False
KL_0126,Idukki,Adimali,Pettakunnu,9.68314,77.335954,rural,115,12.7,False,2024,8,2024-08-01,9103.44,9103.44,220.6,53.96,0.0,False,0.775,0.3166,79.16,False,True,False
KL_0126,Idukki,Adimali,Pettakunnu,9.68314,77.335954,rural,115,12.7,False,2024,9,2024-09-01,12367.21,12367.21,230.5,68.58,0.0,False,0.724,0.4302,107.54,False,True,False
KL_0126,Idukki,Adimali,Pettakunnu,9.68314,77.335954,rural,115,12.7,False,2024,10,2024-10-01,15522.56,15522.56,239.2,92.57,0.0,False,0.861,0.5399,134.98,False,False,False
KL_0126,Idukki,Adimali,Pettakunnu,9.68314,77.335954,rural,115,12.7,False,2024,11,2024-11-01,12095.02,12095.02,226.6,80.35,0.0,False,0.946,0.4207,105.17,False,False,False
KL_0126,Idukki,Adimali,Pettakunnu,9.68314,77.335954,rural,115,12.7,False,2024,12,2024-12-01,10619.83,10619.83,230.6,58.97,0.0,False,0.808,0.3694,92.35,False,False,True
KL_0127,Alappuzha,Cherthala,Kodukunnu,9.524692,76.442453,rural,133,17.09,False,2023,1,2023-01-01,12496.94,12496.94,227.2,76.48,0.0,False,0.826,0.3758,93.96,False,False,True
KL_0127,Alappuzha,Cherthala,Kodukunnu,9.524692,76.442453,rural,133,17.09,False,2023,2,2023-02-01,6575.34,6575.34,238.0,40.35,0.0,False,0.895,0.1978,49.44,False,False,True
KL_0127,Alappuzha,Cherthala,Kodukunnu,9.524692,76.442453,rural,133,17.09,False,2023,3,2023-03-01,6059.49,6059.49,222.0,37.26,0.0,False,0.908,0.1822,45.56,True,False,False
KL_0127,Alappuzha,Cherthala,Kodukunnu,9.524692,76.442453,rural,133,17.09,False,2023,4,2023-04-01,17053.36,17053.36,218.0,101.09,0.0,False,0.855,0.5129,128.22,True,False,False
KL_0127,Alappuzha,Cherthala,Kodukunnu,9.524692,76.442453,rural,133,17.09,False,2023,5,2023-05-01,13371.23,13371.23,218.0,78.28,0.0,False,0.815,0.4021,100.54,True,False,False
KL_0127,Alappuzha,Cherthala,Kodukunnu,9.524692,76.442453,rural,133,17.09,False,2023,6,2023-06-01,9030.91,9030.91,219.8,53.61,0.0,False,0.916,0.2716,67.9,False,True,False
KL_0127,Alappuzha,Cherthala,Kodukunnu,9.524692,76.442453,rural,133,17.09,False,2023,7,2023-07-01,9164.31,9164.31,218.8,52.69,0.0,False,0.788,0.2756,68.9,False,True,False
KL_0127,Alappuzha,Cherthala,Kodukunnu,9.524692,76.442453,rural,133,17.09,False,2023,8,2023-08-01,14571.2,14571.2,240.8,81.18,0.0,False,0.824,0.4382,109.56,False,True,False
KL_0127,Alappuzha,Cherthala,Kodukunnu,9.524692,76.442453,rural,133,17.09,False,2023,9,2023-09-01,10405.9,10405.9,225.6,61.57,0.0,False,0.879,0.313,78.24,False,True,False
KL_0127,Alappuzha,Cherthala,Kodukunnu,9.524692,76.442453,rural,133,17.09,False,2023,10,2023-10-01,11746.6,11746.6,217.5,74.28,0.0,False,0.772,0.3533,88.32,False,False,False
KL_0127,Alappuzha,Cherthala,Kodukunnu,9.524692,76.442453,rural,133,17.09,False,2023,11,2023-11-01,5115.33,5115.33,236.9,30.21,0.0,False,0.869,0.1538,38.46,False,False,False
KL_0127,Alappuzha,Cherthala,Kodukunnu,9.524692,76.442453,rural,133,17.09,False,2023,12,2023-12-01,8064.1,8064.1,214.1,51.76,0.0,False,0.907,0.2425,60.63,False,False,True
KL_0127,Alappuzha,Cherthala,Kodukunnu,9.524692,76.442453,rural,133,17.09,False,2024,1,2024-01-01,11583.61,11583.61,234.3,72.73,0.0,False,0.934,0.3484,87.09,False,False,True
KL_0127,Alappuzha,Cherthala,Kodukunnu,9.524692,76.442453,rural,133,17.09,False,2024,2,2024-02-01,8864.21,8864.21,227.7,51.89,0.0,False,0.83,0.2666,66.65,False,False,True
KL_0127,Alappuzha,Cherthala,Kodukunnu,9.524692,76.442453,rural,133,17.09,False,2024,3,2024-03-01,8960.1,8960.1,220.8,50.95,0.0,False,0.828,0.2695,67.37,True,False,False
KL_0127,Alappuzha,Cherthala,Kodukunnu,9.524692,76.442453,rural,133,17.09,False,2024,4,2024-04-01,9852.24,9852.24,223.0,59.7,0.0,False,0.886,0.2963,74.08,True,False,False
KL_0127,Alappuzha,Cherthala,Kodukunnu,9.524692,76.442453,rural,133,17.09,False,2024,5,2024-05-01,13116.08,13116.08,230.9,80.89,0.0,False,0.819,0.3945,98.62,True,False,False
KL_0127,Alappuzha,Cherthala,Kodukunnu,9.524692,76.442453,rural,133,17.09,False,2024,6,2024-06-01,16411.43,16411.43,230.5,97.77,0.0,False,0.835,0.4936,123.39,False,True,False
KL_0127,Alappuzha,Cherthala,Kodukunnu,9.524692,76.442453,rural,133,17.09,False,2024,7,2024-07-01,8948.07,8948.07,235.1,50.48,0.0,False,0.866,0.2691,67.28,False,True,False
KL_0127,Alappuzha,Cherthala,Kodukunnu,9.524692,76.442453,rural,133,17.09,False,2024,8,2024-08-01,10355.77,10355.77,217.7,69.63,0.0,False,0.869,0.3115,77.86,False,True,False
KL_0127,Alappuzha,Cherthala,Kodukunnu,9.524692,76.442453,rural,133,17.09,False,2024,9,2024-09-01,4450.4,4450.4,219.4,25.61,0.0,False,0.755,0.1338,33.46,False,True,False
KL_0127,Alappuzha,Cherthala,Kodukunnu,9.524692,76.442453,rural,133,17.09,False,2024,10,2024-10-01,16216.62,16216.62,222.4,91.16,0.0,False,0.792,0.4877,121.93,False,False,False
KL_0127,Alappuzha,Cherthala,Kodukunnu,9.524692,76.442453,rural,133,17.09,False,2024,11,2024-11-01,8229.72,8229.72,225.7,55.29,0.0,False,0.758,0.2475,61.88,False,False,False
KL_0127,Alappuzha,Cherthala,Kodukunnu,9.524692,76.442453,rural,133,17.09,False,2024,12,2024-12-01,10064.27,10064.27,207.9,65.81,0.0,False,0.767,0.3027,75.67,False,False,True
KL_0128,Thiruvananthapuram,Attingal,Idavakunnu,8.730852,76.721957,semi-urban,159,5.48,False,2023,1,2023-01-01,19771.54,19771.54,211.8,138.16,0.0,False,0.794,0.4974,124.35,False,False,True
KL_0128,Thiruvananthapuram,Attingal,Idavakunnu,8.730852,76.721957,semi-urban,159,5.48,False,2023,2,2023-02-01,14009.0,14009.0,213.8,99.17,0.0,False,0.839,0.3524,88.11,False,False,True
KL_0128,Thiruvananthapuram,Attingal,Idavakunnu,8.730852,76.721957,semi-urban,159,5.48,False,2023,3,2023-03-01,16198.17,16198.17,232.0,94.38,0.0,False,0.844,0.4075,101.88,True,False,False
KL_0128,Thiruvananthapuram,Attingal,Idavakunnu,8.730852,76.721957,semi-urban,159,5.48,False,2023,4,2023-04-01,32453.1,32453.1,217.1,220.42,0.0,False,0.742,0.8164,204.11,True,False,False
KL_0128,Thiruvananthapuram,Attingal,Idavakunnu,8.730852,76.721957,semi-urban,159,5.48,False,2023,5,2023-05-01,37663.43,37663.43,228.6,251.48,0.0,False,0.803,0.9475,236.88,True,False,False
KL_0128,Thiruvananthapuram,Attingal,Idavakunnu,8.730852,76.721957,semi-urban,159,5.48,False,2023,6,2023-06-01,19183.36,19183.36,231.0,110.1,0.0,False,0.774,0.4826,120.65,False,True,False
KL_0128,Thiruvananthapuram,Attingal,Idavakunnu,8.730852,76.721957,semi-urban,159,5.48,False,2023,7,2023-07-01,28149.83,28149.83,232.0,160.72,0.0,False,0.84,0.7082,177.04,False,True,False
KL_0128,Thiruvananthapuram,Attingal,Idavakunnu,8.730852,76.721957,semi-urban,159,5.48,False,2023,8,2023-08-01,20764.34,20764.34,226.7,121.52,0.0,False,0.817,0.5224,130.59,False,True,False
KL_0128,Thiruvananthapuram,Attingal,Idavakunnu,8.730852,76.721957,semi-urban,159,5.48,False,2023,9,2023-09-01,20420.53,20420.53,225.7,130.85,0.0,False,0.913,0.5137,128.43,False,True,False
KL_0128,Thiruvananthapuram,Attingal,Idavakunnu,8.730852,76.721957,semi-urban,159,5.48,False,2023,10,2023-10-01,18925.2,18925.2,228.3,121.26,0.0,False,0.843,0.4761,119.03,False,False,False
KL_0128,Thiruvananthapuram,Attingal,Idavakunnu,8.730852,76.721957,semi-urban,159,5.48,False,2023,11,2023-11-01,22819.08,22819.08,218.0,142.25,0.0,False,0.82,0.5741,143.52,False,False,False
KL_0128,Thiruvananthapuram,Attingal,Idavakunnu,8.730852,76.721957,semi-urban,159,5.48,False,2023,12,2023-12-01,8613.27,8613.27,225.5,47.74,0.0,False,0.837,0.2167,54.17,False,False,True
KL_0128,Thiruvananthapuram,Attingal,Idavakunnu,8.730852,76.721957,semi-urban,159,5.48,False,2024,1,2024-01-01,17035.84,17035.84,229.8,97.44,0.0,False,0.818,0.4286,107.14,False,False,True
KL_0128,Thiruvananthapuram,Attingal,Idavakunnu,8.730852,76.721957,semi-urban,159,5.48,False,2024,2,2024-02-01,18311.2,18311.2,237.7,103.73,0.0,False,0.917,0.4607,115.16,False,False,True
KL_0128,Thiruvananthapuram,Attingal,Idavakunnu,8.730852,76.721957,semi-urban,159,5.48,False,2024,3,2024-03-01,25413.27,25413.27,227.3,153.96,0.0,False,0.833,0.6393,159.83,True,False,False
KL_0128,Thiruvananthapuram,Attingal,Idavakunnu,8.730852,76.721957,semi-urban,159,5.48,False,2024,4,2024-04-01,31529.14,31529.14,231.4,181.14,0.0,False,0.873,0.7932,198.3,True,False,False
KL_0128,Thiruvananthapuram,Attingal,Idavakunnu,8.730852,76.721957,semi-urban,159,5.48,False,2024,5,2024-05-01,26625.49,26625.49,220.5,161.76,0.0,False,0.889,0.6698,167.46,True,False,False
KL_0128,Thiruvananthapuram,Attingal,Idavakunnu,8.730852,76.721957,semi-urban,159,5.48,False,2024,6,2024-06-01,23108.48,23108.48,226.0,133.83,0.0,False,0.817,0.5813,145.34,False,True,False
KL_0128,Thiruvananthapuram,Attingal,Idavakunnu,8.730852,76.721957,semi-urban,159,5.48,False,2024,7,2024-07-01,25555.57,25555.57,223.6,161.7,0.0,False,0.76,0.6429,160.73,False,True,False
KL_0128,Thiruvananthapuram,Attingal,Idavakunnu,8.730852,76.721957,semi-urban,159,5.48,False,2024,8,2024-08-01,21688.35,21688.35,234.3,118.19,0.0,False,0.826,0.5456,136.4,False,True,False
KL_0128,Thiruvananthapuram,Attingal,Idavakunnu,8.730852,76.721957,semi-urban,159,5.48,False,2024,9,2024-09-01,22695.11,22695.11,219.1,135.85,0.0,False,0.882,0.5709,142.74,False,True,False
KL_0128,Thiruvananthapuram,Attingal,Idavakunnu,8.730852,76.721957,semi-urban,159,5.48,False,2024,10,2024-10-01,21414.03,21414.03,229.7,132.6,0.0,False,0.765,0.5387,134.68,False,False,False
KL_0128,Thiruvananthapuram,Attingal,Idavakunnu,8.730852,76.721957,semi-urban,159,5.48,False,2024,11,2024-11-01,25335.04,25335.04,216.3,170.28,0.0,False,0.863,0.6374,159.34,False,False,False
KL_0128,Thiruvananthapuram,Attingal,Idavakunnu,8.730852,76.721957,semi-urban,159,5.48,False,2024,12,2024-12-01,23569.68,23569.68,221.0,143.43,0.0,False,0.892,0.5929,148.24,False,False,True
KL_0129,Kasaragod,Kanhangad,Idavapuram,12.449354,74.9859,rural,169,22.1,False,2023,1,2023-01-01,14294.33,14294.33,229.0,94.16,0.0,False,0.92,0.3383,84.58,False,False,True
KL_0129,Kasaragod,Kanhangad,Idavapuram,12.449354,74.9859,rural,169,22.1,False,2023,2,2023-02-01,12729.42,12729.42,230.9,73.23,0.0,False,0.884,0.3013,75.32,False,False,True
KL_0129,Kasaragod,Kanhangad,Idavapuram,12.449354,74.9859,rural,169,22.1,False,2023,3,2023-03-01,18210.1,18210.1,232.6,115.17,0.0,False,0.865,0.431,107.75,True,False,False
KL_0129,Kasaragod,Kanhangad,Idavapuram,12.449354,74.9859,rural,169,22.1,False,2023,4,2023-04-01,7361.11,7361.11,215.4,50.72,0.0,False,0.859,0.1742,43.56,True,False,False
KL_0129,Kasaragod,Kanhangad,Idavapuram,12.449354,74.9859,rural,169,22.1,False,2023,5,2023-05-01,13022.5,13022.5,230.1,82.65,0.0,False,0.79,0.3082,77.06,True,False,False
KL_0129,Kasaragod,Kanhangad,Idavapuram,12.449354,74.9859,rural,169,22.1,False,2023,6,2023-06-01,4607.15,4607.15,226.4,25.44,0.0,False,0.803,0.109,27.26,False,True,False
KL_0129,Kasaragod,Kanhangad,Idavapuram,12.449354,74.9859,rural,169,22.1,False,2023,7,2023-07-01,13234.82,13234.82,231.6,75.09,0.0,False,0.763,0.3133,78.31,False,True,False
KL_0129,Kasaragod,Kanhangad,Idavapuram,12.449354,74.9859,rural,169,22.1,False,2023,8,2023-08-01,16697.82,16697.82,229.3,91.56,0.0,False,0.854,0.3952,98.8,False,True,False
KL_0129,Kasaragod,Kanhangad,Idavapuram,12.449354,74.9859,rural,169,22.1,False,2023,9,2023-09-01,12946.93,12946.93,223.1,86.65,0.0,False,0.872,0.3064,76.61,False,True,False
KL_0129,Kasaragod,Kanhangad,Idavapuram,12.449354,74.9859,rural,169,22.1,False,2023,10,2023-10-01,10481.06,10481.06,220.9,63.65,0.0,False,0.856,0.2481,62.02,False,False,False
KL_0129,Kasaragod,Kanhangad,Idavapuram,12.449354,74.9859,rural,169,22.1,False,2023,11,2023-11-01,8068.19,8068.19,221.6,51.92,0.0,False,0.864,0.191,47.74,False,False,False
KL_0129,Kasaragod,Kanhangad,Idavapuram,12.449354,74.9859,rural,169,22.1,False,2023,12,2023-12-01,20155.59,20155.59,213.8,132.86,0.0,False,0.888,0.4771,119.26,False,False,True
KL_0129,Kasaragod,Kanhangad,Idavapuram,12.449354,74.9859,rural,169,22.1,False,2024,1,2024-01-01,10464.36,10464.36,212.9,74.41,0.0,False,0.784,0.2477,61.92,False,False,True
KL_0129,Kasaragod,Kanhangad,Idavapuram,12.449354,74.9859,rural,169,22.1,False,2024,2,2024-02-01,14299.14,14299.14,236.5,77.28,0.0,False,0.853,0.3384,84.61,False,False,True
KL_0129,Kasaragod,Kanhangad,Idavapuram,12.449354,74.9859,rural,169,22.1,False,2024,3,2024-03-01,13777.52,13777.52,224.7,92.56,0.0,False,0.862,0.3261,81.52,True,False,False
KL_0129,Kasaragod,Kanhangad,Idavapuram,12.449354,74.9859,rural,169,22.1,False,2024,4,2024-04-01,14017.1,14017.1,234.4,88.19,0.0,False,0.827,0.3318,82.94,True,False,False
KL_0129,Kasaragod,Kanhangad,Idavapuram,12.449354,74.9859,rural,169,22.1,False,2024,5,2024-05-01,17493.32,17493.32,239.4,105.08,0.0,False,0.744,0.414,103.51,True,False,False
KL_0129,Kasaragod,Kanhangad,Idavapuram,12.449354,74.9859,rural,169,22.1,False,2024,6,2024-06-01,18372.37,18372.37,228.4,111.7,0.0,False,0.799,0.4348,108.71,False,True,False
KL_0129,Kasaragod,Kanhangad,Idavapuram,12.449354,74.9859,rural,169,22.1,False,2024,7,2024-07-01,16875.23,16875.23,219.8,115.71,0.0,False,0.825,0.3994,99.85,False,True,False
KL_0129,Kasaragod,Kanhangad,Idavapuram,12.449354,74.9859,rural,169,22.1,False,2024,8,2024-08-01,17687.69,17687.69,216.6,116.77,0.0,False,0.857,0.4186,104.66,False,True,False
KL_0129,Kasaragod,Kanhangad,Idavapuram,12.449354,74.9859,rural,169,22.1,False,2024,9,2024-09-01,15489.92,15489.92,221.6,88.49,0.0,False,0.852,0.3666,91.66,False,True,False
KL_0129,Kasaragod,Kanhangad,Idavapuram,12.449354,74.9859,rural,169,22.1,False,2024,10,2024-10-01,21914.49,21914.49,211.6,132.92,0.0,False,0.946,0.5187,129.67,False,False,False
KL_0129,Kasaragod,Kanhangad,Idavapuram,12.449354,74.9859,rural,169,22.1,False,2024,11,2024-11-01,21630.87,21630.87,232.5,122.47,0.0,False,0.897,0.512,127.99,False,False,False
KL_0129,Kasaragod,Kanhangad,Idavapuram,12.449354,74.9859,rural,169,22.1,False,2024,12,2024-12-01,14450.31,14450.31,220.1,87.94,0.0,False,0.849,0.342,85.5,False,False,True
KL_0130,Kasaragod,Uppala,Pallimoodu,12.552953,75.356314,rural,109,17.98,False,2023,1,2023-01-01,4818.03,6816.27,211.9,52.84,41.47,True,0.856,0.2501,62.53,False,False,True
KL_0130,Kasaragod,Uppala,Pallimoodu,12.552953,75.356314,rural,109,17.98,False,2023,2,2023-02-01,8670.03,8670.03,232.2,56.67,0.0,False,0.914,0.3182,79.54,False,False,True
KL_0130,Kasaragod,Uppala,Pallimoodu,12.552953,75.356314,rural,109,17.98,False,2023,3,2023-03-01,5803.0,5803.0,231.8,34.62,0.0,False,0.915,0.213,53.24,True,False,False
KL_0130,Kasaragod,Uppala,Pallimoodu,12.552953,75.356314,rural,109,17.98,False,2023,4,2023-04-01,13421.03,16970.63,225.2,121.27,26.45,True,0.867,0.6228,155.69,True,False,False
KL_0130,Kasaragod,Uppala,Pallimoodu,12.552953,75.356314,rural,109,17.98,False,2023,5,2023-05-01,10125.57,14495.29,228.8,109.6,43.16,True,0.937,0.5319,132.98,True,False,False
KL_0130,Kasaragod,Uppala,Pallimoodu,12.552953,75.356314,rural,109,17.98,False,2023,6,2023-06-01,8248.41,11234.82,216.3,84.08,36.21,True,0.805,0.4123,103.07,False,True,False
KL_0130,Kasaragod,Uppala,Pallimoodu,12.552953,75.356314,rural,109,17.98,False,2023,7,2023-07-01,7449.75,10003.76,226.5,69.58,34.28,True,0.849,0.3671,91.78,False,True,False
KL_0130,Kasaragod,Uppala,Pallimoodu,12.552953,75.356314,rural,109,17.98,False,2023,8,2023-08-01,12346.04,16324.42,224.7,122.48,32.22,True,1.008,0.5991,149.77,False,True,False
KL_0130,Kasaragod,Uppala,Pallimoodu,12.552953,75.356314,rural,109,17.98,False,2023,9,2023-09-01,7092.14,9264.92,222.4,72.48,30.64,True,0.886,0.34,85.0,False,True,False
KL_0130,Kasaragod,Uppala,Pallimoodu,12.552953,75.356314,rural,109,17.98,False,2023,10,2023-10-01,9963.68,12046.36,218.1,85.06,20.9,True,0.843,0.4421,110.52,False,False,False
KL_0130,Kasaragod,Uppala,Pallimoodu,12.552953,75.356314,rural,109,17.98,False,2023,11,2023-11-01,9317.16,11755.94,217.5,88.22,26.18,True,0.855,0.4314,107.85,False,False,False
KL_0130,Kasaragod,Uppala,Pallimoodu,12.552953,75.356314,rural,109,17.98,False,2023,12,2023-12-01,10163.25,14109.92,214.3,114.09,38.83,True,0.859,0.5178,129.45,False,False,True
KL_0130,Kasaragod,Uppala,Pallimoodu,12.552953,75.356314,rural,109,17.98,False,2024,1,2024-01-01,11605.89,11605.89,232.3,69.21,0.0,False,0.933,0.4259,106.48,False,False,True
KL_0130,Kasaragod,Uppala,Pallimoodu,12.552953,75.356314,rural,109,17.98,False,2024,2,2024-02-01,9257.06,10829.2,212.6,88.2,16.98,True,0.89,0.3974,99.35,False,False,True
KL_0130,Kasaragod,Uppala,Pallimoodu,12.552953,75.356314,rural,109,17.98,False,2024,3,2024-03-01,4113.56,4113.56,222.2,24.73,0.0,False,0.846,0.151,37.74,True,False,False
KL_0130,Kasaragod,Uppala,Pallimoodu,12.552953,75.356314,rural,109,17.98,False,2024,4,2024-04-01,11326.45,14019.3,226.9,105.85,23.77,True,0.766,0.5145,128.62,True,False,False
KL_0130,Kasaragod,Uppala,Pallimoodu,12.552953,75.356314,rural,109,17.98,False,2024,5,2024-05-01,9210.35,11125.1,219.9,87.7,20.79,True,0.814,0.4083,102.07,True,False,False
KL_0130,Kasaragod,Uppala,Pallimoodu,12.552953,75.356314,rural,109,17.98,False,2024,6,2024-06-01,14225.09,19912.86,214.6,147.3,39.98,True,0.853,0.7307,182.69,False,True,False
KL_0130,Kasaragod,Uppala,Pallimoodu,12.552953,75.356314,rural,109,17.98,False,2024,7,2024-07-01,9569.88,11697.82,223.4,82.3,22.24,True,0.844,0.4293,107.32,False,True,False
KL_0130,Kasaragod,Uppala,Pallimoodu,12.552953,75.356314,rural,109,17.98,False,2024,8,2024-08-01,11767.16,15713.78,223.9,119.43,33.54,True,0.905,0.5767,144.16,False,True,False
KL_0130,Kasaragod,Uppala,Pallimoodu,12.552953,75.356314,rural,109,17.98,False,2024,9,2024-09-01,10855.19,14246.06,219.6,109.1,31.24,True,0.838,0.5228,130.7,False,True,False
KL_0130,Kasaragod,Uppala,Pallimoodu,12.552953,75.356314,rural,109,17.98,False,2024,10,2024-10-01,11765.08,14939.23,235.6,98.79,26.98,True,0.892,0.5482,137.06,False,False,False
KL_0130,Kasaragod,Uppala,Pallimoodu,12.552953,75.356314,rural,109,17.98,False,2024,11,2024-11-01,6293.72,7510.75,222.7,56.26,19.34,True,0.776,0.2756,68.91,False,False,False
KL_0130,Kasaragod,Uppala,Pallimoodu,12.552953,75.356314,rural,109,17.98,False,2024,12,2024-12-01,6331.5,6331.5,243.0,34.26,0.0,False,0.824,0.2323,58.09,False,False,True
KL_0131,Kannur,Kannur,Vadakkepara,12.194039,75.57627,rural,119,7.15,False,2023,1,2023-01-01,12181.31,12181.31,233.0,74.6,0.0,False,0.885,0.4095,102.36,False,False,True
KL_0131,Kannur,Kannur,Vadakkepara,12.194039,75.57627,rural,119,7.15,False,2023,2,2023-02-01,4618.56,4618.56,204.9,33.74,0.0,False,0.953,0.1552,38.81,False,False,True
KL_0131,Kannur,Kannur,Vadakkepara,12.194039,75.57627,rural,119,7.15,False,2023,3,2023-03-01,13755.6,13755.6,230.1,91.33,0.0,False,0.843,0.4624,115.59,True,False,False
KL_0131,Kannur,Kannur,Vadakkepara,12.194039,75.57627,rural,119,7.15,False,2023,4,2023-04-01,11995.54,11995.54,235.3,67.36,0.0,False,0.891,0.4032,100.8,True,False,False
KL_0131,Kannur,Kannur,Vadakkepara,12.194039,75.57627,rural,119,7.15,False,2023,5,2023-05-01,14715.72,14715.72,245.1,77.01,0.0,False,0.917,0.4946,123.66,True,False,False
KL_0131,Kannur,Kannur,Vadakkepara,12.194039,75.57627,rural,119,7.15,False,2023,6,2023-06-01,2694.42,2694.42,229.1,16.69,0.0,False,0.898,0.0906,22.64,False,True,False
KL_0131,Kannur,Kannur,Vadakkepara,12.194039,75.57627,rural,119,7.15,False,2023,7,2023-07-01,10676.33,10676.33,228.2,62.78,0.0,False,0.887,0.3589,89.72,False,True,False
KL_0131,Kannur,Kannur,Vadakkepara,12.194039,75.57627,rural,119,7.15,False,2023,8,2023-08-01,7957.09,7957.09,238.9,42.61,0.0,False,0.832,0.2675,66.87,False,True,False
KL_0131,Kannur,Kannur,Vadakkepara,12.194039,75.57627,rural,119,7.15,False,2023,9,2023-09-01,10963.45,10963.45,224.0,67.68,0.0,False,0.926,0.3685,92.13,False,True,False
KL_0131,Kannur,Kannur,Vadakkepara,12.194039,75.57627,rural,119,7.15,False,2023,10,2023-10-01,7303.44,7303.44,221.3,44.96,0.0,False,0.784,0.2455,61.37,False,False,False
KL_0131,Kannur,Kannur,Vadakkepara,12.194039,75.57627,rural,119,7.15,False,2023,11,2023-11-01,11687.93,11687.93,221.9,75.26,0.0,False,0.787,0.3929,98.22,False,False,False
KL_0131,Kannur,Kannur,Vadakkepara,12.194039,75.57627,rural,119,7.15,False,2023,12,2023-12-01,8812.51,8812.51,231.5,50.51,0.0,False,0.943,0.2962,74.05,False,False,True
KL_0131,Kannur,Kannur,Vadakkepara,12.194039,75.57627,rural,119,7.15,False,2024,1,2024-01-01,8371.41,8371.41,223.0,47.72,0.0,False,0.868,0.2814,70.35,False,False,True
KL_0131,Kannur,Kannur,Vadakkepara,12.194039,75.57627,rural,119,7.15,False,2024,2,2024-02-01,10693.82,10693.82,244.4,66.14,0.0,False,0.788,0.3595,89.86,False,False,True
KL_0131,Kannur,Kannur,Vadakkepara,12.194039,75.57627,rural,119,7.15,False,2024,3,2024-03-01,14710.45,14710.45,201.7,101.91,0.0,False,0.778,0.4945,123.62,True,False,False
KL_0131,Kannur,Kannur,Vadakkepara,12.194039,75.57627,rural,119,7.15,False,2024,4,2024-04-01,9629.11,9629.11,225.2,61.4,0.0,False,0.776,0.3237,80.92,True,False,False
KL_0131,Kannur,Kannur,Vadakkepara,12.194039,75.57627,rural,119,7.15,False,2024,5,2024-05-01,15414.55,15414.55,225.2,86.06,0.0,False,0.952,0.5181,129.53,True,False,False
KL_0131,Kannur,Kannur,Vadakkepara,12.194039,75.57627,rural,119,7.15,False,2024,6,2024-06-01,15913.07,15913.07,224.2,96.31,0.0,False,0.846,0.5349,133.72,False,True,False
KL_0131,Kannur,Kannur,Vadakkepara,12.194039,75.57627,rural,119,7.15,False,2024,7,2024-07-01,9494.72,9494.72,227.3,56.63,0.0,False,0.824,0.3192,79.79,False,True,False
KL_0131,Kannur,Kannur,Vadakkepara,12.194039,75.57627,rural,119,7.15,False,2024,8,2024-08-01,11866.01,11866.01,229.7,71.28,0.0,False,0.931,0.3989,99.71,False,True,False
KL_0131,Kannur,Kannur,Vadakkepara,12.194039,75.57627,rural,119,7.15,False,2024,9,2024-09-01,8291.9,8291.9,232.4,51.32,0.0,False,0.863,0.2787,69.68,False,True,False
KL_0131,Kannur,Kannur,Vadakkepara,12.194039,75.57627,rural,119,7.15,False,2024,10,2024-10-01,13356.19,13356.19,234.2,85.12,0.0,False,0.834,0.4489,112.24,False,False,False
KL_0131,Kannur,Kannur,Vadakkepara,12.194039,75.57627,rural,119,7.15,False,2024,11,2024-11-01,14168.61,14168.61,241.6,73.82,0.0,False,0.903,0.4763,119.06,False,False,False
KL_0131,Kannur,Kannur,Vadakkepara,12.194039,75.57627,rural,119,7.15,False,2024,12,2024-12-01,9924.19,9924.19,224.9,57.06,0.0,False,0.88,0.3336,83.4,False,False,True
KL_0132,Thiruvananthapuram,Attingal,Vellithara,8.347874,76.485892,urban,140,3.38,False,2023,1,2023-01-01,16314.92,16314.92,238.7,99.75,0.0,False,0.88,0.4661,116.54,False,False,True
KL_0132,Thiruvananthapuram,Attingal,Vellithara,8.347874,76.485892,urban,140,3.38,False,2023,2,2023-02-01,16986.05,16986.05,233.1,94.62,0.0,False,0.836,0.4853,121.33,False,False,True
KL_0132,Thiruvananthapuram,Attingal,Vellithara,8.347874,76.485892,urban,140,3.38,False,2023,3,2023-03-01,22460.49,22460.49,239.1,129.34,0.0,False,0.805,0.6417,160.43,True,False,False
KL_0132,Thiruvananthapuram,Attingal,Vellithara,8.347874,76.485892,urban,140,3.38,False,2023,4,2023-04-01,28704.58,28704.58,223.2,174.62,0.0,False,0.799,0.8201,205.03,True,False,False
KL_0132,Thiruvananthapuram,Attingal,Vellithara,8.347874,76.485892,urban,140,3.38,False,2023,5,2023-05-01,25005.96,25005.96,234.4,156.78,0.0,False,0.855,0.7145,178.61,True,False,False
KL_0132,Thiruvananthapuram,Attingal,Vellithara,8.347874,76.485892,urban,140,3.38,False,2023,6,2023-06-01,24046.61,24046.61,227.3,154.35,0.0,False,0.85,0.687,171.76,False,True,False
KL_0132,Thiruvananthapuram,Attingal,Vellithara,8.347874,76.485892,urban,140,3.38,False,2023,7,2023-07-01,26770.39,26770.39,246.3,160.33,0.0,False,0.874,0.7649,191.22,False,True,False
KL_0132,Thiruvananthapuram,Attingal,Vellithara,8.347874,76.485892,urban,140,3.38,False,2023,8,2023-08-01,28715.13,28715.13,222.0,188.02,0.0,False,0.829,0.8204,205.11,False,True,False
KL_0132,Thiruvananthapuram,Attingal,Vellithara,8.347874,76.485892,urban,140,3.38,False,2023,9,2023-09-01,17041.09,17041.09,222.5,108.08,0.0,False,0.914,0.4869,121.72,False,True,False
KL_0132,Thiruvananthapuram,Attingal,Vellithara,8.347874,76.485892,urban,140,3.38,False,2023,10,2023-10-01,43064.16,43064.16,217.8,249.44,0.0,False,0.784,1.2304,307.6,False,False,False
KL_0132,Thiruvananthapuram,Attingal,Vellithara,8.347874,76.485892,urban,140,3.38,False,2023,11,2023-11-01,26216.74,26216.74,226.5,158.17,0.0,False,0.871,0.749,187.26,False,False,False
KL_0132,Thiruvananthapuram,Attingal,Vellithara,8.347874,76.485892,urban,140,3.38,False,2023,12,2023-12-01,19458.56,19458.56,243.5,108.77,0.0,False,0.805,0.556,138.99,False,False,True
KL_0132,Thiruvananthapuram,Attingal,Vellithara,8.347874,76.485892,urban,140,3.38,False,2024,1,2024-01-01,16649.36,16649.36,220.0,107.54,0.0,False,0.838,0.4757,118.92,False,False,True
KL_0132,Thiruvananthapuram,Attingal,Vellithara,8.347874,76.485892,urban,140,3.38,False,2024,2,2024-02-01,33632.57,33632.57,228.4,184.09,0.0,False,0.804,0.9609,240.23,False,False,True
KL_0132,Thiruvananthapuram,Attingal,Vellithara,8.347874,76.485892,urban,140,3.38,False,2024,3,2024-03-01,38328.39,38328.39,237.8,225.16,0.0,False,0.832,1.0951,273.77,True,False,False
KL_0132,Thiruvananthapuram,Attingal,Vellithara,8.347874,76.485892,urban,140,3.38,False,2024,4,2024-04-01,36534.23,36534.23,236.8,208.41,0.0,False,0.796,1.0438,260.96,True,False,False
KL_0132,Thiruvananthapuram,Attingal,Vellithara,8.347874,76.485892,urban,140,3.38,False,2024,5,2024-05-01,30518.96,30518.96,223.3,185.95,0.0,False,0.8,0.872,217.99,True,False,False
KL_0132,Thiruvananthapuram,Attingal,Vellithara,8.347874,76.485892,urban,140,3.38,False,2024,6,2024-06-01,30184.92,30184.92,217.9,208.62,0.0,False,0.898,0.8624,215.61,False,True,False
KL_0132,Thiruvananthapuram,Attingal,Vellithara,8.347874,76.485892,urban,140,3.38,False,2024,7,2024-07-01,27007.81,27007.81,228.2,179.84,0.0,False,0.781,0.7717,192.91,False,True,False
KL_0132,Thiruvananthapuram,Attingal,Vellithara,8.347874,76.485892,urban,140,3.38,False,2024,8,2024-08-01,30285.35,30285.35,236.5,186.0,0.0,False,0.882,0.8653,216.32,False,True,False
KL_0132,Thiruvananthapuram,Attingal,Vellithara,8.347874,76.485892,urban,140,3.38,False,2024,9,2024-09-01,26439.05,26439.05,236.7,159.51,0.0,False,0.893,0.7554,188.85,False,True,False
KL_0132,Thiruvananthapuram,Attingal,Vellithara,8.347874,76.485892,urban,140,3.38,False,2024,10,2024-10-01,36490.28,36490.28,228.8,210.94,0.0,False,0.887,1.0426,260.64,False,False,False
KL_0132,Thiruvananthapuram,Attingal,Vellithara,8.347874,76.485892,urban,140,3.38,False,2024,11,2024-11-01,30109.52,30109.52,216.6,210.52,0.0,False,0.849,0.8603,215.07,False,False,False
KL_0132,Thiruvananthapuram,Attingal,Vellithara,8.347874,76.485892,urban,140,3.38,False,2024,12,2024-12-01,24919.76,24919.76,231.3,149.41,0.0,False,0.795,0.712,178.0,False,False,True
KL_0133,Alappuzha,Haripad,Thekkevayal,9.18471,76.569022,rural,177,16.97,False,2023,1,2023-01-01,18075.56,18075.56,220.9,117.32,0.0,False,0.773,0.4085,102.12,False,False,True
KL_0133,Alappuzha,Haripad,Thekkevayal,9.18471,76.569022,rural,177,16.97,False,2023,2,2023-02-01,10440.62,10440.62,239.3,56.32,0.0,False,0.791,0.2359,58.99,False,False,True
KL_0133,Alappuzha,Haripad,Thekkevayal,9.18471,76.569022,rural,177,16.97,False,2023,3,2023-03-01,14027.12,14027.12,229.9,83.52,0.0,False,0.791,0.317,79.25,True,False,False
KL_0133,Alappuzha,Haripad,Thekkevayal,9.18471,76.569022,rural,177,16.97,False,2023,4,2023-04-01,17161.7,17161.7,219.1,115.28,0.0,False,0.864,0.3878,96.96,True,False,False
KL_0133,Alappuzha,Haripad,Thekkevayal,9.18471,76.569022,rural,177,16.97,False,2023,5,2023-05-01,19829.28,19829.28,222.7,123.95,0.0,False,0.779,0.4481,112.03,True,False,False
KL_0133,Alappuzha,Haripad,Thekkevayal,9.18471,76.569022,rural,177,16.97,False,2023,6,2023-06-01,22385.2,22385.2,237.3,138.12,0.0,False,0.84,0.5059,126.47,False,True,False
KL_0133,Alappuzha,Haripad,Thekkevayal,9.18471,76.569022,rural,177,16.97,False,2023,7,2023-07-01,10408.6,10408.6,231.9,59.83,0.0,False,0.852,0.2352,58.81,False,True,False
KL_0133,Alappuzha,Haripad,Thekkevayal,9.18471,76.569022,rural,177,16.97,False,2023,8,2023-08-01,21811.64,21811.64,220.2,132.78,0.0,False,0.835,0.4929,123.23,False,True,False
KL_0133,Alappuzha,Haripad,Thekkevayal,9.18471,76.569022,rural,177,16.97,False,2023,9,2023-09-01,17281.24,17281.24,236.0,108.25,0.0,False,0.836,0.3905,97.63,False,True,False
KL_0133,Alappuzha,Haripad,Thekkevayal,9.18471,76.569022,rural,177,16.97,False,2023,10,2023-10-01,13305.65,13305.65,226.1,83.17,0.0,False,0.914,0.3007,75.17,False,False,False
KL_0133,Alappuzha,Haripad,Thekkevayal,9.18471,76.569022,rural,177,16.97,False,2023,11,2023-11-01,23189.83,23189.83,231.4,131.82,0.0,False,0.875,0.5241,131.02,False,False,False
KL_0133,Alappuzha,Haripad,Thekkevayal,9.18471,76.569022,rural,177,16.97,False,2023,12,2023-12-01,12516.08,12516.08,238.3,73.43,0.0,False,0.885,0.2828,70.71,False,False,True
KL_0133,Alappuzha,Haripad,Thekkevayal,9.18471,76.569022,rural,177,16.97,False,2024,1,2024-01-01,12115.53,12115.53,227.8,67.64,0.0,False,0.831,0.2738,68.45,False,False,True
KL_0133,Alappuzha,Haripad,Thekkevayal,9.18471,76.569022,rural,177,16.97,False,2024,2,2024-02-01,8101.58,8101.58,230.9,47.09,0.0,False,0.889,0.1831,45.77,False,False,True
KL_0133,Alappuzha,Haripad,Thekkevayal,9.18471,76.569022,rural,177,16.97,False,2024,3,2024-03-01,7366.12,7366.12,229.8,47.77,0.0,False,0.865,0.1665,41.62,True,False,False
KL_0133,Alappuzha,Haripad,Thekkevayal,9.18471,76.569022,rural,177,16.97,False,2024,4,2024-04-01,27330.06,27330.06,224.6,179.5,0.0,False,0.861,0.6176,154.41,True,False,False
KL_0133,Alappuzha,Haripad,Thekkevayal,9.18471,76.569022,rural,177,16.97,False,2024,5,2024-05-01,21638.64,21638.64,221.3,125.87,0.0,False,0.83,0.489,122.25,True,False,False
KL_0133,Alappuzha,Haripad,Thekkevayal,9.18471,76.569022,rural,177,16.97,False,2024,6,2024-06-01,11583.94,11583.94,213.2,76.46,0.0,False,0.862,0.2618,65.45,False,True,False
KL_0133,Alappuzha,Haripad,Thekkevayal,9.18471,76.569022,rural,177,16.97,False,2024,7,2024-07-01,19983.9,19983.9,233.6,112.86,0.0,False,0.955,0.4516,112.9,False,True,False
KL_0133,Alappuzha,Haripad,Thekkevayal,9.18471,76.569022,rural,177,16.97,False,2024,8,2024-08-01,15126.74,15126.74,218.4,87.44,0.0,False,0.88,0.3418,85.46,False,True,False
KL_0133,Alappuzha,Haripad,Thekkevayal,9.18471,76.569022,rural,177,16.97,False,2024,9,2024-09-01,17710.98,17710.98,222.0,115.18,0.0,False,0.935,0.4002,100.06,False,True,False
KL_0133,Alappuzha,Haripad,Thekkevayal,9.18471,76.569022,rural,177,16.97,False,2024,10,2024-10-01,7912.37,7912.37,229.9,46.16,0.0,False,0.756,0.1788,44.7,False,False,False
KL_0133,Alappuzha,Haripad,Thekkevayal,9.18471,76.569022,rural,177,16.97,False,2024,11,2024-11-01,13278.65,13278.65,223.4,85.86,0.0,False,0.854,0.3001,75.02,False,False,False
KL_0133,Alappuzha,Haripad,Thekkevayal,9.18471,76.569022,rural,177,16.97,False,2024,12,2024-12-01,17325.36,17325.36,222.1,98.55,0.0,False,0.891,0.3915,97.88,False,False,True
KL_0134,Pathanamthitta,Pathanamthitta,Manakunnu,9.440018,76.720395,semi-urban,109,9.42,False,2023,1,2023-01-01,9949.99,9949.99,231.4,61.19,0.0,False,0.869,0.3651,91.28,False,False,True
KL_0134,Pathanamthitta,Pathanamthitta,Manakunnu,9.440018,76.720395,semi-urban,109,9.42,False,2023,2,2023-02-01,13869.38,13869.38,235.1,82.58,0.0,False,0.876,0.509,127.24,False,False,True
KL_0134,Pathanamthitta,Pathanamthitta,Manakunnu,9.440018,76.720395,semi-urban,109,9.42,False,2023,3,2023-03-01,10790.57,10790.57,218.4,72.17,0.0,False,0.831,0.396,99.0,True,False,False
KL_0134,Pathanamthitta,Pathanamthitta,Manakunnu,9.440018,76.720395,semi-urban,109,9.42,False,2023,4,2023-04-01,23190.84,23190.84,235.9,139.23,0.0,False,0.911,0.851,212.76,True,False,False
KL_0134,Pathanamthitta,Pathanamthitta,Manakunnu,9.440018,76.720395,semi-urban,109,9.42,False,2023,5,2023-05-01,22157.7,22157.7,209.7,156.19,0.0,False,0.77,0.8131,203.28,True,False,False
KL_0134,Pathanamthitta,Pathanamthitta,Manakunnu,9.440018,76.720395,semi-urban,109,9.42,False,2023,6,2023-06-01,17193.38,17193.38,219.6,109.98,0.0,False,0.843,0.6309,157.74,False,True,False
KL_0134,Pathanamthitta,Pathanamthitta,Manakunnu,9.440018,76.720395,semi-urban,109,9.42,False,2023,7,2023-07-01,17646.82,17646.82,217.2,107.86,0.0,False,0.856,0.6476,161.9,False,True,False
KL_0134,Pathanamthitta,Pathanamthitta,Manakunnu,9.440018,76.720395,semi-urban,109,9.42,False,2023,8,2023-08-01,14171.74,14171.74,220.5,92.78,0.0,False,0.821,0.5201,130.02,False,True,False
KL_0134,Pathanamthitta,Pathanamthitta,Manakunnu,9.440018,76.720395,semi-urban,109,9.42,False,2023,9,2023-09-01,12826.45,12826.45,229.3,84.66,0.0,False,0.851,0.4707,117.67,False,True,False
KL_0134,Pathanamthitta,Pathanamthitta,Manakunnu,9.440018,76.720395,semi-urban,109,9.42,False,2023,10,2023-10-01,17702.15,17702.15,240.4,109.0,0.0,False,0.752,0.6496,162.41,False,False,False
KL_0134,Pathanamthitta,Pathanamthitta,Manakunnu,9.440018,76.720395,semi-urban,109,9.42,False,2023,11,2023-11-01,8310.7,8310.7,223.5,55.41,0.0,False,0.785,0.305,76.24,False,False,False
KL_0134,Pathanamthitta,Pathanamthitta,Manakunnu,9.440018,76.720395,semi-urban,109,9.42,False,2023,12,2023-12-01,17649.67,17649.67,221.8,115.85,0.0,False,0.914,0.6477,161.92,False,False,True
KL_0134,Pathanamthitta,Pathanamthitta,Manakunnu,9.440018,76.720395,semi-urban,109,9.42,False,2024,1,2024-01-01,13356.5,13356.5,238.5,73.4,0.0,False,0.862,0.4901,122.54,False,False,True
KL_0134,Pathanamthitta,Pathanamthitta,Manakunnu,9.440018,76.720395,semi-urban,109,9.42,False,2024,2,2024-02-01,13404.28,13404.28,230.8,85.67,0.0,False,0.831,0.4919,122.98,False,False,True
KL_0134,Pathanamthitta,Pathanamthitta,Manakunnu,9.440018,76.720395,semi-urban,109,9.42,False,2024,3,2024-03-01,20501.78,20501.78,241.0,116.0,0.0,False,0.899,0.7524,188.09,True,False,False
KL_0134,Pathanamthitta,Pathanamthitta,Manakunnu,9.440018,76.720395,semi-urban,109,9.42,False,2024,4,2024-04-01,19008.7,19008.7,212.8,129.41,0.0,False,0.919,0.6976,174.39,True,False,False
KL_0134,Pathanamthitta,Pathanamthitta,Manakunnu,9.440018,76.720395,semi-urban,109,9.42,False,2024,5,2024-05-01,18221.92,18221.92,216.2,107.77,0.0,False,0.94,0.6687,167.17,True,False,False
KL_0134,Pathanamthitta,Pathanamthitta,Manakunnu,9.440018,76.720395,semi-urban,109,9.42,False,2024,6,2024-06-01,10976.64,10976.64,230.3,67.44,0.0,False,0.756,0.4028,100.7,False,True,False
KL_0134,Pathanamthitta,Pathanamthitta,Manakunnu,9.440018,76.720395,semi-urban,109,9.42,False,2024,7,2024-07-01,13405.91,13405.91,231.1,80.72,0.0,False,0.919,0.492,122.99,False,True,False
KL_0134,Pathanamthitta,Pathanamthitta,Manakunnu,9.440018,76.720395,semi-urban,109,9.42,False,2024,8,2024-08-01,11239.74,11239.74,220.4,67.52,0.0,False,0.792,0.4125,103.12,False,True,False
KL_0134,Pathanamthitta,Pathanamthitta,Manakunnu,9.440018,76.720395,semi-urban,109,9.42,False,2024,9,2024-09-01,17073.74,17073.74,227.0,108.03,0.0,False,0.865,0.6266,156.64,False,True,False
KL_0134,Pathanamthitta,Pathanamthitta,Manakunnu,9.440018,76.720395,semi-urban,109,9.42,False,2024,10,2024-10-01,18605.52,18605.52,229.6,107.06,0.0,False,0.881,0.6828,170.69,False,False,False
KL_0134,Pathanamthitta,Pathanamthitta,Manakunnu,9.440018,76.720395,semi-urban,109,9.42,False,2024,11,2024-11-01,13913.75,13913.75,218.0,81.3,0.0,False,0.93,0.5106,127.65,False,False,False
KL_0134,Pathanamthitta,Pathanamthitta,Manakunnu,9.440018,76.720395,semi-urban,109,9.42,False,2024,12,2024-12-01,12271.02,12271.02,223.8,70.6,0.0,False,0.873,0.4503,112.58,False,False,True
KL_0135,Malappuram,Manjeri,Kottakavu,11.112699,75.841311,rural,53,12.75,False,2023,1,2023-01-01,1708.13,1708.13,233.2,9.99,0.0,False,0.864,0.1289,32.23,False,False,True
KL_0135,Malappuram,Manjeri,Kottakavu,11.112699,75.841311,rural,53,12.75,False,2023,2,2023-02-01,4218.13,4218.13,233.5,23.14,0.0,False,0.808,0.3183,79.59,False,False,True
KL_0135,Malappuram,Manjeri,Kottakavu,11.112699,75.841311,rural,53,12.75,False,2023,3,2023-03-01,5826.58,5826.58,230.9,36.14,0.0,False,0.766,0.4397,109.94,True,False,False
KL_0135,Malappuram,Manjeri,Kottakavu,11.112699,75.841311,rural,53,12.75,False,2023,4,2023-04-01,5082.41,5082.41,221.3,28.79,0.0,False,0.807,0.3836,95.89,True,False,False
KL_0135,Malappuram,Manjeri,Kottakavu,11.112699,75.841311,rural,53,12.75,False,2023,5,2023-05-01,4303.89,4303.89,217.4,26.53,0.0,False,0.92,0.3248,81.21,True,False,False
KL_0135,Malappuram,Manjeri,Kottakavu,11.112699,75.841311,rural,53,12.75,False,2023,6,2023-06-01,5553.48,5553.48,201.6,41.32,0.0,False,0.852,0.4191,104.78,False,True,False
KL_0135,Malappuram,Manjeri,Kottakavu,11.112699,75.841311,rural,53,12.75,False,2023,7,2023-07-01,4200.11,4200.11,227.2,23.52,0.0,False,0.933,0.317,79.25,False,True,False
KL_0135,Malappuram,Manjeri,Kottakavu,11.112699,75.841311,rural,53,12.75,False,2023,8,2023-08-01,3220.66,3220.66,222.4,18.58,0.0,False,0.814,0.2431,60.77,False,True,False
KL_0135,Malappuram,Manjeri,Kottakavu,11.112699,75.841311,rural,53,12.75,False,2023,9,2023-09-01,5126.11,5126.11,227.9,30.06,0.0,False,0.889,0.3869,96.72,False,True,False
KL_0135,Malappuram,Manjeri,Kottakavu,11.112699,75.841311,rural,53,12.75,False,2023,10,2023-10-01,4109.85,4109.85,230.2,24.28,0.0,False,0.858,0.3102,77.54,False,False,False
KL_0135,Malappuram,Manjeri,Kottakavu,11.112699,75.841311,rural,53,12.75,False,2023,11,2023-11-01,4929.61,4929.61,216.0,32.04,0.0,False,0.915,0.372,93.01,False,False,False
KL_0135,Malappuram,Manjeri,Kottakavu,11.112699,75.841311,rural,53,12.75,False,2023,12,2023-12-01,3100.52,3100.52,241.0,16.39,0.0,False,0.839,0.234,58.5,False,False,True
KL_0135,Malappuram,Manjeri,Kottakavu,11.112699,75.841311,rural,53,12.75,False,2024,1,2024-01-01,4538.38,4538.38,238.7,28.53,0.0,False,0.844,0.3425,85.63,False,False,True
KL_0135,Malappuram,Manjeri,Kottakavu,11.112699,75.841311,rural,53,12.75,False,2024,2,2024-02-01,4887.37,4887.37,236.2,26.68,0.0,False,0.911,0.3689,92.21,False,False,True
KL_0135,Malappuram,Manjeri,Kottakavu,11.112699,75.841311,rural,53,12.75,False,2024,3,2024-03-01,3864.74,3864.74,240.3,20.8,0.0,False,0.746,0.2917,72.92,True,False,False
KL_0135,Malappuram,Manjeri,Kottakavu,11.112699,75.841311,rural,53,12.75,False,2024,4,2024-04-01,5878.49,5878.49,221.9,38.97,0.0,False,0.843,0.4437,110.91,True,False,False
KL_0135,Malappuram,Manjeri,Kottakavu,11.112699,75.841311,rural,53,12.75,False,2024,5,2024-05-01,3522.08,3522.08,230.6,20.52,0.0,False,0.767,0.2658,66.45,True,False,False
KL_0135,Malappuram,Manjeri,Kottakavu,11.112699,75.841311,rural,53,12.75,False,2024,6,2024-06-01,4120.63,4120.63,232.7,25.74,0.0,False,0.849,0.311,77.75,False,True,False
KL_0135,Malappuram,Manjeri,Kottakavu,11.112699,75.841311,rural,53,12.75,False,2024,7,2024-07-01,4800.82,4800.82,218.8,27.69,0.0,False,0.829,0.3623,90.58,False,True,False
KL_0135,Malappuram,Manjeri,Kottakavu,11.112699,75.841311,rural,53,12.75,False,2024,8,2024-08-01,4503.5,4503.5,229.2,27.77,0.0,False,0.88,0.3399,84.97,False,True,False
KL_0135,Malappuram,Manjeri,Kottakavu,11.112699,75.841311,rural,53,12.75,False,2024,9,2024-09-01,4189.8,4189.8,220.6,28.13,0.0,False,0.873,0.3162,79.05,False,True,False
KL_0135,Malappuram,Manjeri,Kottakavu,11.112699,75.841311,rural,53,12.75,False,2024,10,2024-10-01,4474.39,4474.39,229.7,27.71,0.0,False,0.836,0.3377,84.42,False,False,False
KL_0135,Malappuram,Manjeri,Kottakavu,11.112699,75.841311,rural,53,12.75,False,2024,11,2024-11-01,2619.05,2619.05,232.2,15.06,0.0,False,0.802,0.1977,49.42,False,False,False
KL_0135,Malappuram,Manjeri,Kottakavu,11.112699,75.841311,rural,53,12.75,False,2024,12,2024-12-01,3816.71,3816.71,236.8,22.51,0.0,False,0.854,0.2881,72.01,False,False,True
KL_0136,Kozhikode,Kozhikode,Vadakkethara,11.41044,75.627462,rural,26,9.88,False,2023,1,2023-01-01,2365.96,2365.96,233.2,14.67,0.0,False,0.915,0.364,91.0,False,False,True
KL_0136,Kozhikode,Kozhikode,Vadakkethara,11.41044,75.627462,rural,26,9.88,False,2023,2,2023-02-01,2111.16,2111.16,237.0,12.6,0.0,False,0.801,0.3248,81.2,False,False,True
KL_0136,Kozhikode,Kozhikode,Vadakkethara,11.41044,75.627462,rural,26,9.88,False,2023,3,2023-03-01,1817.7,1817.7,230.2,10.69,0.0,False,0.775,0.2796,69.91,True,False,False
KL_0136,Kozhikode,Kozhikode,Vadakkethara,11.41044,75.627462,rural,26,9.88,False,2023,4,2023-04-01,3734.59,3734.59,238.9,22.15,0.0,False,0.758,0.5746,143.64,True,False,False
KL_0136,Kozhikode,Kozhikode,Vadakkethara,11.41044,75.627462,rural,26,9.88,False,2023,5,2023-05-01,3303.62,3303.62,226.4,21.33,0.0,False,0.773,0.5082,127.06,True,False,False
KL_0136,Kozhikode,Kozhikode,Vadakkethara,11.41044,75.627462,rural,26,9.88,False,2023,6,2023-06-01,2933.25,2933.25,224.8,18.83,0.0,False,0.85,0.4513,112.82,False,True,False
KL_0136,Kozhikode,Kozhikode,Vadakkethara,11.41044,75.627462,rural,26,9.88,False,2023,7,2023-07-01,1707.42,1707.42,239.4,10.6,0.0,False,0.78,0.2627,65.67,False,True,False
KL_0136,Kozhikode,Kozhikode,Vadakkethara,11.41044,75.627462,rural,26,9.88,False,2023,8,2023-08-01,2117.36,2117.36,225.7,11.76,0.0,False,0.831,0.3257,81.44,False,True,False
KL_0136,Kozhikode,Kozhikode,Vadakkethara,11.41044,75.627462,rural,26,9.88,False,2023,9,2023-09-01,1613.42,1613.42,213.6,9.77,0.0,False,0.873,0.2482,62.05,False,True,False
KL_0136,Kozhikode,Kozhikode,Vadakkethara,11.41044,75.627462,rural,26,9.88,False,2023,10,2023-10-01,2195.71,2195.71,245.1,12.59,0.0,False,0.744,0.3378,84.45,False,False,False
KL_0136,Kozhikode,Kozhikode,Vadakkethara,11.41044,75.627462,rural,26,9.88,False,2023,11,2023-11-01,1171.04,1171.04,219.0,7.33,0.0,False,0.899,0.1802,45.04,False,False,False
KL_0136,Kozhikode,Kozhikode,Vadakkethara,11.41044,75.627462,rural,26,9.88,False,2023,12,2023-12-01,2338.41,2338.41,233.9,13.74,0.0,False,0.921,0.3598,89.94,False,False,True
KL_0136,Kozhikode,Kozhikode,Vadakkethara,11.41044,75.627462,rural,26,9.88,False,2024,1,2024-01-01,2591.64,2591.64,234.4,15.56,0.0,False,0.943,0.3987,99.68,False,False,True
KL_0136,Kozhikode,Kozhikode,Vadakkethara,11.41044,75.627462,rural,26,9.88,False,2024,2,2024-02-01,2099.16,2099.16,217.9,14.1,0.0,False,0.924,0.3229,80.74,False,False,True
KL_0136,Kozhikode,Kozhikode,Vadakkethara,11.41044,75.627462,rural,26,9.88,False,2024,3,2024-03-01,606.57,606.57,221.2,3.96,0.0,False,0.971,0.0933,23.33,True,False,False
KL_0136,Kozhikode,Kozhikode,Vadakkethara,11.41044,75.627462,rural,26,9.88,False,2024,4,2024-04-01,2129.61,2129.61,240.0,11.49,0.0,False,0.862,0.3276,81.91,True,False,False
KL_0136,Kozhikode,Kozhikode,Vadakkethara,11.41044,75.627462,rural,26,9.88,False,2024,5,2024-05-01,2972.34,2972.34,228.6,17.41,0.0,False,0.89,0.4573,114.32,True,False,False
KL_0136,Kozhikode,Kozhikode,Vadakkethara,11.41044,75.627462,rural,26,9.88,False,2024,6,2024-06-01,2443.89,2443.89,220.3,15.2,0.0,False,0.837,0.376,94.0,False,True,False
KL_0136,Kozhikode,Kozhikode,Vadakkethara,11.41044,75.627462,rural,26,9.88,False,2024,7,2024-07-01,2185.05,2185.05,236.9,12.48,0.0,False,0.883,0.3362,84.04,False,True,False
KL_0136,Kozhikode,Kozhikode,Vadakkethara,11.41044,75.627462,rural,26,9.88,False,2024,8,2024-08-01,1630.36,1630.36,233.9,10.43,0.0,False,0.857,0.2508,62.71,False,True,False
KL_0136,Kozhikode,Kozhikode,Vadakkethara,11.41044,75.627462,rural,26,9.88,False,2024,9,2024-09-01,3219.91,3219.91,235.0,18.1,0.0,False,0.767,0.4954,123.84,False,True,False
KL_0136,Kozhikode,Kozhikode,Vadakkethara,11.41044,75.627462,rural,26,9.88,False,2024,10,2024-10-01,2546.12,2546.12,248.1,15.4,0.0,False,0.775,0.3917,97.93,False,False,False
KL_0136,Kozhikode,Kozhikode,Vadakkethara,11.41044,75.627462,rural,26,9.88,False,2024,11,2024-11-01,656.16,656.16,228.4,4.36,0.0,False,0.94,0.1009,25.24,False,False,False
KL_0136,Kozhikode,Kozhikode,Vadakkethara,11.41044,75.627462,rural,26,9.88,False,2024,12,2024-12-01,2739.99,2739.99,212.0,17.29,0.0,False,0.858,0.4215,105.38,False,False,True
KL_0137,Thrissur,Kodungallur,Koduthara,10.33224,76.346326,urban,170,3.72,False,2023,1,2023-01-01,21398.52,21398.52,231.6,124.72,0.0,False,0.921,0.5035,125.87,False,False,True
KL_0137,Thrissur,Kodungallur,Koduthara,10.33224,76.346326,urban,170,3.72,False,2023,2,2023-02-01,28241.42,28241.42,222.1,173.69,0.0,False,0.822,0.6645,166.13,False,False,True
KL_0137,Thrissur,Kodungallur,Koduthara,10.33224,76.346326,urban,170,3.72,False,2023,3,2023-03-01,36789.84,36789.84,203.8,237.73,0.0,False,0.805,0.8656,216.41,True,False,False
KL_0137,Thrissur,Kodungallur,Koduthara,10.33224,76.346326,urban,170,3.72,False,2023,4,2023-04-01,26900.36,26900.36,213.6,161.55,0.0,False,0.846,0.6329,158.24,True,False,False
KL_0137,Thrissur,Kodungallur,Koduthara,10.33224,76.346326,urban,170,3.72,False,2023,5,2023-05-01,43111.67,43111.67,222.7,245.9,0.0,False,0.889,1.0144,253.6,True,False,False
KL_0137,Thrissur,Kodungallur,Koduthara,10.33224,76.346326,urban,170,3.72,False,2023,6,2023-06-01,28833.52,28833.52,224.8,170.54,0.0,False,0.92,0.6784,169.61,False,True,False
KL_0137,Thrissur,Kodungallur,Koduthara,10.33224,76.346326,urban,170,3.72,False,2023,7,2023-07-01,29633.83,29633.83,217.5,180.6,0.0,False,0.859,0.6973,174.32,False,True,False
KL_0137,Thrissur,Kodungallur,Koduthara,10.33224,76.346326,urban,170,3.72,False,2023,8,2023-08-01,37886.95,37886.95,233.9,243.68,0.0,False,0.883,0.8915,222.86,False,True,False
KL_0137,Thrissur,Kodungallur,Koduthara,10.33224,76.346326,urban,170,3.72,False,2023,9,2023-09-01,20125.19,20125.19,224.8,134.97,0.0,False,0.843,0.4735,118.38,False,True,False
KL_0137,Thrissur,Kodungallur,Koduthara,10.33224,76.346326,urban,170,3.72,False,2023,10,2023-10-01,25112.89,25112.89,233.3,156.19,0.0,False,0.923,0.5909,147.72,False,False,False
KL_0137,Thrissur,Kodungallur,Koduthara,10.33224,76.346326,urban,170,3.72,False,2023,11,2023-11-01,22299.87,22299.87,224.7,141.66,0.0,False,0.924,0.5247,131.18,False,False,False
KL_0137,Thrissur,Kodungallur,Koduthara,10.33224,76.346326,urban,170,3.72,False,2023,12,2023-12-01,28720.38,28720.38,230.8,162.04,0.0,False,0.811,0.6758,168.94,False,False,True
KL_0137,Thrissur,Kodungallur,Koduthara,10.33224,76.346326,urban,170,3.72,False,2024,1,2024-01-01,29444.51,29444.51,220.9,179.53,0.0,False,0.869,0.6928,173.2,False,False,True
KL_0137,Thrissur,Kodungallur,Koduthara,10.33224,76.346326,urban,170,3.72,False,2024,2,2024-02-01,43820.88,43820.88,229.0,282.22,0.0,False,0.8,1.0311,257.77,False,False,True
KL_0137,Thrissur,Kodungallur,Koduthara,10.33224,76.346326,urban,170,3.72,False,2024,3,2024-03-01,22232.03,22232.03,227.8,126.43,0.0,False,0.891,0.5231,130.78,True,False,False
KL_0137,Thrissur,Kodungallur,Koduthara,10.33224,76.346326,urban,170,3.72,False,2024,4,2024-04-01,42259.27,42259.27,207.4,305.98,0.0,False,0.83,0.9943,248.58,True,False,False
KL_0137,Thrissur,Kodungallur,Koduthara,10.33224,76.346326,urban,170,3.72,False,2024,5,2024-05-01,39633.04,39633.04,229.7,240.96,0.0,False,0.81,0.9325,233.14,True,False,False
KL_0137,Thrissur,Kodungallur,Koduthara,10.33224,76.346326,urban,170,3.72,False,2024,6,2024-06-01,37208.95,37208.95,236.7,211.58,0.0,False,0.748,0.8755,218.88,False,True,False
KL_0137,Thrissur,Kodungallur,Koduthara,10.33224,76.346326,urban,170,3.72,False,2024,7,2024-07-01,23401.82,23401.82,231.5,128.13,0.0,False,0.904,0.5506,137.66,False,True,False
KL_0137,Thrissur,Kodungallur,Koduthara,10.33224,76.346326,urban,170,3.72,False,2024,8,2024-08-01,38445.47,38445.47,224.2,222.07,0.0,False,0.86,0.9046,226.15,False,True,False
KL_0137,Thrissur,Kodungallur,Koduthara,10.33224,76.346326,urban,170,3.72,False,2024,9,2024-09-01,32870.84,32870.84,226.3,218.65,0.0,False,0.863,0.7734,193.36,False,True,False
KL_0137,Thrissur,Kodungallur,Koduthara,10.33224,76.346326,urban,170,3.72,False,2024,10,2024-10-01,37342.45,37342.45,222.4,237.54,0.0,False,0.892,0.8786,219.66,False,False,False
KL_0137,Thrissur,Kodungallur,Koduthara,10.33224,76.346326,urban,170,3.72,False,2024,11,2024-11-01,36626.83,36626.83,234.7,225.45,0.0,False,0.812,0.8618,215.45,False,False,False
KL_0137,Thrissur,Kodungallur,Koduthara,10.33224,76.346326,urban,170,3.72,False,2024,12,2024-12-01,26078.73,26078.73,219.9,158.83,0.0,False,0.804,0.6136,153.4,False,False,True
KL_0138,Kottayam,Pala,Kizhakmukku,9.448015,76.568119,rural,32,21.22,False,2023,1,2023-01-01,2826.77,2826.77,227.2,18.49,0.0,False,0.877,0.3533,88.34,False,False,True
KL_0138,Kottayam,Pala,Kizhakmukku,9.448015,76.568119,rural,32,21.22,False,2023,2,2023-02-01,1699.72,1699.72,227.0,9.55,0.0,False,0.908,0.2125,53.12,False,False,True
KL_0138,Kottayam,Pala,Kizhakmukku,9.448015,76.568119,rural,32,21.22,False,2023,3,2023-03-01,3024.0,3024.0,241.9,16.07,0.0,False,0.877,0.378,94.5,True,False,False
KL_0138,Kottayam,Pala,Kizhakmukku,9.448015,76.568119,rural,32,21.22,False,2023,4,2023-04-01,3004.38,3004.38,227.7,17.6,0.0,False,0.93,0.3755,93.89,True,False,False
KL_0138,Kottayam,Pala,Kizhakmukku,9.448015,76.568119,rural,32,21.22,False,2023,5,2023-05-01,4534.55,4534.55,237.2,24.27,0.0,False,0.878,0.5668,141.7,True,False,False
KL_0138,Kottayam,Pala,Kizhakmukku,9.448015,76.568119,rural,32,21.22,False,2023,6,2023-06-01,1682.65,1682.65,221.5,9.92,0.0,False,0.875,0.2103,52.58,False,True,False
KL_0138,Kottayam,Pala,Kizhakmukku,9.448015,76.568119,rural,32,21.22,False,2023,7,2023-07-01,2437.37,2437.37,228.6,13.64,0.0,False,0.891,0.3047,76.17,False,True,False
KL_0138,Kottayam,Pala,Kizhakmukku,9.448015,76.568119,rural,32,21.22,False,2023,8,2023-08-01,2289.55,2289.55,233.5,14.71,0.0,False,0.838,0.2862,71.55,False,True,False
KL_0138,Kottayam,Pala,Kizhakmukku,9.448015,76.568119,rural,32,21.22,False,2023,9,2023-09-01,2152.09,2152.09,227.1,13.98,0.0,False,0.788,0.269,67.25,False,True,False
KL_0138,Kottayam,Pala,Kizhakmukku,9.448015,76.568119,rural,32,21.22,False,2023,10,2023-10-01,2075.83,2075.83,245.1,12.89,0.0,False,0.851,0.2595,64.87,False,False,False
KL_0138,Kottayam,Pala,Kizhakmukku,9.448015,76.568119,rural,32,21.22,False,2023,11,2023-11-01,1972.72,1972.72,220.4,11.2,0.0,False,0.886,0.2466,61.65,False,False,False
KL_0138,Kottayam,Pala,Kizhakmukku,9.448015,76.568119,rural,32,21.22,False,2023,12,2023-12-01,3727.18,3727.18,213.3,21.94,0.0,False,0.807,0.4659,116.47,False,False,True
KL_0138,Kottayam,Pala,Kizhakmukku,9.448015,76.568119,rural,32,21.22,False,2024,1,2024-01-01,2566.03,2566.03,237.3,13.65,0.0,False,0.78,0.3208,80.19,False,False,True
KL_0138,Kottayam,Pala,Kizhakmukku,9.448015,76.568119,rural,32,21.22,False,2024,2,2024-02-01,1173.34,1173.34,245.8,7.02,0.0,False,0.814,0.1467,36.67,False,False,True
KL_0138,Kottayam,Pala,Kizhakmukku,9.448015,76.568119,rural,32,21.22,False,2024,3,2024-03-01,3156.93,3156.93,229.9,19.49,0.0,False,0.917,0.3946,98.65,True,False,False
KL_0138,Kottayam,Pala,Kizhakmukku,9.448015,76.568119,rural,32,21.22,False,2024,4,2024-04-01,3438.6,3438.6,228.6,19.32,0.0,False,0.875,0.4298,107.46,True,False,False
KL_0138,Kottayam,Pala,Kizhakmukku,9.448015,76.568119,rural,32,21.22,False,2024,5,2024-05-01,3640.56,3640.56,221.8,21.48,0.0,False,0.844,0.4551,113.77,True,False,False
KL_0138,Kottayam,Pala,Kizhakmukku,9.448015,76.568119,rural,32,21.22,False,2024,6,2024-06-01,3332.87,3332.87,230.4,21.33,0.0,False,0.802,0.4166,104.15,False,True,False
KL_0138,Kottayam,Pala,Kizhakmukku,9.448015,76.568119,rural,32,21.22,False,2024,7,2024-07-01,2123.99,2123.99,254.2,11.02,0.0,False,0.864,0.2655,66.37,False,True,False
KL_0138,Kottayam,Pala,Kizhakmukku,9.448015,76.568119,rural,32,21.22,False,2024,8,2024-08-01,3776.36,3776.36,239.8,22.52,0.0,False,0.859,0.472,118.01,False,True,False
KL_0138,Kottayam,Pala,Kizhakmukku,9.448015,76.568119,rural,32,21.22,False,2024,9,2024-09-01,2128.75,2128.75,229.1,13.21,0.0,False,0.873,0.2661,66.52,False,True,False
KL_0138,Kottayam,Pala,Kizhakmukku,9.448015,76.568119,rural,32,21.22,False,2024,10,2024-10-01,3637.33,3637.33,221.3,23.89,0.0,False,0.975,0.4547,113.67,False,False,False
KL_0138,Kottayam,Pala,Kizhakmukku,9.448015,76.568119,rural,32,21.22,False,2024,11,2024-11-01,3402.65,3402.65,229.1,19.93,0.0,False,0.875,0.4253,106.33,False,False,False
KL_0138,Kottayam,Pala,Kizhakmukku,9.448015,76.568119,rural,32,21.22,False,2024,12,2024-12-01,2301.36,2301.36,222.6,14.02,0.0,False,0.815,0.2877,71.92,False,False,True
KL_0139,Kollam,Punalur,Puzhavayal,8.780916,76.793731,rural,59,13.19,False,2023,1,2023-01-01,2725.65,2725.65,231.0,16.47,0.0,False,0.781,0.1848,46.2,False,False,True
KL_0139,Kollam,Punalur,Puzhavayal,8.780916,76.793731,rural,59,13.19,False,2023,2,2023-02-01,5179.18,5179.18,242.7,32.0,0.0,False,0.822,0.3511,87.78,False,False,True
KL_0139,Kollam,Punalur,Puzhavayal,8.780916,76.793731,rural,59,13.19,False,2023,3,2023-03-01,5258.55,5258.55,222.8,30.7,0.0,False,0.827,0.3565,89.13,True,False,False
KL_0139,Kollam,Punalur,Puzhavayal,8.780916,76.793731,rural,59,13.19,False,2023,4,2023-04-01,5826.16,5826.16,213.3,37.5,0.0,False,0.891,0.395,98.75,True,False,False
KL_0139,Kollam,Punalur,Puzhavayal,8.780916,76.793731,rural,59,13.19,False,2023,5,2023-05-01,6148.06,6148.06,217.2,37.4,0.0,False,0.819,0.4168,104.2,True,False,False
KL_0139,Kollam,Punalur,Puzhavayal,8.780916,76.793731,rural,59,13.19,False,2023,6,2023-06-01,4884.54,4884.54,223.0,29.37,0.0,False,0.8,0.3312,82.79,False,True,False
KL_0139,Kollam,Punalur,Puzhavayal,8.780916,76.793731,rural,59,13.19,False,2023,7,2023-07-01,5232.49,5232.49,235.1,33.26,0.0,False,0.877,0.3547,88.69,False,True,False
KL_0139,Kollam,Punalur,Puzhavayal,8.780916,76.793731,rural,59,13.19,False,2023,8,2023-08-01,5750.01,5750.01,220.9,36.36,0.0,False,0.819,0.3898,97.46,False,True,False
KL_0139,Kollam,Punalur,Puzhavayal,8.780916,76.793731,rural,59,13.19,False,2023,9,2023-09-01,5930.68,5930.68,227.5,33.23,0.0,False,0.879,0.4021,100.52,False,True,False
KL_0139,Kollam,Punalur,Puzhavayal,8.780916,76.793731,rural,59,13.19,False,2023,10,2023-10-01,7364.24,7364.24,242.2,42.17,0.0,False,0.808,0.4993,124.82,False,False,False
KL_0139,Kollam,Punalur,Puzhavayal,8.780916,76.793731,rural,59,13.19,False,2023,11,2023-11-01,8656.56,8656.56,223.7,56.19,0.0,False,0.826,0.5869,146.72,False,False,False
KL_0139,Kollam,Punalur,Puzhavayal,8.780916,76.793731,rural,59,13.19,False,2023,12,2023-12-01,6849.0,6849.0,238.0,36.64,0.0,False,0.821,0.4643,116.08,False,False,True
KL_0139,Kollam,Punalur,Puzhavayal,8.780916,76.793731,rural,59,13.19,False,2024,1,2024-01-01,3603.2,3603.2,220.9,23.48,0.0,False,0.871,0.2443,61.07,False,False,True
KL_0139,Kollam,Punalur,Puzhavayal,8.780916,76.793731,rural,59,13.19,False,2024,2,2024-02-01,4528.87,4528.87,215.8,30.81,0.0,False,0.843,0.307,76.76,False,False,True
KL_0139,Kollam,Punalur,Puzhavayal,8.780916,76.793731,rural,59,13.19,False,2024,3,2024-03-01,2310.58,2310.58,215.5,15.35,0.0,False,0.789,0.1566,39.16,True,False,False
KL_0139,Kollam,Punalur,Puzhavayal,8.780916,76.793731,rural,59,13.19,False,2024,4,2024-04-01,4453.42,4453.42,234.0,28.33,0.0,False,0.785,0.3019,75.48,True,False,False
KL_0139,Kollam,Punalur,Puzhavayal,8.780916,76.793731,rural,59,13.19,False,2024,5,2024-05-01,6672.21,6672.21,222.8,43.73,0.0,False,0.834,0.4524,113.09,True,False,False
KL_0139,Kollam,Punalur,Puzhavayal,8.780916,76.793731,rural,59,13.19,False,2024,6,2024-06-01,4982.75,4982.75,225.7,29.42,0.0,False,0.779,0.3378,84.45,False,True,False
KL_0139,Kollam,Punalur,Puzhavayal,8.780916,76.793731,rural,59,13.19,False,2024,7,2024-07-01,3565.05,3565.05,228.6,23.51,0.0,False,0.829,0.2417,60.42,False,True,False
KL_0139,Kollam,Punalur,Puzhavayal,8.780916,76.793731,rural,59,13.19,False,2024,8,2024-08-01,6780.72,6780.72,225.2,42.92,0.0,False,0.863,0.4597,114.93,False,True,False
KL_0139,Kollam,Punalur,Puzhavayal,8.780916,76.793731,rural,59,13.19,False,2024,9,2024-09-01,6039.68,6039.68,225.5,33.64,0.0,False,0.791,0.4095,102.37,False,True,False
KL_0139,Kollam,Punalur,Puzhavayal,8.780916,76.793731,rural,59,13.19,False,2024,10,2024-10-01,4180.37,4180.37,238.4,26.23,0.0,False,0.892,0.2834,70.85,False,False,False
KL_0139,Kollam,Punalur,Puzhavayal,8.780916,76.793731,rural,59,13.19,False,2024,11,2024-11-01,3705.26,3705.26,216.9,24.41,0.0,False,0.919,0.2512,62.8,False,False,False
KL_0139,Kollam,Punalur,Puzhavayal,8.780916,76.793731,rural,59,13.19,False,2024,12,2024-12-01,5038.98,5038.98,214.3,35.01,0.0,False,0.904,0.3416,85.41,False,False,True
KL_0140,Wayanad,Mananthavady,Kallakunnu,11.688897,76.370732,rural,133,16.77,False,2023,1,2023-01-01,6705.9,6705.9,221.8,40.57,0.0,False,0.883,0.2017,50.42,False,False,True
KL_0140,Wayanad,Mananthavady,Kallakunnu,11.688897,76.370732,rural,133,16.77,False,2023,2,2023-02-01,10254.28,10254.28,231.7,59.94,0.0,False,0.871,0.3084,77.1,False,False,True
KL_0140,Wayanad,Mananthavady,Kallakunnu,11.688897,76.370732,rural,133,16.77,False,2023,3,2023-03-01,13884.84,13884.84,224.7,79.4,0.0,False,0.862,0.4176,104.4,True,False,False
KL_0140,Wayanad,Mananthavady,Kallakunnu,11.688897,76.370732,rural,133,16.77,False,2023,4,2023-04-01,10231.78,10231.78,224.2,61.19,0.0,False,0.868,0.3077,76.93,True,False,False
KL_0140,Wayanad,Mananthavady,Kallakunnu,11.688897,76.370732,rural,133,16.77,False,2023,5,2023-05-01,16038.4,16038.4,213.2,111.68,0.0,False,0.82,0.4824,120.59,True,False,False
KL_0140,Wayanad,Mananthavady,Kallakunnu,11.688897,76.370732,rural,133,16.77,False,2023,6,2023-06-01,9118.12,9118.12,226.7,57.2,0.0,False,0.849,0.2742,68.56,False,True,False
KL_0140,Wayanad,Mananthavady,Kallakunnu,11.688897,76.370732,rural,133,16.77,False,2023,7,2023-07-01,7107.05,7107.05,241.5,40.81,0.0,False,0.857,0.2137,53.44,False,True,False
KL_0140,Wayanad,Mananthavady,Kallakunnu,11.688897,76.370732,rural,133,16.77,False,2023,8,2023-08-01,8193.91,8193.91,232.2,51.3,0.0,False,0.882,0.2464,61.61,False,True,False
KL_0140,Wayanad,Mananthavady,Kallakunnu,11.688897,76.370732,rural,133,16.77,False,2023,9,2023-09-01,11727.14,11727.14,216.3,72.86,0.0,False,0.77,0.3527,88.17,False,True,False
KL_0140,Wayanad,Mananthavady,Kallakunnu,11.688897,76.370732,rural,133,16.77,False,2023,10,2023-10-01,16088.39,16088.39,227.2,96.57,0.0,False,0.861,0.4839,120.97,False,False,False
KL_0140,Wayanad,Mananthavady,Kallakunnu,11.688897,76.370732,rural,133,16.77,False,2023,11,2023-11-01,16326.43,16326.43,224.8,101.23,0.0,False,0.903,0.491,122.76,False,False,False
KL_0140,Wayanad,Mananthavady,Kallakunnu,11.688897,76.370732,rural,133,16.77,False,2023,12,2023-12-01,13451.39,13451.39,228.1,89.23,0.0,False,0.82,0.4046,101.14,False,False,True
KL_0140,Wayanad,Mananthavady,Kallakunnu,11.688897,76.370732,rural,133,16.77,False,2024,1,2024-01-01,9441.96,9441.96,226.7,54.21,0.0,False,0.845,0.284,70.99,False,False,True
KL_0140,Wayanad,Mananthavady,Kallakunnu,11.688897,76.370732,rural,133,16.77,False,2024,2,2024-02-01,10228.43,10228.43,226.9,56.63,0.0,False,0.757,0.3076,76.91,False,False,True
KL_0140,Wayanad,Mananthavady,Kallakunnu,11.688897,76.370732,rural,133,16.77,False,2024,3,2024-03-01,6461.33,6461.33,229.6,42.26,0.0,False,0.853,0.1943,48.58,True,False,False
KL_0140,Wayanad,Mananthavady,Kallakunnu,11.688897,76.370732,rural,133,16.77,False,2024,4,2024-04-01,14539.09,14539.09,224.8,85.29,0.0,False,0.776,0.4373,109.32,True,False,False
KL_0140,Wayanad,Mananthavady,Kallakunnu,11.688897,76.370732,rural,133,16.77,False,2024,5,2024-05-01,12694.43,12694.43,238.3,70.01,0.0,False,0.822,0.3818,95.45,True,False,False
KL_0140,Wayanad,Mananthavady,Kallakunnu,11.688897,76.370732,rural,133,16.77,False,2024,6,2024-06-01,3183.73,3183.73,219.1,19.07,0.0,False,0.848,0.0958,23.94,False,True,False
KL_0140,Wayanad,Mananthavady,Kallakunnu,11.688897,76.370732,rural,133,16.77,False,2024,7,2024-07-01,7667.14,7667.14,240.3,43.04,0.0,False,0.82,0.2306,57.65,False,True,False
KL_0140,Wayanad,Mananthavady,Kallakunnu,11.688897,76.370732,rural,133,16.77,False,2024,8,2024-08-01,12286.27,12286.27,227.5,72.6,0.0,False,0.842,0.3695,92.38,False,True,False
KL_0140,Wayanad,Mananthavady,Kallakunnu,11.688897,76.370732,rural,133,16.77,False,2024,9,2024-09-01,7710.34,7710.34,226.5,51.95,0.0,False,0.869,0.2319,57.97,False,True,False
KL_0140,Wayanad,Mananthavady,Kallakunnu,11.688897,76.370732,rural,133,16.77,False,2024,10,2024-10-01,18174.86,18174.86,216.7,126.18,0.0,False,0.848,0.5466,136.65,False,False,False
KL_0140,Wayanad,Mananthavady,Kallakunnu,11.688897,76.370732,rural,133,16.77,False,2024,11,2024-11-01,12697.96,12697.96,232.2,70.64,0.0,False,0.857,0.3819,95.47,False,False,False
KL_0140,Wayanad,Mananthavady,Kallakunnu,11.688897,76.370732,rural,133,16.77,False,2024,12,2024-12-01,11989.54,11989.54,235.8,72.65,0.0,False,0.757,0.3606,90.15,False,False,True
KL_0141,Kozhikode,Kozhikode,Manakavu,11.495743,75.744904,rural,164,19.33,False,2023,1,2023-01-01,10221.34,10221.34,232.7,56.18,0.0,False,0.842,0.2493,62.33,False,False,True
KL_0141,Kozhikode,Kozhikode,Manakavu,11.495743,75.744904,rural,164,19.33,False,2023,2,2023-02-01,4379.99,4379.99,233.2,26.82,0.0,False,0.739,0.1068,26.71,False,False,True
KL_0141,Kozhikode,Kozhikode,Manakavu,11.495743,75.744904,rural,164,19.33,False,2023,3,2023-03-01,12395.31,12395.31,222.5,78.72,0.0,False,0.83,0.3023,75.58,True,False,False
KL_0141,Kozhikode,Kozhikode,Manakavu,11.495743,75.744904,rural,164,19.33,False,2023,4,2023-04-01,14607.44,14607.44,223.6,89.03,0.0,False,0.942,0.3563,89.07,True,False,False
KL_0141,Kozhikode,Kozhikode,Manakavu,11.495743,75.744904,rural,164,19.33,False,2023,5,2023-05-01,17590.05,17590.05,221.8,110.35,0.0,False,0.897,0.429,107.26,True,False,False
KL_0141,Kozhikode,Kozhikode,Manakavu,11.495743,75.744904,rural,164,19.33,False,2023,6,2023-06-01,18228.36,18228.36,239.7,108.76,0.0,False,0.779,0.4446,111.15,False,True,False
KL_0141,Kozhikode,Kozhikode,Manakavu,11.495743,75.744904,rural,164,19.33,False,2023,7,2023-07-01,11183.56,11183.56,220.2,66.04,0.0,False,0.823,0.2728,68.19,False,True,False
KL_0141,Kozhikode,Kozhikode,Manakavu,11.495743,75.744904,rural,164,19.33,False,2023,8,2023-08-01,20750.23,20750.23,229.2,116.0,0.0,False,0.841,0.5061,126.53,False,True,False
KL_0141,Kozhikode,Kozhikode,Manakavu,11.495743,75.744904,rural,164,19.33,False,2023,9,2023-09-01,17615.2,17615.2,211.4,116.3,0.0,False,0.875,0.4296,107.41,False,True,False
KL_0141,Kozhikode,Kozhikode,Manakavu,11.495743,75.744904,rural,164,19.33,False,2023,10,2023-10-01,10590.01,10590.01,223.9,61.35,0.0,False,0.893,0.2583,64.57,False,False,False
KL_0141,Kozhikode,Kozhikode,Manakavu,11.495743,75.744904,rural,164,19.33,False,2023,11,2023-11-01,3826.92,3826.92,228.4,22.06,0.0,False,0.931,0.0933,23.33,False,False,False
KL_0141,Kozhikode,Kozhikode,Manakavu,11.495743,75.744904,rural,164,19.33,False,2023,12,2023-12-01,6089.45,6089.45,232.2,34.28,0.0,False,0.802,0.1485,37.13,False,False,True
KL_0141,Kozhikode,Kozhikode,Manakavu,11.495743,75.744904,rural,164,19.33,False,2024,1,2024-01-01,12864.56,12864.56,227.6,86.01,0.0,False,0.861,0.3138,78.44,False,False,True
KL_0141,Kozhikode,Kozhikode,Manakavu,11.495743,75.744904,rural,164,19.33,False,2024,2,2024-02-01,22465.89,22465.89,241.1,123.5,0.0,False,0.762,0.5479,136.99,False,False,True
KL_0141,Kozhikode,Kozhikode,Manakavu,11.495743,75.744904,rural,164,19.33,False,2024,3,2024-03-01,13386.21,13386.21,240.7,82.25,0.0,False,0.87,0.3265,81.62,True,False,False
KL_0141,Kozhikode,Kozhikode,Manakavu,11.495743,75.744904,rural,164,19.33,False,2024,4,2024-04-01,9690.39,9690.39,219.6,61.28,0.0,False,0.875,0.2364,59.09,True,False,False
KL_0141,Kozhikode,Kozhikode,Manakavu,11.495743,75.744904,rural,164,19.33,False,2024,5,2024-05-01,15489.6,15489.6,225.4,101.86,0.0,False,0.851,0.3778,94.45,True,False,False
KL_0141,Kozhikode,Kozhikode,Manakavu,11.495743,75.744904,rural,164,19.33,False,2024,6,2024-06-01,24464.88,24464.88,222.1,152.49,0.0,False,0.883,0.5967,149.18,False,True,False
KL_0141,Kozhikode,Kozhikode,Manakavu,11.495743,75.744904,rural,164,19.33,False,2024,7,2024-07-01,15427.61,15427.61,221.5,87.86,0.0,False,0.807,0.3763,94.07,False,True,False
KL_0141,Kozhikode,Kozhikode,Manakavu,11.495743,75.744904,rural,164,19.33,False,2024,8,2024-08-01,13905.99,13905.99,239.9,79.97,0.0,False,0.784,0.3392,84.79,False,True,False
KL_0141,Kozhikode,Kozhikode,Manakavu,11.495743,75.744904,rural,164,19.33,False,2024,9,2024-09-01,7642.98,7642.98,239.0,44.3,0.0,False,0.802,0.1864,46.6,False,True,False
KL_0141,Kozhikode,Kozhikode,Manakavu,11.495743,75.744904,rural,164,19.33,False,2024,10,2024-10-01,16592.38,16592.38,230.5,96.88,0.0,False,0.869,0.4047,101.17,False,False,False
KL_0141,Kozhikode,Kozhikode,Manakavu,11.495743,75.744904,rural,164,19.33,False,2024,11,2024-11-01,17315.6,17315.6,232.5,98.81,0.0,False,0.916,0.4223,105.58,False,False,False
KL_0141,Kozhikode,Kozhikode,Manakavu,11.495743,75.744904,rural,164,19.33,False,2024,12,2024-12-01,12625.71,12625.71,237.4,73.56,0.0,False,0.807,0.3079,76.99,False,False,True
KL_0142,Kannur,Thalassery,Manaveli,12.225042,75.464555,semi-urban,64,9.03,False,2023,1,2023-01-01,7970.49,7970.49,237.7,43.17,0.0,False,0.816,0.4982,124.54,False,False,True
KL_0142,Kannur,Thalassery,Manaveli,12.225042,75.464555,semi-urban,64,9.03,False,2023,2,2023-02-01,8439.89,8439.89,226.2,55.64,0.0,False,0.856,0.5275,131.87,False,False,True
KL_0142,Kannur,Thalassery,Manaveli,12.225042,75.464555,semi-urban,64,9.03,False,2023,3,2023-03-01,11509.9,11509.9,240.6,69.97,0.0,False,1.022,0.7194,179.84,True,False,False
KL_0142,Kannur,Thalassery,Manaveli,12.225042,75.464555,semi-urban,64,9.03,False,2023,4,2023-04-01,8688.66,8688.66,241.5,52.82,0.0,False,0.828,0.543,135.76,True,False,False
KL_0142,Kannur,Thalassery,Manaveli,12.225042,75.464555,semi-urban,64,9.03,False,2023,5,2023-05-01,10529.25,10529.25,215.1,72.73,0.0,False,0.898,0.6581,164.52,True,False,False
KL_0142,Kannur,Thalassery,Manaveli,12.225042,75.464555,semi-urban,64,9.03,False,2023,6,2023-06-01,14648.83,14648.83,210.7,98.09,0.0,False,0.841,0.9156,228.89,False,True,False
KL_0142,Kannur,Thalassery,Manaveli,12.225042,75.464555,semi-urban,64,9.03,False,2023,7,2023-07-01,10749.79,10749.79,223.9,72.77,0.0,False,0.823,0.6719,167.97,False,True,False
KL_0142,Kannur,Thalassery,Manaveli,12.225042,75.464555,semi-urban,64,9.03,False,2023,8,2023-08-01,5620.7,5620.7,215.7,33.69,0.0,False,0.784,0.3513,87.82,False,True,False
KL_0142,Kannur,Thalassery,Manaveli,12.225042,75.464555,semi-urban,64,9.03,False,2023,9,2023-09-01,8189.72,8189.72,222.1,47.38,0.0,False,0.835,0.5119,127.96,False,True,False
KL_0142,Kannur,Thalassery,Manaveli,12.225042,75.464555,semi-urban,64,9.03,False,2023,10,2023-10-01,4632.37,4632.37,228.4,30.02,0.0,False,0.892,0.2895,72.38,False,False,False
KL_0142,Kannur,Thalassery,Manaveli,12.225042,75.464555,semi-urban,64,9.03,False,2023,11,2023-11-01,6090.14,6090.14,228.2,39.42,0.0,False,0.807,0.3806,95.16,False,False,False
KL_0142,Kannur,Thalassery,Manaveli,12.225042,75.464555,semi-urban,64,9.03,False,2023,12,2023-12-01,5942.11,5942.11,221.0,40.86,0.0,False,0.855,0.3714,92.85,False,False,True
KL_0142,Kannur,Thalassery,Manaveli,12.225042,75.464555,semi-urban,64,9.03,False,2024,1,2024-01-01,5650.06,5650.06,222.6,36.78,0.0,False,0.807,0.3531,88.28,False,False,True
KL_0142,Kannur,Thalassery,Manaveli,12.225042,75.464555,semi-urban,64,9.03,False,2024,2,2024-02-01,4794.45,4794.45,228.3,27.5,0.0,False,0.829,0.2997,74.91,False,False,True
KL_0142,Kannur,Thalassery,Manaveli,12.225042,75.464555,semi-urban,64,9.03,False,2024,3,2024-03-01,6093.04,6093.04,232.6,35.42,0.0,False,0.774,0.3808,95.2,True,False,False
KL_0142,Kannur,Thalassery,Manaveli,12.225042,75.464555,semi-urban,64,9.03,False,2024,4,2024-04-01,9722.05,9722.05,229.8,57.51,0.0,False,0.966,0.6076,151.91,True,False,False
KL_0142,Kannur,Thalassery,Manaveli,12.225042,75.464555,semi-urban,64,9.03,False,2024,5,2024-05-01,12036.04,12036.04,217.8,76.48,0.0,False,0.865,0.7523,188.06,True,False,False
KL_0142,Kannur,Thalassery,Manaveli,12.225042,75.464555,semi-urban,64,9.03,False,2024,6,2024-06-01,9852.14,9852.14,224.4,57.09,0.0,False,0.834,0.6158,153.94,False,True,False
KL_0142,Kannur,Thalassery,Manaveli,12.225042,75.464555,semi-urban,64,9.03,False,2024,7,2024-07-01,6394.63,6394.63,222.7,38.11,0.0,False,0.915,0.3997,99.92,False,True,False
KL_0142,Kannur,Thalassery,Manaveli,12.225042,75.464555,semi-urban,64,9.03,False,2024,8,2024-08-01,6693.34,6693.34,241.7,40.77,0.0,False,0.845,0.4183,104.58,False,True,False
KL_0142,Kannur,Thalassery,Manaveli,12.225042,75.464555,semi-urban,64,9.03,False,2024,9,2024-09-01,9244.62,9244.62,242.5,53.55,0.0,False,0.873,0.5778,144.45,False,True,False
KL_0142,Kannur,Thalassery,Manaveli,12.225042,75.464555,semi-urban,64,9.03,False,2024,10,2024-10-01,12011.12,12011.12,235.0,73.41,0.0,False,0.928,0.7507,187.67,False,False,False
KL_0142,Kannur,Thalassery,Manaveli,12.225042,75.464555,semi-urban,64,9.03,False,2024,11,2024-11-01,10217.27,10217.27,221.0,67.83,0.0,False,0.924,0.6386,159.64,False,False,False
KL_0142,Kannur,Thalassery,Manaveli,12.225042,75.464555,semi-urban,64,9.03,False,2024,12,2024-12-01,9424.99,9424.99,218.0,65.67,0.0,False,0.793,0.5891,147.27,False,False,True
KL_0143,Kottayam,Changanassery,Pallipuram,9.733279,76.497317,rural,155,23.01,False,2023,1,2023-01-01,10098.78,10098.78,215.9,61.24,0.0,False,0.851,0.2606,65.15,False,False,True
KL_0143,Kottayam,Changanassery,Pallipuram,9.733279,76.497317,rural,155,23.01,False,2023,2,2023-02-01,12579.68,12579.68,213.4,75.6,0.0,False,0.914,0.3246,81.16,False,False,True
KL_0143,Kottayam,Changanassery,Pallipuram,9.733279,76.497317,rural,155,23.01,False,2023,3,2023-03-01,10360.74,10360.74,235.7,65.24,0.0,False,0.796,0.2674,66.84,True,False,False
KL_0143,Kottayam,Changanassery,Pallipuram,9.733279,76.497317,rural,155,23.01,False,2023,4,2023-04-01,13338.82,13338.82,227.8,84.72,0.0,False,0.837,0.3442,86.06,True,False,False
KL_0143,Kottayam,Changanassery,Pallipuram,9.733279,76.497317,rural,155,23.01,False,2023,5,2023-05-01,15708.18,15708.18,240.4,91.39,0.0,False,0.835,0.4054,101.34,True,False,False
KL_0143,Kottayam,Changanassery,Pallipuram,9.733279,76.497317,rural,155,23.01,False,2023,6,2023-06-01,20506.69,20506.69,233.1,133.85,0.0,False,0.875,0.5292,132.3,False,True,False
KL_0143,Kottayam,Changanassery,Pallipuram,9.733279,76.497317,rural,155,23.01,False,2023,7,2023-07-01,13288.62,13288.62,231.2,85.31,0.0,False,0.89,0.3429,85.73,False,True,False
KL_0143,Kottayam,Changanassery,Pallipuram,9.733279,76.497317,rural,155,23.01,False,2023,8,2023-08-01,5796.39,5796.39,237.7,33.52,0.0,False,0.908,0.1496,37.4,False,True,False
KL_0143,Kottayam,Changanassery,Pallipuram,9.733279,76.497317,rural,155,23.01,False,2023,9,2023-09-01,12941.91,12941.91,233.6,81.67,0.0,False,0.854,0.334,83.5,False,True,False
KL_0143,Kottayam,Changanassery,Pallipuram,9.733279,76.497317,rural,155,23.01,False,2023,10,2023-10-01,10377.37,10377.37,221.4,62.29,0.0,False,0.798,0.2678,66.95,False,False,False
KL_0143,Kottayam,Changanassery,Pallipuram,9.733279,76.497317,rural,155,23.01,False,2023,11,2023-11-01,12831.24,12831.24,206.3,88.17,0.0,False,0.832,0.3311,82.78,False,False,False
KL_0143,Kottayam,Changanassery,Pallipuram,9.733279,76.497317,rural,155,23.01,False,2023,12,2023-12-01,13470.82,13470.82,229.7,75.11,0.0,False,0.797,0.3476,86.91,False,False,True
KL_0143,Kottayam,Changanassery,Pallipuram,9.733279,76.497317,rural,155,23.01,False,2024,1,2024-01-01,11642.69,11642.69,229.8,75.86,0.0,False,0.816,0.3005,75.11,False,False,True
KL_0143,Kottayam,Changanassery,Pallipuram,9.733279,76.497317,rural,155,23.01,False,2024,2,2024-02-01,13806.18,13806.18,216.9,88.98,0.0,False,0.885,0.3563,89.07,False,False,True
KL_0143,Kottayam,Changanassery,Pallipuram,9.733279,76.497317,rural,155,23.01,False,2024,3,2024-03-01,5456.2,5456.2,227.3,31.45,0.0,False,0.778,0.1408,35.2,True,False,False
KL_0143,Kottayam,Changanassery,Pallipuram,9.733279,76.497317,rural,155,23.01,False,2024,4,2024-04-01,14998.69,14998.69,233.6,83.45,0.0,False,0.822,0.3871,96.77,True,False,False
KL_0143,Kottayam,Changanassery,Pallipuram,9.733279,76.497317,rural,155,23.01,False,2024,5,2024-05-01,23872.16,23872.16,228.0,150.38,0.0,False,0.895,0.6161,154.01,True,False,False
KL_0143,Kottayam,Changanassery,Pallipuram,9.733279,76.497317,rural,155,23.01,False,2024,6,2024-06-01,10927.56,10927.56,237.1,63.29,0.0,False,0.884,0.282,70.5,False,True,False
KL_0143,Kottayam,Changanassery,Pallipuram,9.733279,76.497317,rural,155,23.01,False,2024,7,2024-07-01,12874.48,12874.48,250.3,73.66,0.0,False,0.81,0.3322,83.06,False,True,False
KL_0143,Kottayam,Changanassery,Pallipuram,9.733279,76.497317,rural,155,23.01,False,2024,8,2024-08-01,16591.99,16591.99,233.8,91.38,0.0,False,0.805,0.4282,107.05,False,True,False
KL_0143,Kottayam,Changanassery,Pallipuram,9.733279,76.497317,rural,155,23.01,False,2024,9,2024-09-01,9338.87,9338.87,220.7,55.67,0.0,False,0.929,0.241,60.25,False,True,False
KL_0143,Kottayam,Changanassery,Pallipuram,9.733279,76.497317,rural,155,23.01,False,2024,10,2024-10-01,18022.22,18022.22,212.4,115.17,0.0,False,0.869,0.4651,116.27,False,False,False
KL_0143,Kottayam,Changanassery,Pallipuram,9.733279,76.497317,rural,155,23.01,False,2024,11,2024-11-01,13465.28,13465.28,230.2,87.07,0.0,False,0.809,0.3475,86.87,False,False,False
KL_0143,Kottayam,Changanassery,Pallipuram,9.733279,76.497317,rural,155,23.01,False,2024,12,2024-12-01,14417.26,14417.26,222.1,94.3,0.0,False,0.848,0.3721,93.01,False,False,True
KL_0144,Malappuram,Perinthalmanna,Thodunagar,11.367147,75.933729,rural,63,18.6,False,2023,1,2023-01-01,5496.34,5496.34,220.3,31.7,0.0,False,0.904,0.349,87.24,False,False,True
KL_0144,Malappuram,Perinthalmanna,Thodunagar,11.367147,75.933729,rural,63,18.6,False,2023,2,2023-02-01,5951.18,5951.18,226.6,38.23,0.0,False,0.805,0.3779,94.46,False,False,True
KL_0144,Malappuram,Perinthalmanna,Thodunagar,11.367147,75.933729,rural,63,18.6,False,2023,3,2023-03-01,6179.99,6179.99,210.2,40.55,0.0,False,0.804,0.3924,98.1,True,False,False
KL_0144,Malappuram,Perinthalmanna,Thodunagar,11.367147,75.933729,rural,63,18.6,False,2023,4,2023-04-01,8359.91,8359.91,202.5,56.73,0.0,False,0.861,0.5308,132.7,True,False,False
KL_0144,Malappuram,Perinthalmanna,Thodunagar,11.367147,75.933729,rural,63,18.6,False,2023,5,2023-05-01,4987.08,4987.08,224.3,32.44,0.0,False,0.782,0.3166,79.16,True,False,False
KL_0144,Malappuram,Perinthalmanna,Thodunagar,11.367147,75.933729,rural,63,18.6,False,2023,6,2023-06-01,7465.94,7465.94,220.0,46.65,0.0,False,0.816,0.474,118.51,False,True,False
KL_0144,Malappuram,Perinthalmanna,Thodunagar,11.367147,75.933729,rural,63,18.6,False,2023,7,2023-07-01,5420.43,5420.43,241.0,30.33,0.0,False,0.828,0.3442,86.04,False,True,False
KL_0144,Malappuram,Perinthalmanna,Thodunagar,11.367147,75.933729,rural,63,18.6,False,2023,8,2023-08-01,6169.45,6169.45,229.0,40.16,0.0,False,0.717,0.3917,97.93,False,True,False
KL_0144,Malappuram,Perinthalmanna,Thodunagar,11.367147,75.933729,rural,63,18.6,False,2023,9,2023-09-01,6332.35,6332.35,250.1,36.37,0.0,False,0.854,0.4021,100.51,False,True,False
KL_0144,Malappuram,Perinthalmanna,Thodunagar,11.367147,75.933729,rural,63,18.6,False,2023,10,2023-10-01,3960.13,3960.13,228.8,23.61,0.0,False,0.881,0.2514,62.86,False,False,False
KL_0144,Malappuram,Perinthalmanna,Thodunagar,11.367147,75.933729,rural,63,18.6,False,2023,11,2023-11-01,5538.12,5538.12,229.9,36.6,0.0,False,0.948,0.3516,87.91,False,False,False
KL_0144,Malappuram,Perinthalmanna,Thodunagar,11.367147,75.933729,rural,63,18.6,False,2023,12,2023-12-01,4222.85,4222.85,216.4,28.83,0.0,False,0.88,0.2681,67.03,False,False,True
KL_0144,Malappuram,Perinthalmanna,Thodunagar,11.367147,75.933729,rural,63,18.6,False,2024,1,2024-01-01,6203.57,6203.57,237.8,32.97,0.0,False,0.799,0.3939,98.47,False,False,True
KL_0144,Malappuram,Perinthalmanna,Thodunagar,11.367147,75.933729,rural,63,18.6,False,2024,2,2024-02-01,4372.17,4372.17,228.6,28.24,0.0,False,0.827,0.2776,69.4,False,False,True
KL_0144,Malappuram,Perinthalmanna,Thodunagar,11.367147,75.933729,rural,63,18.6,False,2024,3,2024-03-01,2150.3,2150.3,221.0,13.02,0.0,False,0.943,0.1365,34.13,True,False,False
KL_0144,Malappuram,Perinthalmanna,Thodunagar,11.367147,75.933729,rural,63,18.6,False,2024,4,2024-04-01,5052.2,5052.2,235.1,30.26,0.0,False,0.873,0.3208,80.19,True,False,False
KL_0144,Malappuram,Perinthalmanna,Thodunagar,11.367147,75.933729,rural,63,18.6,False,2024,5,2024-05-01,3947.4,3947.4,229.0,23.01,0.0,False,0.902,0.2506,62.66,True,False,False
KL_0144,Malappuram,Perinthalmanna,Thodunagar,11.367147,75.933729,rural,63,18.6,False,2024,6,2024-06-01,6904.91,6904.91,227.0,40.29,0.0,False,0.821,0.4384,109.6,False,True,False
KL_0144,Malappuram,Perinthalmanna,Thodunagar,11.367147,75.933729,rural,63,18.6,False,2024,7,2024-07-01,6017.81,6017.81,222.9,36.6,0.0,False,0.839,0.3821,95.52,False,True,False
KL_0144,Malappuram,Perinthalmanna,Thodunagar,11.367147,75.933729,rural,63,18.6,False,2024,8,2024-08-01,3918.83,3918.83,221.8,24.4,0.0,False,0.847,0.2488,62.2,False,True,False
KL_0144,Malappuram,Perinthalmanna,Thodunagar,11.367147,75.933729,rural,63,18.6,False,2024,9,2024-09-01,6242.31,6242.31,241.9,38.6,0.0,False,0.896,0.3963,99.08,False,True,False
KL_0144,Malappuram,Perinthalmanna,Thodunagar,11.367147,75.933729,rural,63,18.6,False,2024,10,2024-10-01,4874.52,4874.52,226.5,28.48,0.0,False,0.829,0.3095,77.37,False,False,False
KL_0144,Malappuram,Perinthalmanna,Thodunagar,11.367147,75.933729,rural,63,18.6,False,2024,11,2024-11-01,6596.94,6596.94,218.7,38.09,0.0,False,0.88,0.4189,104.71,False,False,False
KL_0144,Malappuram,Perinthalmanna,Thodunagar,11.367147,75.933729,rural,63,18.6,False,2024,12,2024-12-01,7481.15,7481.15,239.8,46.19,0.0,False,0.85,0.475,118.75,False,False,True
KL_0145,Ernakulam,Aluva,Vattapara,9.947382,76.409241,rural,155,9.24,False,2023,1,2023-01-01,13698.47,13698.47,230.5,76.36,0.0,False,0.789,0.3535,88.38,False,False,True
KL_0145,Ernakulam,Aluva,Vattapara,9.947382,76.409241,rural,155,9.24,False,2023,2,2023-02-01,5881.11,5881.11,227.6,39.43,0.0,False,0.85,0.1518,37.94,False,False,True
KL_0145,Ernakulam,Aluva,Vattapara,9.947382,76.409241,rural,155,9.24,False,2023,3,2023-03-01,9689.76,9689.76,215.6,56.88,0.0,False,0.905,0.2501,62.51,True,False,False
KL_0145,Ernakulam,Aluva,Vattapara,9.947382,76.409241,rural,155,9.24,False,2023,4,2023-04-01,8385.03,8385.03,221.7,55.16,0.0,False,0.85,0.2164,54.1,True,False,False
KL_0145,Ernakulam,Aluva,Vattapara,9.947382,76.409241,rural,155,9.24,False,2023,5,2023-05-01,17803.34,17803.34,230.5,108.86,0.0,False,0.834,0.4594,114.86,True,False,False
KL_0145,Ernakulam,Aluva,Vattapara,9.947382,76.409241,rural,155,9.24,False,2023,6,2023-06-01,13868.2,13868.2,208.4,85.97,0.0,False,0.921,0.3579,89.47,False,True,False
KL_0145,Ernakulam,Aluva,Vattapara,9.947382,76.409241,rural,155,9.24,False,2023,7,2023-07-01,13314.22,13314.22,237.3,75.95,0.0,False,0.869,0.3436,85.9,False,True,False
KL_0145,Ernakulam,Aluva,Vattapara,9.947382,76.409241,rural,155,9.24,False,2023,8,2023-08-01,7912.18,7912.18,227.2,43.76,0.0,False,0.781,0.2042,51.05,False,True,False
KL_0145,Ernakulam,Aluva,Vattapara,9.947382,76.409241,rural,155,9.24,False,2023,9,2023-09-01,10175.73,10175.73,226.4,56.32,0.0,False,0.836,0.2626,65.65,False,True,False
KL_0145,Ernakulam,Aluva,Vattapara,9.947382,76.409241,rural,155,9.24,False,2023,10,2023-10-01,10003.64,10003.64,236.5,60.12,0.0,False,0.863,0.2582,64.54,False,False,False
KL_0145,Ernakulam,Aluva,Vattapara,9.947382,76.409241,rural,155,9.24,False,2023,11,2023-11-01,10247.96,10247.96,216.4,67.78,0.0,False,0.862,0.2645,66.12,False,False,False
KL_0145,Ernakulam,Aluva,Vattapara,9.947382,76.409241,rural,155,9.24,False,2023,12,2023-12-01,10518.47,10518.47,224.7,67.09,0.0,False,0.876,0.2714,67.86,False,False,True
KL_0145,Ernakulam,Aluva,Vattapara,9.947382,76.409241,rural,155,9.24,False,2024,1,2024-01-01,10487.91,10487.91,226.6,62.5,0.0,False,0.842,0.2707,67.66,False,False,True
KL_0145,Ernakulam,Aluva,Vattapara,9.947382,76.409241,rural,155,9.24,False,2024,2,2024-02-01,4037.11,4037.11,235.1,22.53,0.0,False,0.839,0.1042,26.05,False,False,True
KL_0145,Ernakulam,Aluva,Vattapara,9.947382,76.409241,rural,155,9.24,False,2024,3,2024-03-01,21194.25,21194.25,228.5,125.46,0.0,False,0.851,0.5469,136.74,True,False,False
KL_0145,Ernakulam,Aluva,Vattapara,9.947382,76.409241,rural,155,9.24,False,2024,4,2024-04-01,14071.01,14071.01,223.2,96.15,0.0,False,0.89,0.3631,90.78,True,False,False
KL_0145,Ernakulam,Aluva,Vattapara,9.947382,76.409241,rural,155,9.24,False,2024,5,2024-05-01,9243.58,9243.58,215.7,61.44,0.0,False,0.816,0.2385,59.64,True,False,False
KL_0145,Ernakulam,Aluva,Vattapara,9.947382,76.409241,rural,155,9.24,False,2024,6,2024-06-01,8923.58,8923.58,215.3,56.05,0.0,False,0.846,0.2303,57.57,False,True,False
KL_0145,Ernakulam,Aluva,Vattapara,9.947382,76.409241,rural,155,9.24,False,2024,7,2024-07-01,12951.52,12951.52,219.4,75.88,0.0,False,0.862,0.3342,83.56,False,True,False
KL_0145,Ernakulam,Aluva,Vattapara,9.947382,76.409241,rural,155,9.24,False,2024,8,2024-08-01,16287.18,16287.18,231.9,99.93,0.0,False,0.823,0.4203,105.08,False,True,False
KL_0145,Ernakulam,Aluva,Vattapara,9.947382,76.409241,rural,155,9.24,False,2024,9,2024-09-01,14203.79,14203.79,235.1,76.52,0.0,False,0.873,0.3665,91.64,False,True,False
KL_0145,Ernakulam,Aluva,Vattapara,9.947382,76.409241,rural,155,9.24,False,2024,10,2024-10-01,9760.51,9760.51,231.6,53.17,0.0,False,0.867,0.2519,62.97,False,False,False
KL_0145,Ernakulam,Aluva,Vattapara,9.947382,76.409241,rural,155,9.24,False,2024,11,2024-11-01,6748.35,6748.35,222.7,43.47,0.0,False,0.747,0.1742,43.54,False,False,False
KL_0145,Ernakulam,Aluva,Vattapara,9.947382,76.409241,rural,155,9.24,False,2024,12,2024-12-01,13278.26,13278.26,230.7,83.38,0.0,False,0.852,0.3427,85.67,False,False,True
KL_0146,Idukki,Adimali,Manjathara,9.886746,77.522944,rural,104,18.09,False,2023,1,2023-01-01,4741.59,4741.59,225.9,30.99,0.0,False,0.921,0.1824,45.59,False,False,True
KL_0146,Idukki,Adimali,Manjathara,9.886746,77.522944,rural,104,18.09,False,2023,2,2023-02-01,9534.09,9534.09,232.4,62.6,0.0,False,0.925,0.3667,91.67,False,False,True
KL_0146,Idukki,Adimali,Manjathara,9.886746,77.522944,rural,104,18.09,False,2023,3,2023-03-01,5514.66,5514.66,215.5,37.93,0.0,False,0.884,0.2121,53.03,True,False,False
KL_0146,Idukki,Adimali,Manjathara,9.886746,77.522944,rural,104,18.09,False,2023,4,2023-04-01,7353.0,7353.0,220.4,44.71,0.0,False,0.914,0.2828,70.7,True,False,False
KL_0146,Idukki,Adimali,Manjathara,9.886746,77.522944,rural,104,18.09,False,2023,5,2023-05-01,8633.62,8633.62,244.8,45.48,0.0,False,0.842,0.3321,83.02,True,False,False
KL_0146,Idukki,Adimali,Manjathara,9.886746,77.522944,rural,104,18.09,False,2023,6,2023-06-01,4765.29,4765.29,237.6,25.11,0.0,False,0.878,0.1833,45.82,False,True,False
KL_0146,Idukki,Adimali,Manjathara,9.886746,77.522944,rural,104,18.09,False,2023,7,2023-07-01,11128.87,11128.87,232.1,60.88,0.0,False,0.858,0.428,107.01,False,True,False
KL_0146,Idukki,Adimali,Manjathara,9.886746,77.522944,rural,104,18.09,False,2023,8,2023-08-01,4001.14,4001.14,223.3,26.24,0.0,False,0.883,0.1539,38.47,False,True,False
KL_0146,Idukki,Adimali,Manjathara,9.886746,77.522944,rural,104,18.09,False,2023,9,2023-09-01,8867.71,8867.71,227.8,57.36,0.0,False,0.942,0.3411,85.27,False,True,False
KL_0146,Idukki,Adimali,Manjathara,9.886746,77.522944,rural,104,18.09,False,2023,10,2023-10-01,6360.01,6360.01,216.2,41.0,0.0,False,0.9,0.2446,61.15,False,False,False
KL_0146,Idukki,Adimali,Manjathara,9.886746,77.522944,rural,104,18.09,False,2023,11,2023-11-01,6658.69,6658.69,212.1,44.91,0.0,False,0.833,0.2561,64.03,False,False,False
KL_0146,Idukki,Adimali,Manjathara,9.886746,77.522944,rural,104,18.09,False,2023,12,2023-12-01,14161.83,14161.83,227.1,78.98,0.0,False,0.929,0.5447,136.17,False,False,True
KL_0146,Idukki,Adimali,Manjathara,9.886746,77.522944,rural,104,18.09,False,2024,1,2024-01-01,4699.18,4699.18,224.5,28.93,0.0,False,0.862,0.1807,45.18,False,False,True
KL_0146,Idukki,Adimali,Manjathara,9.886746,77.522944,rural,104,18.09,False,2024,2,2024-02-01,3939.3,3939.3,223.1,25.61,0.0,False,0.883,0.1515,37.88,False,False,True
KL_0146,Idukki,Adimali,Manjathara,9.886746,77.522944,rural,104,18.09,False,2024,3,2024-03-01,11688.53,11688.53,221.7,67.57,0.0,False,0.838,0.4496,112.39,True,False,False
KL_0146,Idukki,Adimali,Manjathara,9.886746,77.522944,rural,104,18.09,False,2024,4,2024-04-01,12942.59,12942.59,225.4,86.78,0.0,False,0.887,0.4978,124.45,True,False,False
KL_0146,Idukki,Adimali,Manjathara,9.886746,77.522944,rural,104,18.09,False,2024,5,2024-05-01,14589.62,14589.62,225.5,82.3,0.0,False,0.87,0.5611,140.28,True,False,False
KL_0146,Idukki,Adimali,Manjathara,9.886746,77.522944,rural,104,18.09,False,2024,6,2024-06-01,11685.87,11685.87,229.9,70.27,0.0,False,0.907,0.4495,112.36,False,True,False
KL_0146,Idukki,Adimali,Manjathara,9.886746,77.522944,rural,104,18.09,False,2024,7,2024-07-01,10456.77,10456.77,208.2,74.25,0.0,False,0.825,0.4022,100.55,False,True,False
KL_0146,Idukki,Adimali,Manjathara,9.886746,77.522944,rural,104,18.09,False,2024,8,2024-08-01,10216.67,10216.67,229.4,65.71,0.0,False,0.898,0.3929,98.24,False,True,False
KL_0146,Idukki,Adimali,Manjathara,9.886746,77.522944,rural,104,18.09,False,2024,9,2024-09-01,11272.85,11272.85,238.7,62.53,0.0,False,0.728,0.4336,108.39,False,True,False
KL_0146,Idukki,Adimali,Manjathara,9.886746,77.522944,rural,104,18.09,False,2024,10,2024-10-01,8950.41,8950.41,223.2,53.21,0.0,False,0.819,0.3442,86.06,False,False,False
KL_0146,Idukki,Adimali,Manjathara,9.886746,77.522944,rural,104,18.09,False,2024,11,2024-11-01,6444.16,6444.16,219.2,40.92,0.0,False,0.783,0.2479,61.96,False,False,False
KL_0146,Idukki,Adimali,Manjathara,9.886746,77.522944,rural,104,18.09,False,2024,12,2024-12-01,7225.73,7225.73,240.2,41.82,0.0,False,0.867,0.2779,69.48,False,False,True
KL_0147,Kasaragod,Uppala,Kizhakveli,12.74544,75.32592,urban,109,0.79,False,2023,1,2023-01-01,22094.78,22094.78,209.6,157.41,0.0,False,0.898,0.8108,202.7,False,False,True
KL_0147,Kasaragod,Uppala,Kizhakveli,12.74544,75.32592,urban,109,0.79,False,2023,2,2023-02-01,18707.26,18707.26,231.3,108.76,0.0,False,0.85,0.6865,171.63,False,False,True
KL_0147,Kasaragod,Uppala,Kizhakveli,12.74544,75.32592,urban,109,0.79,False,2023,3,2023-03-01,20582.81,20582.81,219.9,122.33,0.0,False,0.918,0.7553,188.83,True,False,False
KL_0147,Kasaragod,Uppala,Kizhakveli,12.74544,75.32592,urban,109,0.79,False,2023,4,2023-04-01,35418.92,35418.92,220.1,224.46,0.0,False,0.811,1.2998,324.94,True,False,False
KL_0147,Kasaragod,Uppala,Kizhakveli,12.74544,75.32592,urban,109,0.79,False,2023,5,2023-05-01,19800.03,19800.03,234.8,118.28,0.0,False,0.78,0.7266,181.65,True,False,False
KL_0147,Kasaragod,Uppala,Kizhakveli,12.74544,75.32592,urban,109,0.79,False,2023,6,2023-06-01,27070.53,27070.53,226.1,168.78,0.0,False,0.886,0.9934,248.35,False,True,False
KL_0147,Kasaragod,Uppala,Kizhakveli,12.74544,75.32592,urban,109,0.79,False,2023,7,2023-07-01,18475.94,18475.94,240.3,110.0,0.0,False,0.909,0.678,169.5,False,True,False
KL_0147,Kasaragod,Uppala,Kizhakveli,12.74544,75.32592,urban,109,0.79,False,2023,8,2023-08-01,20488.99,20488.99,223.1,122.11,0.0,False,0.855,0.7519,187.97,False,True,False
KL_0147,Kasaragod,Uppala,Kizhakveli,12.74544,75.32592,urban,109,0.79,False,2023,9,2023-09-01,20710.33,20710.33,230.7,120.04,0.0,False,0.941,0.76,190.0,False,True,False
KL_0147,Kasaragod,Uppala,Kizhakveli,12.74544,75.32592,urban,109,0.79,False,2023,10,2023-10-01,30059.32,30059.32,211.7,197.33,0.0,False,0.875,1.1031,275.77,False,False,False
KL_0147,Kasaragod,Uppala,Kizhakveli,12.74544,75.32592,urban,109,0.79,False,2023,11,2023-11-01,17906.49,17906.49,234.6,112.85,0.0,False,0.87,0.6571,164.28,False,False,False
KL_0147,Kasaragod,Uppala,Kizhakveli,12.74544,75.32592,urban,109,0.79,False,2023,12,2023-12-01,23702.26,23702.26,225.9,153.85,0.0,False,0.828,0.8698,217.45,False,False,True
KL_0147,Kasaragod,Uppala,Kizhakveli,12.74544,75.32592,urban,109,0.79,False,2024,1,2024-01-01,15352.39,15352.39,229.4,93.07,0.0,False,0.785,0.5634,140.85,False,False,True
KL_0147,Kasaragod,Uppala,Kizhakveli,12.74544,75.32592,urban,109,0.79,False,2024,2,2024-02-01,17394.7,17394.7,224.6,109.23,0.0,False,0.837,0.6383,159.58,False,False,True
KL_0147,Kasaragod,Uppala,Kizhakveli,12.74544,75.32592,urban,109,0.79,False,2024,3,2024-03-01,21187.57,21187.57,240.7,125.76,0.0,False,0.929,0.7775,194.38,True,False,False
KL_0147,Kasaragod,Uppala,Kizhakveli,12.74544,75.32592,urban,109,0.79,False,2024,4,2024-04-01,29358.94,29358.94,212.7,206.94,0.0,False,0.86,1.0774,269.35,True,False,False
KL_0147,Kasaragod,Uppala,Kizhakveli,12.74544,75.32592,urban,109,0.79,False,2024,5,2024-05-01,19597.18,19597.18,240.8,122.12,0.0,False,0.83,0.7192,179.79,True,False,False
KL_0147,Kasaragod,Uppala,Kizhakveli,12.74544,75.32592,urban,109,0.79,False,2024,6,2024-06-01,21274.96,21274.96,232.4,138.3,0.0,False,0.805,0.7807,195.18,False,True,False
KL_0147,Kasaragod,Uppala,Kizhakveli,12.74544,75.32592,urban,109,0.79,False,2024,7,2024-07-01,13181.15,13181.15,229.1,72.69,0.0,False,0.877,0.4837,120.93,False,True,False
KL_0147,Kasaragod,Uppala,Kizhakveli,12.74544,75.32592,urban,109,0.79,False,2024,8,2024-08-01,21347.05,21347.05,220.7,130.13,0.0,False,0.794,0.7834,195.84,False,True,False
KL_0147,Kasaragod,Uppala,Kizhakveli,12.74544,75.32592,urban,109,0.79,False,2024,9,2024-09-01,16552.67,16552.67,232.2,98.86,0.0,False,0.868,0.6074,151.86,False,True,False
KL_0147,Kasaragod,Uppala,Kizhakveli,12.74544,75.32592,urban,109,0.79,False,2024,10,2024-10-01,29204.71,29204.71,245.7,161.4,0.0,False,0.827,1.0717,267.93,False,False,False
KL_0147,Kasaragod,Uppala,Kizhakveli,12.74544,75.32592,urban,109,0.79,False,2024,11,2024-11-01,27594.75,27594.75,238.2,152.12,0.0,False,0.837,1.0127,253.16,False,False,False
KL_0147,Kasaragod,Uppala,Kizhakveli,12.74544,75.32592,urban,109,0.79,False,2024,12,2024-12-01,26817.68,26817.68,238.9,157.85,0.0,False,0.882,0.9841,246.03,False,False,True
KL_0148,Kollam,Punalur,Kottakunnu,9.032262,76.798092,rural,149,21.16,False,2023,1,2023-01-01,7505.4,7505.4,242.5,43.54,0.0,False,0.803,0.2015,50.37,False,False,True
KL_0148,Kollam,Punalur,Kottakunnu,9.032262,76.798092,rural,149,21.16,False,2023,2,2023-02-01,18083.64,18083.64,233.0,97.88,0.0,False,0.85,0.4855,121.37,False,False,True
KL_0148,Kollam,Punalur,Kottakunnu,9.032262,76.798092,rural,149,21.16,False,2023,3,2023-03-01,9894.51,9894.51,224.3,62.15,0.0,False,0.774,0.2656,66.41,True,False,False
KL_0148,Kollam,Punalur,Kottakunnu,9.032262,76.798092,rural,149,21.16,False,2023,4,2023-04-01,18099.71,18099.71,243.9,111.74,0.0,False,0.844,0.4859,121.47,True,False,False
KL_0148,Kollam,Punalur,Kottakunnu,9.032262,76.798092,rural,149,21.16,False,2023,5,2023-05-01,18249.18,18249.18,221.8,104.56,0.0,False,0.875,0.4899,122.48,True,False,False
KL_0148,Kollam,Punalur,Kottakunnu,9.032262,76.798092,rural,149,21.16,False,2023,6,2023-06-01,9949.69,9949.69,228.9,57.26,0.0,False,0.89,0.2671,66.78,False,True,False
KL_0148,Kollam,Punalur,Kottakunnu,9.032262,76.798092,rural,149,21.16,False,2023,7,2023-07-01,9600.75,9600.75,230.7,55.35,0.0,False,0.907,0.2577,64.43,False,True,False
KL_0148,Kollam,Punalur,Kottakunnu,9.032262,76.798092,rural,149,21.16,False,2023,8,2023-08-01,5683.42,5683.42,235.7,36.24,0.0,False,0.883,0.1526,38.14,False,True,False
KL_0148,Kollam,Punalur,Kottakunnu,9.032262,76.798092,rural,149,21.16,False,2023,9,2023-09-01,10788.4,10788.4,209.3,77.36,0.0,False,0.83,0.2896,72.41,False,True,False
KL_0148,Kollam,Punalur,Kottakunnu,9.032262,76.798092,rural,149,21.16,False,2023,10,2023-10-01,11984.68,11984.68,225.3,77.4,0.0,False,0.759,0.3217,80.43,False,False,False
KL_0148,Kollam,Punalur,Kottakunnu,9.032262,76.798092,rural,149,21.16,False,2023,11,2023-11-01,13997.93,13997.93,225.7,79.71,0.0,False,0.9,0.3758,93.95,False,False,False
KL_0148,Kollam,Punalur,Kottakunnu,9.032262,76.798092,rural,149,21.16,False,2023,12,2023-12-01,8235.12,8235.12,229.2,45.97,0.0,False,0.824,0.2211,55.27,False,False,True
KL_0148,Kollam,Punalur,Kottakunnu,9.032262,76.798092,rural,149,21.16,False,2024,1,2024-01-01,14201.41,14201.41,223.1,82.15,0.0,False,0.778,0.3812,95.31,False,False,True
KL_0148,Kollam,Punalur,Kottakunnu,9.032262,76.798092,rural,149,21.16,False,2024,2,2024-02-01,7520.15,7520.15,231.5,45.13,0.0,False,0.944,0.2019,50.47,False,False,True
KL_0148,Kollam,Punalur,Kottakunnu,9.032262,76.798092,rural,149,21.16,False,2024,3,2024-03-01,14088.98,14088.98,220.3,92.75,0.0,False,0.847,0.3782,94.56,True,False,False
KL_0148,Kollam,Punalur,Kottakunnu,9.032262,76.798092,rural,149,21.16,False,2024,4,2024-04-01,11437.0,11437.0,222.9,69.74,0.0,False,0.874,0.307,76.76,True,False,False
KL_0148,Kollam,Punalur,Kottakunnu,9.032262,76.798092,rural,149,21.16,False,2024,5,2024-05-01,11973.64,11973.64,219.6,81.48,0.0,False,0.861,0.3214,80.36,True,False,False
KL_0148,Kollam,Punalur,Kottakunnu,9.032262,76.798092,rural,149,21.16,False,2024,6,2024-06-01,13109.99,13109.99,220.1,76.82,0.0,False,0.849,0.3519,87.99,False,True,False
KL_0148,Kollam,Punalur,Kottakunnu,9.032262,76.798092,rural,149,21.16,False,2024,7,2024-07-01,9000.34,9000.34,219.5,60.05,0.0,False,0.831,0.2416,60.4,False,True,False
KL_0148,Kollam,Punalur,Kottakunnu,9.032262,76.798092,rural,149,21.16,False,2024,8,2024-08-01,10343.28,10343.28,223.3,62.92,0.0,False,0.821,0.2777,69.42,False,True,False
KL_0148,Kollam,Punalur,Kottakunnu,9.032262,76.798092,rural,149,21.16,False,2024,9,2024-09-01,17352.09,17352.09,227.3,103.48,0.0,False,0.961,0.4658,116.46,False,True,False
KL_0148,Kollam,Punalur,Kottakunnu,9.032262,76.798092,rural,149,21.16,False,2024,10,2024-10-01,18164.83,18164.83,239.5,100.78,0.0,False,0.777,0.4876,121.91,False,False,False
KL_0148,Kollam,Punalur,Kottakunnu,9.032262,76.798092,rural,149,21.16,False,2024,11,2024-11-01,12553.4,12553.4,223.9,78.02,0.0,False,0.828,0.337,84.25,False,False,False
KL_0148,Kollam,Punalur,Kottakunnu,9.032262,76.798092,rural,149,21.16,False,2024,12,2024-12-01,15540.43,15540.43,234.8,87.35,0.0,False,0.805,0.4172,104.3,False,False,True
KL_0149,Idukki,Painavu,Puzhapuram,10.186581,77.429008,rural,162,21.85,False,2023,1,2023-01-01,7072.56,7072.56,223.4,41.53,0.0,False,0.876,0.1746,43.66,False,False,True
KL_0149,Idukki,Painavu,Puzhapuram,10.186581,77.429008,rural,162,21.85,False,2023,2,2023-02-01,16123.68,16123.68,233.3,88.14,0.0,False,0.829,0.3981,99.53,False,False,True
KL_0149,Idukki,Painavu,Puzhapuram,10.186581,77.429008,rural,162,21.85,False,2023,3,2023-03-01,6137.64,6137.64,221.1,36.77,0.0,False,0.825,0.1515,37.89,True,False,False
KL_0149,Idukki,Painavu,Puzhapuram,10.186581,77.429008,rural,162,21.85,False,2023,4,2023-04-01,15450.24,15450.24,223.3,90.69,0.0,False,0.882,0.3815,95.37,True,False,False
KL_0149,Idukki,Painavu,Puzhapuram,10.186581,77.429008,rural,162,21.85,False,2023,5,2023-05-01,26603.72,26603.72,234.4,155.61,0.0,False,0.947,0.6569,164.22,True,False,False
KL_0149,Idukki,Painavu,Puzhapuram,10.186581,77.429008,rural,162,21.85,False,2023,6,2023-06-01,10998.67,10998.67,228.0,66.14,0.0,False,0.808,0.2716,67.89,False,True,False
KL_0149,Idukki,Painavu,Puzhapuram,10.186581,77.429008,rural,162,21.85,False,2023,7,2023-07-01,18938.37,18938.37,244.1,103.88,0.0,False,0.772,0.4676,116.9,False,True,False
KL_0149,Idukki,Painavu,Puzhapuram,10.186581,77.429008,rural,162,21.85,False,2023,8,2023-08-01,13030.24,13030.24,221.0,74.23,0.0,False,0.853,0.3217,80.43,False,True,False
KL_0149,Idukki,Painavu,Puzhapuram,10.186581,77.429008,rural,162,21.85,False,2023,9,2023-09-01,9522.78,9522.78,230.7,53.46,0.0,False,0.892,0.2351,58.78,False,True,False
KL_0149,Idukki,Painavu,Puzhapuram,10.186581,77.429008,rural,162,21.85,False,2023,10,2023-10-01,17950.28,17950.28,234.3,116.47,0.0,False,0.839,0.4432,110.8,False,False,False
KL_0149,Idukki,Painavu,Puzhapuram,10.186581,77.429008,rural,162,21.85,False,2023,11,2023-11-01,19890.64,19890.64,222.4,132.11,0.0,False,0.882,0.4911,122.78,False,False,False
KL_0149,Idukki,Painavu,Puzhapuram,10.186581,77.429008,rural,162,21.85,False,2023,12,2023-12-01,16786.61,16786.61,219.5,102.43,0.0,False,0.823,0.4145,103.62,False,False,True
KL_0149,Idukki,Painavu,Puzhapuram,10.186581,77.429008,rural,162,21.85,False,2024,1,2024-01-01,6476.9,6476.9,225.5,41.96,0.0,False,0.97,0.1599,39.98,False,False,True
KL_0149,Idukki,Painavu,Puzhapuram,10.186581,77.429008,rural,162,21.85,False,2024,2,2024-02-01,13099.23,13099.23,228.8,74.75,0.0,False,0.881,0.3234,80.86,False,False,True
KL_0149,Idukki,Painavu,Puzhapuram,10.186581,77.429008,rural,162,21.85,False,2024,3,2024-03-01,17438.35,17438.35,223.7,113.05,0.0,False,0.826,0.4306,107.64,True,False,False
KL_0149,Idukki,Painavu,Puzhapuram,10.186581,77.429008,rural,162,21.85,False,2024,4,2024-04-01,8933.76,8933.76,230.2,51.05,0.0,False,0.812,0.2206,55.15,True,False,False
KL_0149,Idukki,Painavu,Puzhapuram,10.186581,77.429008,rural,162,21.85,False,2024,5,2024-05-01,15324.13,15324.13,222.9,98.91,0.0,False,0.864,0.3784,94.59,True,False,False
KL_0149,Idukki,Painavu,Puzhapuram,10.186581,77.429008,rural,162,21.85,False,2024,6,2024-06-01,15294.2,15294.2,219.1,90.61,0.0,False,0.884,0.3776,94.41,False,True,False
KL_0149,Idukki,Painavu,Puzhapuram,10.186581,77.429008,rural,162,21.85,False,2024,7,2024-07-01,8549.68,8549.68,233.0,53.67,0.0,False,0.785,0.2111,52.78,False,True,False
KL_0149,Idukki,Painavu,Puzhapuram,10.186581,77.429008,rural,162,21.85,False,2024,8,2024-08-01,14326.37,14326.37,232.4,82.33,0.0,False,0.851,0.3537,88.43,False,True,False
KL_0149,Idukki,Painavu,Puzhapuram,10.186581,77.429008,rural,162,21.85,False,2024,9,2024-09-01,13153.94,13153.94,240.5,73.29,0.0,False,0.887,0.3248,81.2,False,True,False
KL_0149,Idukki,Painavu,Puzhapuram,10.186581,77.429008,rural,162,21.85,False,2024,10,2024-10-01,19588.58,19588.58,221.5,113.53,0.0,False,0.867,0.4837,120.92,False,False,False
KL_0149,Idukki,Painavu,Puzhapuram,10.186581,77.429008,rural,162,21.85,False,2024,11,2024-11-01,10221.53,10221.53,235.3,60.31,0.0,False,0.881,0.2524,63.1,False,False,False
KL_0149,Idukki,Painavu,Puzhapuram,10.186581,77.429008,rural,162,21.85,False,2024,12,2024-12-01,9952.72,9952.72,233.8,55.04,0.0,False,0.925,0.2457,61.44,False,False,True
KL_0150,Idukki,Munnar,Kodukunnu,9.911342,77.547512,urban,185,4.2,False,2023,1,2023-01-01,29725.6,29725.6,232.1,171.99,0.0,False,0.695,0.6427,160.68,False,False,True
KL_0150,Idukki,Munnar,Kodukunnu,9.911342,77.547512,urban,185,4.2,False,2023,2,2023-02-01,19592.86,19592.86,251.0,101.37,0.0,False,0.861,0.4236,105.91,False,False,True
KL_0150,Idukki,Munnar,Kodukunnu,9.911342,77.547512,urban,185,4.2,False,2023,3,2023-03-01,28510.71,28510.71,230.3,175.91,0.0,False,0.732,0.6164,154.11,True,False,False
KL_0150,Idukki,Munnar,Kodukunnu,9.911342,77.547512,urban,185,4.2,False,2023,4,2023-04-01,51044.82,51044.82,234.3,303.83,0.0,False,0.848,1.1037,275.92,True,False,False
KL_0150,Idukki,Munnar,Kodukunnu,9.911342,77.547512,urban,185,4.2,False,2023,5,2023-05-01,46565.16,46565.16,234.4,282.64,0.0,False,0.915,1.0068,251.7,True,False,False
KL_0150,Idukki,Munnar,Kodukunnu,9.911342,77.547512,urban,185,4.2,False,2023,6,2023-06-01,47154.57,47154.57,216.9,296.26,0.0,False,0.844,1.0196,254.89,False,True,False
KL_0150,Idukki,Munnar,Kodukunnu,9.911342,77.547512,urban,185,4.2,False,2023,7,2023-07-01,30458.51,30458.51,227.3,188.81,0.0,False,0.803,0.6586,164.64,False,True,False
KL_0150,Idukki,Munnar,Kodukunnu,9.911342,77.547512,urban,185,4.2,False,2023,8,2023-08-01,38592.76,38592.76,227.5,246.07,0.0,False,0.891,0.8344,208.61,False,True,False
KL_0150,Idukki,Munnar,Kodukunnu,9.911342,77.547512,urban,185,4.2,False,2023,9,2023-09-01,53635.9,53635.9,234.5,303.3,0.0,False,0.857,1.1597,289.92,False,True,False
KL_0150,Idukki,Munnar,Kodukunnu,9.911342,77.547512,urban,185,4.2,False,2023,10,2023-10-01,32690.08,32690.08,234.3,193.32,0.0,False,0.859,0.7068,176.7,False,False,False
KL_0150,Idukki,Munnar,Kodukunnu,9.911342,77.547512,urban,185,4.2,False,2023,11,2023-11-01,46124.9,46124.9,230.2,274.97,0.0,False,0.958,0.9973,249.32,False,False,False
KL_0150,Idukki,Munnar,Kodukunnu,9.911342,77.547512,urban,185,4.2,False,2023,12,2023-12-01,32922.63,32922.63,218.0,200.62,0.0,False,0.775,0.7118,177.96,False,False,True
KL_0150,Idukki,Munnar,Kodukunnu,9.911342,77.547512,urban,185,4.2,False,2024,1,2024-01-01,36757.57,36757.57,221.3,225.35,0.0,False,0.818,0.7948,198.69,False,False,True
KL_0150,Idukki,Munnar,Kodukunnu,9.911342,77.547512,urban,185,4.2,False,2024,2,2024-02-01,37187.28,37187.28,218.3,214.4,0.0,False,0.869,0.804,201.01,False,False,True
KL_0150,Idukki,Munnar,Kodukunnu,9.911342,77.547512,urban,185,4.2,False,2024,3,2024-03-01,42300.1,42300.1,223.3,281.33,0.0,False,0.911,0.9146,228.65,True,False,False
KL_0150,Idukki,Munnar,Kodukunnu,9.911342,77.547512,urban,185,4.2,False,2024,4,2024-04-01,26768.88,26768.88,220.0,182.38,0.0,False,0.802,0.5788,144.7,True,False,False
KL_0150,Idukki,Munnar,Kodukunnu,9.911342,77.547512,urban,185,4.2,False,2024,5,2024-05-01,41250.45,41250.45,242.3,221.17,0.0,False,0.829,0.8919,222.98,True,False,False
KL_0150,Idukki,Munnar,Kodukunnu,9.911342,77.547512,urban,185,4.2,False,2024,6,2024-06-01,33668.65,33668.65,244.7,186.64,0.0,False,0.847,0.728,181.99,False,True,False
KL_0150,Idukki,Munnar,Kodukunnu,9.911342,77.547512,urban,185,4.2,False,2024,7,2024-07-01,31280.16,31280.16,225.1,185.5,0.0,False,0.842,0.6763,169.08,False,True,False
KL_0150,Idukki,Munnar,Kodukunnu,9.911342,77.547512,urban,185,4.2,False,2024,8,2024-08-01,35938.16,35938.16,222.1,214.24,0.0,False,0.885,0.777,194.26,False,True,False
KL_0150,Idukki,Munnar,Kodukunnu,9.911342,77.547512,urban,185,4.2,False,2024,9,2024-09-01,25861.34,25861.34,213.4,166.43,0.0,False,0.847,0.5592,139.79,False,True,False
KL_0150,Idukki,Munnar,Kodukunnu,9.911342,77.547512,urban,185,4.2,False,2024,10,2024-10-01,39511.82,39511.82,224.9,241.84,0.0,False,0.882,0.8543,213.58,False,False,False
KL_0150,Idukki,Munnar,Kodukunnu,9.911342,77.547512,urban,185,4.2,False,2024,11,2024-11-01,34741.06,34741.06,232.1,208.81,0.0,False,0.79,0.7512,187.79,False,False,False
KL_0150,Idukki,Munnar,Kodukunnu,9.911342,77.547512,urban,185,4.2,False,2024,12,2024-12-01,40471.73,40471.73,220.8,253.64,0.0,False,0.857,0.8751,218.77,False,False,True
KL_0151,Kollam,Punalur,Idavapuram,9.175757,76.586936,rural,196,11.69,False,2023,1,2023-01-01,14024.53,14024.53,232.3,88.22,0.0,False,0.852,0.2862,71.55,False,False,True
KL_0151,Kollam,Punalur,Idavapuram,9.175757,76.586936,rural,196,11.69,False,2023,2,2023-02-01,15224.06,15224.06,239.8,94.15,0.0,False,0.892,0.3107,77.67,False,False,True
KL_0151,Kollam,Punalur,Idavapuram,9.175757,76.586936,rural,196,11.69,False,2023,3,2023-03-01,6121.07,6121.07,223.1,38.03,0.0,False,0.976,0.1249,31.23,True,False,False
KL_0151,Kollam,Punalur,Idavapuram,9.175757,76.586936,rural,196,11.69,False,2023,4,2023-04-01,17791.54,17791.54,234.7,112.92,0.0,False,0.898,0.3631,90.77,True,False,False
KL_0151,Kollam,Punalur,Idavapuram,9.175757,76.586936,rural,196,11.69,False,2023,5,2023-05-01,34741.03,34741.03,230.6,189.25,0.0,False,0.815,0.709,177.25,True,False,False
KL_0151,Kollam,Punalur,Idavapuram,9.175757,76.586936,rural,196,11.69,False,2023,6,2023-06-01,10419.06,10419.06,209.2,68.31,0.0,False,0.882,0.2126,53.16,False,True,False
KL_0151,Kollam,Punalur,Idavapuram,9.175757,76.586936,rural,196,11.69,False,2023,7,2023-07-01,15483.48,15483.48,220.4,101.21,0.0,False,0.847,0.316,79.0,False,True,False
KL_0151,Kollam,Punalur,Idavapuram,9.175757,76.586936,rural,196,11.69,False,2023,8,2023-08-01,18795.35,18795.35,228.5,121.93,0.0,False,0.833,0.3836,95.89,False,True,False
KL_0151,Kollam,Punalur,Idavapuram,9.175757,76.586936,rural,196,11.69,False,2023,9,2023-09-01,6997.66,6997.66,250.9,41.22,0.0,False,0.824,0.1428,35.7,False,True,False
KL_0151,Kollam,Punalur,Idavapuram,9.175757,76.586936,rural,196,11.69,False,2023,10,2023-10-01,15781.01,15781.01,226.2,96.73,0.0,False,0.821,0.3221,80.52,False,False,False
KL_0151,Kollam,Punalur,Idavapuram,9.175757,76.586936,rural,196,11.69,False,2023,11,2023-11-01,20273.94,20273.94,238.0,123.38,0.0,False,0.793,0.4138,103.44,False,False,False
KL_0151,Kollam,Punalur,Idavapuram,9.175757,76.586936,rural,196,11.69,False,2023,12,2023-12-01,10789.6,10789.6,223.5,71.11,0.0,False,0.785,0.2202,55.05,False,False,True
KL_0151,Kollam,Punalur,Idavapuram,9.175757,76.586936,rural,196,11.69,False,2024,1,2024-01-01,17322.83,17322.83,229.3,105.52,0.0,False,0.883,0.3535,88.38,False,False,True
KL_0151,Kollam,Punalur,Idavapuram,9.175757,76.586936,rural,196,11.69,False,2024,2,2024-02-01,10446.73,10446.73,225.1,64.97,0.0,False,0.832,0.2132,53.3,False,False,True
KL_0151,Kollam,Punalur,Idavapuram,9.175757,76.586936,rural,196,11.69,False,2024,3,2024-03-01,19065.32,19065.32,227.0,115.86,0.0,False,0.859,0.3891,97.27,True,False,False
KL_0151,Kollam,Punalur,Idavapuram,9.175757,76.586936,rural,196,11.69,False,2024,4,2024-04-01,21899.76,21899.76,235.4,127.25,0.0,False,0.807,0.4469,111.73,True,False,False
KL_0151,Kollam,Punalur,Idavapuram,9.175757,76.586936,rural,196,11.69,False,2024,5,2024-05-01,19484.22,19484.22,230.8,127.13,0.0,False,0.879,0.3976,99.41,True,False,False
KL_0151,Kollam,Punalur,Idavapuram,9.175757,76.586936,rural,196,11.69,False,2024,6,2024-06-01,13898.48,13898.48,213.9,94.82,0.0,False,0.815,0.2836,70.91,False,True,False
KL_0151,Kollam,Punalur,Idavapuram,9.175757,76.586936,rural,196,11.69,False,2024,7,2024-07-01,15717.88,15717.88,218.7,96.99,0.0,False,0.783,0.3208,80.19,False,True,False
KL_0151,Kollam,Punalur,Idavapuram,9.175757,76.586936,rural,196,11.69,False,2024,8,2024-08-01,26892.73,26892.73,222.2,178.24,0.0,False,0.928,0.5488,137.21,False,True,False
KL_0151,Kollam,Punalur,Idavapuram,9.175757,76.586936,rural,196,11.69,False,2024,9,2024-09-01,22081.21,22081.21,233.2,119.65,0.0,False,0.86,0.4506,112.66,False,True,False
KL_0151,Kollam,Punalur,Idavapuram,9.175757,76.586936,rural,196,11.69,False,2024,10,2024-10-01,18886.3,18886.3,231.4,120.17,0.0,False,0.834,0.3854,96.36,False,False,False
KL_0151,Kollam,Punalur,Idavapuram,9.175757,76.586936,rural,196,11.69,False,2024,11,2024-11-01,27805.75,27805.75,221.9,168.54,0.0,False,0.84,0.5675,141.87,False,False,False
KL_0151,Kollam,Punalur,Idavapuram,9.175757,76.586936,rural,196,11.69,False,2024,12,2024-12-01,18458.88,18458.88,211.3,120.54,0.0,False,0.832,0.3767,94.18,False,False,True
KL_0152,Idukki,Adimali,Kottanagar,9.535084,77.299846,rural,30,7.07,False,2023,1,2023-01-01,3306.55,3306.55,207.7,22.52,0.0,False,0.875,0.4409,110.22,False,False,True
KL_0152,Idukki,Adimali,Kottanagar,9.535084,77.299846,rural,30,7.07,False,2023,2,2023-02-01,2557.21,2557.21,235.7,15.92,0.0,False,0.773,0.341,85.24,False,False,True
KL_0152,Idukki,Adimali,Kottanagar,9.535084,77.299846,rural,30,7.07,False,2023,3,2023-03-01,2992.6,2992.6,233.1,19.36,0.0,False,0.76,0.399,99.75,True,False,False
KL_0152,Idukki,Adimali,Kottanagar,9.535084,77.299846,rural,30,7.07,False,2023,4,2023-04-01,4592.43,4592.43,227.3,26.57,0.0,False,0.856,0.6123,153.08,True,False,False
KL_0152,Idukki,Adimali,Kottanagar,9.535084,77.299846,rural,30,7.07,False,2023,5,2023-05-01,3982.7,3982.7,243.3,21.88,0.0,False,0.763,0.531,132.76,True,False,False
KL_0152,Idukki,Adimali,Kottanagar,9.535084,77.299846,rural,30,7.07,False,2023,6,2023-06-01,2860.57,2860.57,230.9,17.78,0.0,False,0.755,0.3814,95.35,False,True,False
KL_0152,Idukki,Adimali,Kottanagar,9.535084,77.299846,rural,30,7.07,False,2023,7,2023-07-01,1610.54,1610.54,235.7,10.4,0.0,False,0.895,0.2147,53.68,False,True,False
KL_0152,Idukki,Adimali,Kottanagar,9.535084,77.299846,rural,30,7.07,False,2023,8,2023-08-01,2867.76,2867.76,222.5,16.78,0.0,False,0.858,0.3824,95.59,False,True,False
KL_0152,Idukki,Adimali,Kottanagar,9.535084,77.299846,rural,30,7.07,False,2023,9,2023-09-01,3867.87,3867.87,234.7,23.81,0.0,False,0.859,0.5157,128.93,False,True,False
KL_0152,Idukki,Adimali,Kottanagar,9.535084,77.299846,rural,30,7.07,False,2023,10,2023-10-01,2160.71,2160.71,250.2,11.16,0.0,False,0.794,0.2881,72.02,False,False,False
KL_0152,Idukki,Adimali,Kottanagar,9.535084,77.299846,rural,30,7.07,False,2023,11,2023-11-01,2444.23,2444.23,236.3,13.58,0.0,False,0.92,0.3259,81.47,False,False,False
KL_0152,Idukki,Adimali,Kottanagar,9.535084,77.299846,rural,30,7.07,False,2023,12,2023-12-01,1668.45,1668.45,235.9,9.25,0.0,False,0.9,0.2225,55.62,False,False,True
KL_0152,Idukki,Adimali,Kottanagar,9.535084,77.299846,rural,30,7.07,False,2024,1,2024-01-01,1440.79,1440.79,224.9,9.69,0.0,False,0.782,0.1921,48.03,False,False,True
KL_0152,Idukki,Adimali,Kottanagar,9.535084,77.299846,rural,30,7.07,False,2024,2,2024-02-01,2443.55,2443.55,219.5,15.7,0.0,False,0.845,0.3258,81.45,False,False,True
KL_0152,Idukki,Adimali,Kottanagar,9.535084,77.299846,rural,30,7.07,False,2024,3,2024-03-01,2594.47,2594.47,216.6,16.39,0.0,False,0.83,0.3459,86.48,True,False,False
KL_0152,Idukki,Adimali,Kottanagar,9.535084,77.299846,rural,30,7.07,False,2024,4,2024-04-01,4379.98,4379.98,227.5,27.5,0.0,False,0.848,0.584,146.0,True,False,False
KL_0152,Idukki,Adimali,Kottanagar,9.535084,77.299846,rural,30,7.07,False,2024,5,2024-05-01,2282.0,2282.0,215.0,16.04,0.0,False,0.904,0.3043,76.07,True,False,False
KL_0152,Idukki,Adimali,Kottanagar,9.535084,77.299846,rural,30,7.07,False,2024,6,2024-06-01,3570.08,3570.08,250.4,18.06,0.0,False,0.831,0.476,119.0,False,True,False
KL_0152,Idukki,Adimali,Kottanagar,9.535084,77.299846,rural,30,7.07,False,2024,7,2024-07-01,1472.89,1472.89,227.4,9.81,0.0,False,0.899,0.1964,49.1,False,True,False
KL_0152,Idukki,Adimali,Kottanagar,9.535084,77.299846,rural,30,7.07,False,2024,8,2024-08-01,2719.05,2719.05,220.5,16.25,0.0,False,0.763,0.3625,90.64,False,True,False
KL_0152,Idukki,Adimali,Kottanagar,9.535084,77.299846,rural,30,7.07,False,2024,9,2024-09-01,1827.17,1827.17,218.7,12.14,0.0,False,0.819,0.2436,60.91,False,True,False
KL_0152,Idukki,Adimali,Kottanagar,9.535084,77.299846,rural,30,7.07,False,2024,10,2024-10-01,3669.76,3669.76,231.3,22.48,0.0,False,0.83,0.4893,122.33,False,False,False
KL_0152,Idukki,Adimali,Kottanagar,9.535084,77.299846,rural,30,7.07,False,2024,11,2024-11-01,3028.81,3028.81,234.9,16.41,0.0,False,0.823,0.4038,100.96,False,False,False
KL_0152,Idukki,Adimali,Kottanagar,9.535084,77.299846,rural,30,7.07,False,2024,12,2024-12-01,2194.7,2194.7,253.9,13.17,0.0,False,0.851,0.2926,73.16,False,False,True
KL_0153,Wayanad,Mananthavady,Thekkenagar,11.728643,75.552643,urban,112,1.42,True,2023,1,2023-01-01,19520.08,19520.08,221.4,128.4,0.0,False,0.858,0.6971,174.29,False,False,True
KL_0153,Wayanad,Mananthavady,Thekkenagar,11.728643,75.552643,urban,112,1.42,True,2023,2,2023-02-01,17376.42,17376.42,238.6,97.24,0.0,False,0.862,0.6206,155.15,False,False,True
KL_0153,Wayanad,Mananthavady,Thekkenagar,11.728643,75.552643,urban,112,1.42,True,2023,3,2023-03-01,27045.7,27045.7,237.1,169.32,0.0,False,0.894,0.9659,241.48,True,False,False
KL_0153,Wayanad,Mananthavady,Thekkenagar,11.728643,75.552643,urban,112,1.42,True,2023,4,2023-04-01,29951.02,29951.02,216.2,203.42,0.0,False,0.887,1.0697,267.42,True,False,False
KL_0153,Wayanad,Mananthavady,Thekkenagar,11.728643,75.552643,urban,112,1.42,True,2023,5,2023-05-01,26649.91,26649.91,216.1,175.64,0.0,False,0.775,0.9518,237.95,True,False,False
KL_0153,Wayanad,Mananthavady,Thekkenagar,11.728643,75.552643,urban,112,1.42,True,2023,6,2023-06-01,23892.58,23892.58,232.9,130.81,0.0,False,0.857,0.8533,213.33,False,True,False
KL_0153,Wayanad,Mananthavady,Thekkenagar,11.728643,75.552643,urban,112,1.42,True,2023,7,2023-07-01,19099.55,19099.55,224.5,120.48,0.0,False,0.819,0.6821,170.53,False,True,False
KL_0153,Wayanad,Mananthavady,Thekkenagar,11.728643,75.552643,urban,112,1.42,True,2023,8,2023-08-01,17508.45,17508.45,228.3,96.4,0.0,False,0.891,0.6253,156.33,False,True,False
KL_0153,Wayanad,Mananthavady,Thekkenagar,11.728643,75.552643,urban,112,1.42,True,2023,9,2023-09-01,16827.63,16827.63,238.1,93.41,0.0,False,0.915,0.601,150.25,False,True,False
KL_0153,Wayanad,Mananthavady,Thekkenagar,11.728643,75.552643,urban,112,1.42,True,2023,10,2023-10-01,18087.9,18087.9,243.6,94.93,0.0,False,0.892,0.646,161.5,False,False,False
KL_0153,Wayanad,Mananthavady,Thekkenagar,11.728643,75.552643,urban,112,1.42,True,2023,11,2023-11-01,15509.82,15509.82,239.9,85.02,0.0,False,0.945,0.5539,138.48,False,False,False
KL_0153,Wayanad,Mananthavady,Thekkenagar,11.728643,75.552643,urban,112,1.42,True,2023,12,2023-12-01,16566.02,16566.02,225.2,99.19,0.0,False,0.888,0.5916,147.91,False,False,True
KL_0153,Wayanad,Mananthavady,Thekkenagar,11.728643,75.552643,urban,112,1.42,True,2024,1,2024-01-01,18345.77,18345.77,234.9,97.84,0.0,False,0.9,0.6552,163.8,False,False,True
KL_0153,Wayanad,Mananthavady,Thekkenagar,11.728643,75.552643,urban,112,1.42,True,2024,2,2024-02-01,21458.91,21458.91,219.1,122.47,0.0,False,0.81,0.7664,191.6,False,False,True
KL_0153,Wayanad,Mananthavady,Thekkenagar,11.728643,75.552643,urban,112,1.42,True,2024,3,2024-03-01,16597.71,16597.71,220.9,111.3,0.0,False,0.849,0.5928,148.19,True,False,False
KL_0153,Wayanad,Mananthavady,Thekkenagar,11.728643,75.552643,urban,112,1.42,True,2024,4,2024-04-01,18157.8,18157.8,234.8,114.0,0.0,False,0.884,0.6485,162.12,True,False,False
KL_0153,Wayanad,Mananthavady,Thekkenagar,11.728643,75.552643,urban,112,1.42,True,2024,5,2024-05-01,25630.93,25630.93,230.0,151.96,0.0,False,0.864,0.9154,228.85,True,False,False
KL_0153,Wayanad,Mananthavady,Thekkenagar,11.728643,75.552643,urban,112,1.42,True,2024,6,2024-06-01,23421.52,23421.52,221.2,149.18,0.0,False,0.804,0.8365,209.12,False,True,False
KL_0153,Wayanad,Mananthavady,Thekkenagar,11.728643,75.552643,urban,112,1.42,True,2024,7,2024-07-01,32845.91,32845.91,237.6,179.8,0.0,False,0.804,1.1731,293.27,False,True,False
KL_0153,Wayanad,Mananthavady,Thekkenagar,11.728643,75.552643,urban,112,1.42,True,2024,8,2024-08-01,15439.79,15439.79,219.9,92.85,0.0,False,0.759,0.5514,137.86,False,True,False
KL_0153,Wayanad,Mananthavady,Thekkenagar,11.728643,75.552643,urban,112,1.42,True,2024,9,2024-09-01,23854.02,23854.02,236.0,140.92,0.0,False,0.869,0.8519,212.98,False,True,False
KL_0153,Wayanad,Mananthavady,Thekkenagar,11.728643,75.552643,urban,112,1.42,True,2024,10,2024-10-01,42713.2,42713.2,231.2,237.59,0.0,False,0.798,1.5255,381.37,False,False,False
KL_0153,Wayanad,Mananthavady,Thekkenagar,11.728643,75.552643,urban,112,1.42,True,2024,11,2024-11-01,19393.23,19393.23,220.0,134.46,0.0,False,0.884,0.6926,173.15,False,False,False
KL_0153,Wayanad,Mananthavady,Thekkenagar,11.728643,75.552643,urban,112,1.42,True,2024,12,2024-12-01,14767.96,14767.96,227.3,99.09,0.0,False,0.886,0.5274,131.86,False,False,True
KL_0154,Thrissur,Thrissur,Pallimukku,10.474214,76.308186,semi-urban,116,3.95,False,2023,1,2023-01-01,18512.64,18512.64,230.8,101.53,0.0,False,0.861,0.6384,159.59,False,False,True
KL_0154,Thrissur,Thrissur,Pallimukku,10.474214,76.308186,semi-urban,116,3.95,False,2023,2,2023-02-01,13235.72,13235.72,213.8,90.7,0.0,False,0.87,0.4564,114.1,False,False,True
KL_0154,Thrissur,Thrissur,Pallimukku,10.474214,76.308186,semi-urban,116,3.95,False,2023,3,2023-03-01,9442.52,9442.52,218.9,63.33,0.0,False,0.901,0.3256,81.4,True,False,False
KL_0154,Thrissur,Thrissur,Pallimukku,10.474214,76.308186,semi-urban,116,3.95,False,2023,4,2023-04-01,13063.09,13063.09,221.1,76.64,0.0,False,0.908,0.4505,112.61,True,False,False
KL_0154,Thrissur,Thrissur,Pallimukku,10.474214,76.308186,semi-urban,116,3.95,False,2023,5,2023-05-01,11219.07,11219.07,233.2,72.59,0.0,False,0.738,0.3869,96.72,True,False,False
KL_0154,Thrissur,Thrissur,Pallimukku,10.474214,76.308186,semi-urban,116,3.95,False,2023,6,2023-06-01,18424.92,18424.92,233.4,112.29,0.0,False,0.885,0.6353,158.84,False,True,False
KL_0154,Thrissur,Thrissur,Pallimukku,10.474214,76.308186,semi-urban,116,3.95,False,2023,7,2023-07-01,14881.84,14881.84,213.7,95.53,0.0,False,0.874,0.5132,128.29,False,True,False
KL_0154,Thrissur,Thrissur,Pallimukku,10.474214,76.308186,semi-urban,116,3.95,False,2023,8,2023-08-01,13656.21,13656.21,230.1,88.51,0.0,False,0.865,0.4709,117.73,False,True,False
KL_0154,Thrissur,Thrissur,Pallimukku,10.474214,76.308186,semi-urban,116,3.95,False,2023,9,2023-09-01,18982.82,18982.82,231.3,117.07,0.0,False,0.874,0.6546,163.65,False,True,False
KL_0154,Thrissur,Thrissur,Pallimukku,10.474214,76.308186,semi-urban,116,3.95,False,2023,10,2023-10-01,9888.52,9888.52,234.9,60.68,0.0,False,0.834,0.341,85.25,False,False,False
KL_0154,Thrissur,Thrissur,Pallimukku,10.474214,76.308186,semi-urban,116,3.95,False,2023,11,2023-11-01,16952.83,16952.83,232.3,102.42,0.0,False,0.73,0.5846,146.15,False,False,False
KL_0154,Thrissur,Thrissur,Pallimukku,10.474214,76.308186,semi-urban,116,3.95,False,2023,12,2023-12-01,10118.11,10118.11,236.0,57.2,0.0,False,0.82,0.3489,87.23,False,False,True
KL_0154,Thrissur,Thrissur,Pallimukku,10.474214,76.308186,semi-urban,116,3.95,False,2024,1,2024-01-01,17853.13,17853.13,234.3,107.62,0.0,False,0.759,0.6156,153.91,False,False,True
KL_0154,Thrissur,Thrissur,Pallimukku,10.474214,76.308186,semi-urban,116,3.95,False,2024,2,2024-02-01,7644.02,7644.02,215.4,49.76,0.0,False,0.767,0.2636,65.9,False,False,True
KL_0154,Thrissur,Thrissur,Pallimukku,10.474214,76.308186,semi-urban,116,3.95,False,2024,3,2024-03-01,10356.98,10356.98,222.4,65.31,0.0,False,0.903,0.3571,89.28,True,False,False
KL_0154,Thrissur,Thrissur,Pallimukku,10.474214,76.308186,semi-urban,116,3.95,False,2024,4,2024-04-01,15410.84,15410.84,229.0,89.44,0.0,False,0.823,0.5314,132.85,True,False,False
KL_0154,Thrissur,Thrissur,Pallimukku,10.474214,76.308186,semi-urban,116,3.95,False,2024,5,2024-05-01,24412.99,24412.99,213.7,168.27,0.0,False,0.863,0.8418,210.46,True,False,False
KL_0154,Thrissur,Thrissur,Pallimukku,10.474214,76.308186,semi-urban,116,3.95,False,2024,6,2024-06-01,19335.77,19335.77,228.1,119.28,0.0,False,0.85,0.6668,166.69,False,True,False
KL_0154,Thrissur,Thrissur,Pallimukku,10.474214,76.308186,semi-urban,116,3.95,False,2024,7,2024-07-01,18426.39,18426.39,230.0,117.2,0.0,False,0.917,0.6354,158.85,False,True,False
KL_0154,Thrissur,Thrissur,Pallimukku,10.474214,76.308186,semi-urban,116,3.95,False,2024,8,2024-08-01,13523.86,13523.86,231.9,88.85,0.0,False,0.854,0.4663,116.58,False,True,False
KL_0154,Thrissur,Thrissur,Pallimukku,10.474214,76.308186,semi-urban,116,3.95,False,2024,9,2024-09-01,9516.67,9516.67,232.1,61.61,0.0,False,0.82,0.3282,82.04,False,True,False
KL_0154,Thrissur,Thrissur,Pallimukku,10.474214,76.308186,semi-urban,116,3.95,False,2024,10,2024-10-01,16343.7,16343.7,239.2,95.77,0.0,False,0.924,0.5636,140.89,False,False,False
KL_0154,Thrissur,Thrissur,Pallimukku,10.474214,76.308186,semi-urban,116,3.95,False,2024,11,2024-11-01,16265.21,16265.21,233.5,87.58,0.0,False,0.825,0.5609,140.22,False,False,False
KL_0154,Thrissur,Thrissur,Pallimukku,10.474214,76.308186,semi-urban,116,3.95,False,2024,12,2024-12-01,13800.43,13800.43,225.0,84.74,0.0,False,0.871,0.4759,118.97,False,False,True
KL_0155,Thrissur,Kodungallur,Pettakunnu,10.298041,76.057032,rural,33,23.6,False,2023,1,2023-01-01,1595.25,1595.25,208.8,10.99,0.0,False,0.875,0.1934,48.34,False,False,True
KL_0155,Thrissur,Kodungallur,Pettakunnu,10.298041,76.057032,rural,33,23.6,False,2023,2,2023-02-01,3393.34,3393.34,221.1,20.7,0.0,False,0.788,0.4113,102.83,False,False,True
KL_0155,Thrissur,Kodungallur,Pettakunnu,10.298041,76.057032,rural,33,23.6,False,2023,3,2023-03-01,2474.28,2474.28,226.8,14.29,0.0,False,0.896,0.2999,74.98,True,False,False
KL_0155,Thrissur,Kodungallur,Pettakunnu,10.298041,76.057032,rural,33,23.6,False,2023,4,2023-04-01,3096.93,3096.93,219.0,18.34,0.0,False,0.918,0.3754,93.85,True,False,False
KL_0155,Thrissur,Kodungallur,Pettakunnu,10.298041,76.057032,rural,33,23.6,False,2023,5,2023-05-01,4730.2,4730.2,225.6,31.74,0.0,False,0.793,0.5734,143.34,True,False,False
KL_0155,Thrissur,Kodungallur,Pettakunnu,10.298041,76.057032,rural,33,23.6,False,2023,6,2023-06-01,2208.91,2208.91,231.8,13.88,0.0,False,0.851,0.2677,66.94,False,True,False
KL_0155,Thrissur,Kodungallur,Pettakunnu,10.298041,76.057032,rural,33,23.6,False,2023,7,2023-07-01,3505.96,3505.96,237.2,21.59,0.0,False,0.917,0.425,106.24,False,True,False
KL_0155,Thrissur,Kodungallur,Pettakunnu,10.298041,76.057032,rural,33,23.6,False,2023,8,2023-08-01,1501.02,1501.02,216.7,8.95,0.0,False,0.769,0.1819,45.49,False,True,False
KL_0155,Thrissur,Kodungallur,Pettakunnu,10.298041,76.057032,rural,33,23.6,False,2023,9,2023-09-01,1784.75,1784.75,220.1,11.72,0.0,False,0.881,0.2163,54.08,False,True,False
KL_0155,Thrissur,Kodungallur,Pettakunnu,10.298041,76.057032,rural,33,23.6,False,2023,10,2023-10-01,3769.51,3769.51,236.3,23.57,0.0,False,0.788,0.4569,114.23,False,False,False
KL_0155,Thrissur,Kodungallur,Pettakunnu,10.298041,76.057032,rural,33,23.6,False,2023,11,2023-11-01,1729.98,1729.98,236.2,10.8,0.0,False,0.834,0.2097,52.42,False,False,False
KL_0155,Thrissur,Kodungallur,Pettakunnu,10.298041,76.057032,rural,33,23.6,False,2023,12,2023-12-01,4570.39,4570.39,236.7,24.51,0.0,False,0.839,0.554,138.5,False,False,True
KL_0155,Thrissur,Kodungallur,Pettakunnu,10.298041,76.057032,rural,33,23.6,False,2024,1,2024-01-01,2985.09,2985.09,240.2,16.5,0.0,False,0.791,0.3618,90.46,False,False,True
KL_0155,Thrissur,Kodungallur,Pettakunnu,10.298041,76.057032,rural,33,23.6,False,2024,2,2024-02-01,2781.85,2781.85,212.4,17.43,0.0,False,0.804,0.3372,84.3,False,False,True
KL_0155,Thrissur,Kodungallur,Pettakunnu,10.298041,76.057032,rural,33,23.6,False,2024,3,2024-03-01,1113.67,1113.67,223.7,7.16,0.0,False,0.846,0.135,33.75,True,False,False
KL_0155,Thrissur,Kodungallur,Pettakunnu,10.298041,76.057032,rural,33,23.6,False,2024,4,2024-04-01,3720.95,3720.95,230.4,21.41,0.0,False,0.919,0.451,112.76,True,False,False
KL_0155,Thrissur,Kodungallur,Pettakunnu,10.298041,76.057032,rural,33,23.6,False,2024,5,2024-05-01,4671.51,4671.51,230.8,27.49,0.0,False,0.874,0.5662,141.56,True,False,False
KL_0155,Thrissur,Kodungallur,Pettakunnu,10.298041,76.057032,rural,33,23.6,False,2024,6,2024-06-01,3729.95,3729.95,231.3,20.36,0.0,False,0.768,0.4521,113.03,False,True,False
KL_0155,Thrissur,Kodungallur,Pettakunnu,10.298041,76.057032,rural,33,23.6,False,2024,7,2024-07-01,3186.07,3186.07,242.7,16.75,0.0,False,0.873,0.3862,96.55,False,True,False
KL_0155,Thrissur,Kodungallur,Pettakunnu,10.298041,76.057032,rural,33,23.6,False,2024,8,2024-08-01,1597.59,1597.59,227.1,9.19,0.0,False,0.852,0.1936,48.41,False,True,False
KL_0155,Thrissur,Kodungallur,Pettakunnu,10.298041,76.057032,rural,33,23.6,False,2024,9,2024-09-01,2416.13,2416.13,206.5,17.54,0.0,False,0.818,0.2929,73.22,False,True,False
KL_0155,Thrissur,Kodungallur,Pettakunnu,10.298041,76.057032,rural,33,23.6,False,2024,10,2024-10-01,2823.01,2823.01,230.8,15.39,0.0,False,0.828,0.3422,85.55,False,False,False
KL_0155,Thrissur,Kodungallur,Pettakunnu,10.298041,76.057032,rural,33,23.6,False,2024,11,2024-11-01,3412.45,3412.45,226.3,19.69,0.0,False,0.875,0.4136,103.41,False,False,False
KL_0155,Thrissur,Kodungallur,Pettakunnu,10.298041,76.057032,rural,33,23.6,False,2024,12,2024-12-01,2575.41,2575.41,238.3,14.01,0.0,False,0.771,0.3122,78.04,False,False,True
KL_0156,Ernakulam,Kochi,Idavavayal,9.877188,76.630586,rural,175,20.9,False,2023,1,2023-01-01,12569.81,12569.81,222.4,85.78,0.0,False,0.818,0.2873,71.83,False,False,True
KL_0156,Ernakulam,Kochi,Idavavayal,9.877188,76.630586,rural,175,20.9,False,2023,2,2023-02-01,10205.9,10205.9,219.6,68.77,0.0,False,0.793,0.2333,58.32,False,False,True
KL_0156,Ernakulam,Kochi,Idavavayal,9.877188,76.630586,rural,175,20.9,False,2023,3,2023-03-01,8761.07,8761.07,226.9,49.32,0.0,False,0.81,0.2003,50.06,True,False,False
KL_0156,Ernakulam,Kochi,Idavavayal,9.877188,76.630586,rural,175,20.9,False,2023,4,2023-04-01,19919.36,19919.36,235.8,114.04,0.0,False,0.866,0.4553,113.82,True,False,False
KL_0156,Ernakulam,Kochi,Idavavayal,9.877188,76.630586,rural,175,20.9,False,2023,5,2023-05-01,13645.44,13645.44,234.9,76.16,0.0,False,0.852,0.3119,77.97,True,False,False
KL_0156,Ernakulam,Kochi,Idavavayal,9.877188,76.630586,rural,175,20.9,False,2023,6,2023-06-01,18499.93,18499.93,226.9,108.76,0.0,False,0.884,0.4229,105.71,False,True,False
KL_0156,Ernakulam,Kochi,Idavavayal,9.877188,76.630586,rural,175,20.9,False,2023,7,2023-07-01,15614.6,15614.6,226.3,105.3,0.0,False,0.737,0.3569,89.23,False,True,False
KL_0156,Ernakulam,Kochi,Idavavayal,9.877188,76.630586,rural,175,20.9,False,2023,8,2023-08-01,17628.44,17628.44,208.7,107.3,0.0,False,0.837,0.4029,100.73,False,True,False
KL_0156,Ernakulam,Kochi,Idavavayal,9.877188,76.630586,rural,175,20.9,False,2023,9,2023-09-01,13955.71,13955.71,223.0,90.72,0.0,False,0.845,0.319,79.75,False,True,False
KL_0156,Ernakulam,Kochi,Idavavayal,9.877188,76.630586,rural,175,20.9,False,2023,10,2023-10-01,22463.39,22463.39,214.1,154.96,0.0,False,0.768,0.5134,128.36,False,False,False
KL_0156,Ernakulam,Kochi,Idavavayal,9.877188,76.630586,rural,175,20.9,False,2023,11,2023-11-01,19351.98,19351.98,231.1,115.07,0.0,False,0.816,0.4423,110.58,False,False,False
KL_0156,Ernakulam,Kochi,Idavavayal,9.877188,76.630586,rural,175,20.9,False,2023,12,2023-12-01,12701.13,12701.13,240.4,71.2,0.0,False,0.849,0.2903,72.58,False,False,True
KL_0156,Ernakulam,Kochi,Idavavayal,9.877188,76.630586,rural,175,20.9,False,2024,1,2024-01-01,12915.75,12915.75,241.0,71.45,0.0,False,0.866,0.2952,73.8,False,False,True
KL_0156,Ernakulam,Kochi,Idavavayal,9.877188,76.630586,rural,175,20.9,False,2024,2,2024-02-01,10701.07,10701.07,229.0,65.89,0.0,False,0.867,0.2446,61.15,False,False,True
KL_0156,Ernakulam,Kochi,Idavavayal,9.877188,76.630586,rural,175,20.9,False,2024,3,2024-03-01,8842.95,8842.95,215.0,54.15,0.0,False,0.751,0.2021,50.53,True,False,False
KL_0156,Ernakulam,Kochi,Idavavayal,9.877188,76.630586,rural,175,20.9,False,2024,4,2024-04-01,16077.31,16077.31,228.9,97.5,0.0,False,0.818,0.3675,91.87,True,False,False
KL_0156,Ernakulam,Kochi,Idavavayal,9.877188,76.630586,rural,175,20.9,False,2024,5,2024-05-01,13211.9,13211.9,228.9,85.54,0.0,False,0.774,0.302,75.5,True,False,False
KL_0156,Ernakulam,Kochi,Idavavayal,9.877188,76.630586,rural,175,20.9,False,2024,6,2024-06-01,19040.55,19040.55,228.3,119.39,0.0,False,0.85,0.4352,108.8,False,True,False
KL_0156,Ernakulam,Kochi,Idavavayal,9.877188,76.630586,rural,175,20.9,False,2024,7,2024-07-01,4971.71,4971.71,219.5,31.96,0.0,False,0.828,0.1136,28.41,False,True,False
KL_0156,Ernakulam,Kochi,Idavavayal,9.877188,76.630586,rural,175,20.9,False,2024,8,2024-08-01,4211.48,4211.48,235.8,24.1,0.0,False,0.819,0.0963,24.07,False,True,False
KL_0156,Ernakulam,Kochi,Idavavayal,9.877188,76.630586,rural,175,20.9,False,2024,9,2024-09-01,11461.4,11461.4,222.7,75.24,0.0,False,1.008,0.262,65.49,False,True,False
KL_0156,Ernakulam,Kochi,Idavavayal,9.877188,76.630586,rural,175,20.9,False,2024,10,2024-10-01,9839.95,9839.95,216.9,63.56,0.0,False,0.797,0.2249,56.23,False,False,False
KL_0156,Ernakulam,Kochi,Idavavayal,9.877188,76.630586,rural,175,20.9,False,2024,11,2024-11-01,17192.05,17192.05,232.7,93.25,0.0,False,0.849,0.393,98.24,False,False,False
KL_0156,Ernakulam,Kochi,Idavavayal,9.877188,76.630586,rural,175,20.9,False,2024,12,2024-12-01,4508.01,4508.01,228.9,27.96,0.0,False,0.874,0.103,25.76,False,False,True
KL_0157,Thiruvananthapuram,Attingal,Vattakavu,8.639148,76.417881,rural,148,14.15,False,2023,1,2023-01-01,12104.52,12104.52,225.9,69.84,0.0,False,0.868,0.3271,81.79,False,False,True
KL_0157,Thiruvananthapuram,Attingal,Vattakavu,8.639148,76.417881,rural,148,14.15,False,2023,2,2023-02-01,8351.72,8351.72,226.6,53.11,0.0,False,0.879,0.2257,56.43,False,False,True
KL_0157,Thiruvananthapuram,Attingal,Vattakavu,8.639148,76.417881,rural,148,14.15,False,2023,3,2023-03-01,15544.03,15544.03,210.1,97.65,0.0,False,0.868,0.4201,105.03,True,False,False
KL_0157,Thiruvananthapuram,Attingal,Vattakavu,8.639148,76.417881,rural,148,14.15,False,2023,4,2023-04-01,6939.84,6939.84,222.0,45.85,0.0,False,0.833,0.1876,46.89,True,False,False
KL_0157,Thiruvananthapuram,Attingal,Vattakavu,8.639148,76.417881,rural,148,14.15,False,2023,5,2023-05-01,15389.43,15389.43,249.2,91.59,0.0,False,0.851,0.4159,103.98,True,False,False
KL_0157,Thiruvananthapuram,Attingal,Vattakavu,8.639148,76.417881,rural,148,14.15,False,2023,6,2023-06-01,8594.99,8594.99,228.7,54.32,0.0,False,0.817,0.2323,58.07,False,True,False
KL_0157,Thiruvananthapuram,Attingal,Vattakavu,8.639148,76.417881,rural,148,14.15,False,2023,7,2023-07-01,14240.07,14240.07,217.0,84.44,0.0,False,0.813,0.3849,96.22,False,True,False
KL_0157,Thiruvananthapuram,Attingal,Vattakavu,8.639148,76.417881,rural,148,14.15,False,2023,8,2023-08-01,10389.86,10389.86,216.5,70.11,0.0,False,0.784,0.2808,70.2,False,True,False
KL_0157,Thiruvananthapuram,Attingal,Vattakavu,8.639148,76.417881,rural,148,14.15,False,2023,9,2023-09-01,8855.72,8855.72,217.7,59.88,0.0,False,0.889,0.2393,59.84,False,True,False
KL_0157,Thiruvananthapuram,Attingal,Vattakavu,8.639148,76.417881,rural,148,14.15,False,2023,10,2023-10-01,14756.87,14756.87,233.7,84.56,0.0,False,0.905,0.3988,99.71,False,False,False
KL_0157,Thiruvananthapuram,Attingal,Vattakavu,8.639148,76.417881,rural,148,14.15,False,2023,11,2023-11-01,19511.59,19511.59,229.8,106.42,0.0,False,0.821,0.5273,131.84,False,False,False
KL_0157,Thiruvananthapuram,Attingal,Vattakavu,8.639148,76.417881,rural,148,14.15,False,2023,12,2023-12-01,6913.68,6913.68,226.8,42.64,0.0,False,0.846,0.1869,46.71,False,False,True
KL_0157,Thiruvananthapuram,Attingal,Vattakavu,8.639148,76.417881,rural,148,14.15,False,2024,1,2024-01-01,10988.76,10988.76,231.8,69.11,0.0,False,0.93,0.297,74.25,False,False,True
KL_0157,Thiruvananthapuram,Attingal,Vattakavu,8.639148,76.417881,rural,148,14.15,False,2024,2,2024-02-01,8352.6,8352.6,221.4,55.48,0.0,False,0.906,0.2257,56.44,False,False,True
KL_0157,Thiruvananthapuram,Attingal,Vattakavu,8.639148,76.417881,rural,148,14.15,False,2024,3,2024-03-01,9546.55,9546.55,215.8,61.63,0.0,False,0.895,0.258,64.5,True,False,False
KL_0157,Thiruvananthapuram,Attingal,Vattakavu,8.639148,76.417881,rural,148,14.15,False,2024,4,2024-04-01,14801.51,14801.51,236.1,82.48,0.0,False,0.863,0.4,100.01,True,False,False
KL_0157,Thiruvananthapuram,Attingal,Vattakavu,8.639148,76.417881,rural,148,14.15,False,2024,5,2024-05-01,7662.33,7662.33,236.3,45.6,0.0,False,0.819,0.2071,51.77,True,False,False
KL_0157,Thiruvananthapuram,Attingal,Vattakavu,8.639148,76.417881,rural,148,14.15,False,2024,6,2024-06-01,21412.13,21412.13,207.1,138.97,0.0,False,0.824,0.5787,144.68,False,True,False
KL_0157,Thiruvananthapuram,Attingal,Vattakavu,8.639148,76.417881,rural,148,14.15,False,2024,7,2024-07-01,9158.29,9158.29,216.8,61.31,0.0,False,0.862,0.2475,61.88,False,True,False
KL_0157,Thiruvananthapuram,Attingal,Vattakavu,8.639148,76.417881,rural,148,14.15,False,2024,8,2024-08-01,12855.79,12855.79,241.5,79.42,0.0,False,0.872,0.3475,86.86,False,True,False
KL_0157,Thiruvananthapuram,Attingal,Vattakavu,8.639148,76.417881,rural,148,14.15,False,2024,9,2024-09-01,9651.12,9651.12,235.4,55.33,0.0,False,0.802,0.2608,65.21,False,True,False
KL_0157,Thiruvananthapuram,Attingal,Vattakavu,8.639148,76.417881,rural,148,14.15,False,2024,10,2024-10-01,15277.14,15277.14,231.0,91.56,0.0,False,0.912,0.4129,103.22,False,False,False
KL_0157,Thiruvananthapuram,Attingal,Vattakavu,8.639148,76.417881,rural,148,14.15,False,2024,11,2024-11-01,13363.61,13363.61,222.5,90.34,0.0,False,0.92,0.3612,90.29,False,False,False
KL_0157,Thiruvananthapuram,Attingal,Vattakavu,8.639148,76.417881,rural,148,14.15,False,2024,12,2024-12-01,14771.63,14771.63,221.6,93.0,0.0,False,0.89,0.3992,99.81,False,False,True
KL_0158,Idukki,Painavu,Nallamoodu,10.079619,77.136729,rural,29,13.11,False,2023,1,2023-01-01,2720.59,2720.59,221.1,17.47,0.0,False,0.925,0.3753,93.81,False,False,True
KL_0158,Idukki,Painavu,Nallamoodu,10.079619,77.136729,rural,29,13.11,False,2023,2,2023-02-01,2535.47,2535.47,224.9,16.21,0.0,False,0.882,0.3497,87.43,False,False,True
KL_0158,Idukki,Painavu,Nallamoodu,10.079619,77.136729,rural,29,13.11,False,2023,3,2023-03-01,2204.38,2204.38,230.8,13.38,0.0,False,0.864,0.3041,76.01,True,False,False
KL_0158,Idukki,Painavu,Nallamoodu,10.079619,77.136729,rural,29,13.11,False,2023,4,2023-04-01,2954.83,2954.83,218.9,17.54,0.0,False,0.853,0.4076,101.89,True,False,False
KL_0158,Idukki,Painavu,Nallamoodu,10.079619,77.136729,rural,29,13.11,False,2023,5,2023-05-01,3074.57,3074.57,241.7,17.62,0.0,False,0.834,0.4241,106.02,True,False,False
KL_0158,Idukki,Painavu,Nallamoodu,10.079619,77.136729,rural,29,13.11,False,2023,6,2023-06-01,1101.94,1101.94,209.6,7.88,0.0,False,0.85,0.152,38.0,False,True,False
KL_0158,Idukki,Painavu,Nallamoodu,10.079619,77.136729,rural,29,13.11,False,2023,7,2023-07-01,2636.38,2636.38,217.0,17.89,0.0,False,0.798,0.3636,90.91,False,True,False
KL_0158,Idukki,Painavu,Nallamoodu,10.079619,77.136729,rural,29,13.11,False,2023,8,2023-08-01,2359.19,2359.19,229.1,15.23,0.0,False,0.846,0.3254,81.35,False,True,False
KL_0158,Idukki,Painavu,Nallamoodu,10.079619,77.136729,rural,29,13.11,False,2023,9,2023-09-01,3431.36,3431.36,237.2,20.16,0.0,False,0.792,0.4733,118.32,False,True,False
KL_0158,Idukki,Painavu,Nallamoodu,10.079619,77.136729,rural,29,13.11,False,2023,10,2023-10-01,1954.4,1954.4,217.4,13.23,0.0,False,0.81,0.2696,67.39,False,False,False
KL_0158,Idukki,Painavu,Nallamoodu,10.079619,77.136729,rural,29,13.11,False,2023,11,2023-11-01,3150.01,3150.01,239.0,19.75,0.0,False,0.911,0.4345,108.62,False,False,False
KL_0158,Idukki,Painavu,Nallamoodu,10.079619,77.136729,rural,29,13.11,False,2023,12,2023-12-01,2394.06,2394.06,217.1,15.81,0.0,False,0.909,0.3302,82.55,False,False,True
KL_0158,Idukki,Painavu,Nallamoodu,10.079619,77.136729,rural,29,13.11,False,2024,1,2024-01-01,2376.92,2376.92,232.4,14.28,0.0,False,0.808,0.3279,81.96,False,False,True
KL_0158,Idukki,Painavu,Nallamoodu,10.079619,77.136729,rural,29,13.11,False,2024,2,2024-02-01,2113.02,2113.02,219.9,13.3,0.0,False,0.894,0.2915,72.86,False,False,True
KL_0158,Idukki,Painavu,Nallamoodu,10.079619,77.136729,rural,29,13.11,False,2024,3,2024-03-01,2933.06,2933.06,241.0,17.78,0.0,False,0.821,0.4046,101.14,True,False,False
KL_0158,Idukki,Painavu,Nallamoodu,10.079619,77.136729,rural,29,13.11,False,2024,4,2024-04-01,3391.64,3391.64,233.6,20.77,0.0,False,0.817,0.4678,116.95,True,False,False
KL_0158,Idukki,Painavu,Nallamoodu,10.079619,77.136729,rural,29,13.11,False,2024,5,2024-05-01,2720.74,2720.74,210.5,17.72,0.0,False,0.92,0.3753,93.82,True,False,False
KL_0158,Idukki,Painavu,Nallamoodu,10.079619,77.136729,rural,29,13.11,False,2024,6,2024-06-01,4610.49,4610.49,226.6,26.51,0.0,False,0.795,0.6359,158.98,False,True,False
KL_0158,Idukki,Painavu,Nallamoodu,10.079619,77.136729,rural,29,13.11,False,2024,7,2024-07-01,3076.11,3076.11,223.0,18.84,0.0,False,0.761,0.4243,106.07,False,True,False
KL_0158,Idukki,Painavu,Nallamoodu,10.079619,77.136729,rural,29,13.11,False,2024,8,2024-08-01,2321.15,2321.15,235.7,12.8,0.0,False,0.817,0.3202,80.04,False,True,False
KL_0158,Idukki,Painavu,Nallamoodu,10.079619,77.136729,rural,29,13.11,False,2024,9,2024-09-01,1984.36,1984.36,226.0,11.17,0.0,False,0.82,0.2737,68.43,False,True,False
KL_0158,Idukki,Painavu,Nallamoodu,10.079619,77.136729,rural,29,13.11,False,2024,10,2024-10-01,3441.51,3441.51,223.8,22.34,0.0,False,0.831,0.4747,118.67,False,False,False
KL_0158,Idukki,Painavu,Nallamoodu,10.079619,77.136729,rural,29,13.11,False,2024,11,2024-11-01,2205.65,2205.65,240.2,12.19,0.0,False,0.764,0.3042,76.06,False,False,False
KL_0158,Idukki,Painavu,Nallamoodu,10.079619,77.136729,rural,29,13.11,False,2024,12,2024-12-01,1163.67,1163.67,221.2,7.39,0.0,False,0.868,0.1605,40.13,False,False,True
KL_0159,Thiruvananthapuram,Varkala,Melamukku,8.527889,76.503709,rural,130,22.46,False,2023,1,2023-01-01,9029.02,9029.02,232.5,51.05,0.0,False,0.945,0.2778,69.45,False,False,True
KL_0159,Thiruvananthapuram,Varkala,Melamukku,8.527889,76.503709,rural,130,22.46,False,2023,2,2023-02-01,6337.36,6337.36,241.3,33.57,0.0,False,0.865,0.195,48.75,False,False,True
KL_0159,Thiruvananthapuram,Varkala,Melamukku,8.527889,76.503709,rural,130,22.46,False,2023,3,2023-03-01,10672.74,10672.74,221.5,68.63,0.0,False,0.839,0.3284,82.1,True,False,False
KL_0159,Thiruvananthapuram,Varkala,Melamukku,8.527889,76.503709,rural,130,22.46,False,2023,4,2023-04-01,14712.73,14712.73,228.3,84.02,0.0,False,0.883,0.4527,113.17,True,False,False
KL_0159,Thiruvananthapuram,Varkala,Melamukku,8.527889,76.503709,rural,130,22.46,False,2023,5,2023-05-01,15909.88,15909.88,231.8,92.52,0.0,False,0.854,0.4895,122.38,True,False,False
KL_0159,Thiruvananthapuram,Varkala,Melamukku,8.527889,76.503709,rural,130,22.46,False,2023,6,2023-06-01,6027.43,6027.43,214.5,42.71,0.0,False,0.853,0.1855,46.36,False,True,False
KL_0159,Thiruvananthapuram,Varkala,Melamukku,8.527889,76.503709,rural,130,22.46,False,2023,7,2023-07-01,12834.74,12834.74,233.3,78.45,0.0,False,0.846,0.3949,98.73,False,True,False
KL_0159,Thiruvananthapuram,Varkala,Melamukku,8.527889,76.503709,rural,130,22.46,False,2023,8,2023-08-01,13661.88,13661.88,241.4,74.93,0.0,False,0.861,0.4204,105.09,False,True,False
KL_0159,Thiruvananthapuram,Varkala,Melamukku,8.527889,76.503709,rural,130,22.46,False,2023,9,2023-09-01,10388.13,10388.13,223.2,62.18,0.0,False,0.829,0.3196,79.91,False,True,False
KL_0159,Thiruvananthapuram,Varkala,Melamukku,8.527889,76.503709,rural,130,22.46,False,2023,10,2023-10-01,21652.92,21652.92,243.7,113.54,0.0,False,0.769,0.6662,166.56,False,False,False
KL_0159,Thiruvananthapuram,Varkala,Melamukku,8.527889,76.503709,rural,130,22.46,False,2023,11,2023-11-01,14869.99,14869.99,234.0,80.02,0.0,False,0.942,0.4575,114.38,False,False,False
KL_0159,Thiruvananthapuram,Varkala,Melamukku,8.527889,76.503709,rural,130,22.46,False,2023,12,2023-12-01,11162.93,11162.93,241.2,69.5,0.0,False,0.876,0.3435,85.87,False,False,True
KL_0159,Thiruvananthapuram,Varkala,Melamukku,8.527889,76.503709,rural,130,22.46,False,2024,1,2024-01-01,6245.31,6245.31,237.1,37.16,0.0,False,0.815,0.1922,48.04,False,False,True
KL_0159,Thiruvananthapuram,Varkala,Melamukku,8.527889,76.503709,rural,130,22.46,False,2024,2,2024-02-01,13799.39,13799.39,238.1,79.43,0.0,False,0.868,0.4246,106.15,False,False,True
KL_0159,Thiruvananthapuram,Varkala,Melamukku,8.527889,76.503709,rural,130,22.46,False,2024,3,2024-03-01,9818.14,9818.14,229.4,64.58,0.0,False,0.794,0.3021,75.52,True,False,False
KL_0159,Thiruvananthapuram,Varkala,Melamukku,8.527889,76.503709,rural,130,22.46,False,2024,4,2024-04-01,17843.92,17843.92,249.0,102.39,0.0,False,0.869,0.549,137.26,True,False,False
KL_0159,Thiruvananthapuram,Varkala,Melamukku,8.527889,76.503709,rural,130,22.46,False,2024,5,2024-05-01,12208.92,12208.92,216.1,83.1,0.0,False,0.887,0.3757,93.91,True,False,False
KL_0159,Thiruvananthapuram,Varkala,Melamukku,8.527889,76.503709,rural,130,22.46,False,2024,6,2024-06-01,9748.7,9748.7,222.2,58.47,0.0,False,0.902,0.3,74.99,False,True,False
KL_0159,Thiruvananthapuram,Varkala,Melamukku,8.527889,76.503709,rural,130,22.46,False,2024,7,2024-07-01,8874.19,8874.19,225.4,53.62,0.0,False,0.878,0.2731,68.26,False,True,False
KL_0159,Thiruvananthapuram,Varkala,Melamukku,8.527889,76.503709,rural,130,22.46,False,2024,8,2024-08-01,6426.19,6426.19,217.4,38.61,0.0,False,0.841,0.1977,49.43,False,True,False
KL_0159,Thiruvananthapuram,Varkala,Melamukku,8.527889,76.503709,rural,130,22.46,False,2024,9,2024-09-01,9970.75,9970.75,235.5,60.48,0.0,False,0.901,0.3068,76.7,False,True,False
KL_0159,Thiruvananthapuram,Varkala,Melamukku,8.527889,76.503709,rural,130,22.46,False,2024,10,2024-10-01,5830.92,5830.92,224.0,39.04,0.0,False,0.822,0.1794,44.85,False,False,False
KL_0159,Thiruvananthapuram,Varkala,Melamukku,8.527889,76.503709,rural,130,22.46,False,2024,11,2024-11-01,11735.22,11735.22,219.8,76.51,0.0,False,0.865,0.3611,90.27,False,False,False
KL_0159,Thiruvananthapuram,Varkala,Melamukku,8.527889,76.503709,rural,130,22.46,False,2024,12,2024-12-01,13025.76,13025.76,228.0,71.52,0.0,False,0.814,0.4008,100.2,False,False,True
KL_0160,Kasaragod,Uppala,Cheramukku,12.503098,75.214177,rural,125,8.83,False,2023,1,2023-01-01,8608.43,8608.43,239.4,47.63,0.0,False,0.861,0.2755,68.87,False,False,True
KL_0160,Kasaragod,Uppala,Cheramukku,12.503098,75.214177,rural,125,8.83,False,2023,2,2023-02-01,8415.12,8415.12,238.5,53.24,0.0,False,0.925,0.2693,67.32,False,False,True
KL_0160,Kasaragod,Uppala,Cheramukku,12.503098,75.214177,rural,125,8.83,False,2023,3,2023-03-01,10520.65,10520.65,212.3,69.63,0.0,False,0.889,0.3367,84.17,True,False,False
KL_0160,Kasaragod,Uppala,Cheramukku,12.503098,75.214177,rural,125,8.83,False,2023,4,2023-04-01,5457.96,5457.96,219.3,32.62,0.0,False,0.896,0.1747,43.66,True,False,False
KL_0160,Kasaragod,Uppala,Cheramukku,12.503098,75.214177,rural,125,8.83,False,2023,5,2023-05-01,7259.64,7259.64,234.1,45.67,0.0,False,0.906,0.2323,58.08,True,False,False
KL_0160,Kasaragod,Uppala,Cheramukku,12.503098,75.214177,rural,125,8.83,False,2023,6,2023-06-01,15005.66,15005.66,221.6,86.55,0.0,False,0.846,0.4802,120.05,False,True,False
KL_0160,Kasaragod,Uppala,Cheramukku,12.503098,75.214177,rural,125,8.83,False,2023,7,2023-07-01,12830.59,12830.59,218.4,84.91,0.0,False,0.806,0.4106,102.64,False,True,False
KL_0160,Kasaragod,Uppala,Cheramukku,12.503098,75.214177,rural,125,8.83,False,2023,8,2023-08-01,10985.35,10985.35,233.0,63.25,0.0,False,0.757,0.3515,87.88,False,True,False
KL_0160,Kasaragod,Uppala,Cheramukku,12.503098,75.214177,rural,125,8.83,False,2023,9,2023-09-01,9045.85,9045.85,231.6,49.39,0.0,False,0.796,0.2895,72.37,False,True,False
KL_0160,Kasaragod,Uppala,Cheramukku,12.503098,75.214177,rural,125,8.83,False,2023,10,2023-10-01,17053.98,17053.98,214.5,109.14,0.0,False,0.856,0.5457,136.43,False,False,False
KL_0160,Kasaragod,Uppala,Cheramukku,12.503098,75.214177,rural,125,8.83,False,2023,11,2023-11-01,11601.2,11601.2,234.1,72.0,0.0,False,0.748,0.3712,92.81,False,False,False
KL_0160,Kasaragod,Uppala,Cheramukku,12.503098,75.214177,rural,125,8.83,False,2023,12,2023-12-01,10983.59,10983.59,232.1,68.22,0.0,False,0.859,0.3515,87.87,False,False,True
KL_0160,Kasaragod,Uppala,Cheramukku,12.503098,75.214177,rural,125,8.83,False,2024,1,2024-01-01,7398.81,7398.81,227.3,47.01,0.0,False,0.875,0.2368,59.19,False,False,True
KL_0160,Kasaragod,Uppala,Cheramukku,12.503098,75.214177,rural,125,8.83,False,2024,2,2024-02-01,9860.49,9860.49,219.8,60.41,0.0,False,0.772,0.3155,78.88,False,False,True
KL_0160,Kasaragod,Uppala,Cheramukku,12.503098,75.214177,rural,125,8.83,False,2024,3,2024-03-01,9050.88,9050.88,221.8,61.93,0.0,False,0.894,0.2896,72.41,True,False,False
KL_0160,Kasaragod,Uppala,Cheramukku,12.503098,75.214177,rural,125,8.83,False,2024,4,2024-04-01,16474.05,16474.05,239.1,91.54,0.0,False,0.829,0.5272,131.79,True,False,False
KL_0160,Kasaragod,Uppala,Cheramukku,12.503098,75.214177,rural,125,8.83,False,2024,5,2024-05-01,16101.53,16101.53,237.2,96.53,0.0,False,0.768,0.5152,128.81,True,False,False
KL_0160,Kasaragod,Uppala,Cheramukku,12.503098,75.214177,rural,125,8.83,False,2024,6,2024-06-01,15461.23,15461.23,219.1,96.69,0.0,False,0.765,0.4948,123.69,False,True,False
KL_0160,Kasaragod,Uppala,Cheramukku,12.503098,75.214177,rural,125,8.83,False,2024,7,2024-07-01,7490.06,7490.06,237.7,41.64,0.0,False,0.847,0.2397,59.92,False,True,False
KL_0160,Kasaragod,Uppala,Cheramukku,12.503098,75.214177,rural,125,8.83,False,2024,8,2024-08-01,5802.96,5802.96,222.3,39.18,0.0,False,0.854,0.1857,46.42,False,True,False
KL_0160,Kasaragod,Uppala,Cheramukku,12.503098,75.214177,rural,125,8.83,False,2024,9,2024-09-01,11803.76,11803.76,221.3,67.29,0.0,False,0.849,0.3777,94.43,False,True,False
KL_0160,Kasaragod,Uppala,Cheramukku,12.503098,75.214177,rural,125,8.83,False,2024,10,2024-10-01,13554.52,13554.52,217.2,83.71,0.0,False,0.902,0.4337,108.44,False,False,False
KL_0160,Kasaragod,Uppala,Cheramukku,12.503098,75.214177,rural,125,8.83,False,2024,11,2024-11-01,9902.14,9902.14,225.7,62.19,0.0,False,0.853,0.3169,79.22,False,False,False
KL_0160,Kasaragod,Uppala,Cheramukku,12.503098,75.214177,rural,125,8.83,False,2024,12,2024-12-01,3030.73,3030.73,235.0,18.21,0.0,False,0.821,0.097,24.25,False,False,True
KL_0161,Thiruvananthapuram,Thiruvananthapuram,Padammukku,8.399132,77.006789,semi-urban,117,4.58,False,2023,1,2023-01-01,10385.37,10385.37,231.5,63.81,0.0,False,0.834,0.3551,88.76,False,False,True
KL_0161,Thiruvananthapuram,Thiruvananthapuram,Padammukku,8.399132,77.006789,semi-urban,117,4.58,False,2023,2,2023-02-01,13904.88,13904.88,225.6,85.89,0.0,False,0.904,0.4754,118.85,False,False,True
KL_0161,Thiruvananthapuram,Thiruvananthapuram,Padammukku,8.399132,77.006789,semi-urban,117,4.58,False,2023,3,2023-03-01,16346.45,16346.45,242.3,102.63,0.0,False,0.794,0.5589,139.71,True,False,False
KL_0161,Thiruvananthapuram,Thiruvananthapuram,Padammukku,8.399132,77.006789,semi-urban,117,4.58,False,2023,4,2023-04-01,17734.6,17734.6,230.4,98.26,0.0,False,0.858,0.6063,151.58,True,False,False
KL_0161,Thiruvananthapuram,Thiruvananthapuram,Padammukku,8.399132,77.006789,semi-urban,117,4.58,False,2023,5,2023-05-01,22109.71,22109.71,221.2,142.85,0.0,False,0.86,0.7559,188.97,True,False,False
KL_0161,Thiruvananthapuram,Thiruvananthapuram,Padammukku,8.399132,77.006789,semi-urban,117,4.58,False,2023,6,2023-06-01,20033.19,20033.19,249.1,112.68,0.0,False,0.901,0.6849,171.22,False,True,False
KL_0161,Thiruvananthapuram,Thiruvananthapuram,Padammukku,8.399132,77.006789,semi-urban,117,4.58,False,2023,7,2023-07-01,14697.0,14697.0,229.3,91.77,0.0,False,0.856,0.5025,125.62,False,True,False
KL_0161,Thiruvananthapuram,Thiruvananthapuram,Padammukku,8.399132,77.006789,semi-urban,117,4.58,False,2023,8,2023-08-01,10280.5,10280.5,234.7,58.25,0.0,False,0.802,0.3515,87.87,False,True,False
KL_0161,Thiruvananthapuram,Thiruvananthapuram,Padammukku,8.399132,77.006789,semi-urban,117,4.58,False,2023,9,2023-09-01,21409.85,21409.85,227.9,133.11,0.0,False,0.86,0.732,182.99,False,True,False
KL_0161,Thiruvananthapuram,Thiruvananthapuram,Padammukku,8.399132,77.006789,semi-urban,117,4.58,False,2023,10,2023-10-01,13635.31,13635.31,229.8,78.06,0.0,False,0.886,0.4662,116.54,False,False,False
KL_0161,Thiruvananthapuram,Thiruvananthapuram,Padammukku,8.399132,77.006789,semi-urban,117,4.58,False,2023,11,2023-11-01,13813.17,13813.17,227.2,85.83,0.0,False,0.857,0.4722,118.06,False,False,False
KL_0161,Thiruvananthapuram,Thiruvananthapuram,Padammukku,8.399132,77.006789,semi-urban,117,4.58,False,2023,12,2023-12-01,11206.46,11206.46,235.9,59.98,0.0,False,0.905,0.3831,95.78,False,False,True
KL_0161,Thiruvananthapuram,Thiruvananthapuram,Padammukku,8.399132,77.006789,semi-urban,117,4.58,False,2024,1,2024-01-01,11033.28,11033.28,222.1,65.21,0.0,False,0.785,0.3772,94.3,False,False,True
KL_0161,Thiruvananthapuram,Thiruvananthapuram,Padammukku,8.399132,77.006789,semi-urban,117,4.58,False,2024,2,2024-02-01,12386.8,12386.8,224.8,76.07,0.0,False,0.842,0.4235,105.87,False,False,True
KL_0161,Thiruvananthapuram,Thiruvananthapuram,Padammukku,8.399132,77.006789,semi-urban,117,4.58,False,2024,3,2024-03-01,7969.19,7969.19,248.6,40.66,0.0,False,0.85,0.2725,68.11,True,False,False
KL_0161,Thiruvananthapuram,Thiruvananthapuram,Padammukku,8.399132,77.006789,semi-urban,117,4.58,False,2024,4,2024-04-01,24736.52,24736.52,231.6,159.94,0.0,False,0.889,0.8457,211.42,True,False,False
KL_0161,Thiruvananthapuram,Thiruvananthapuram,Padammukku,8.399132,77.006789,semi-urban,117,4.58,False,2024,5,2024-05-01,21661.23,21661.23,218.4,142.31,0.0,False,0.895,0.7406,185.14,True,False,False
KL_0161,Thiruvananthapuram,Thiruvananthapuram,Padammukku,8.399132,77.006789,semi-urban,117,4.58,False,2024,6,2024-06-01,16408.55,16408.55,227.5,96.41,0.0,False,0.851,0.561,140.24,False,True,False
KL_0161,Thiruvananthapuram,Thiruvananthapuram,Padammukku,8.399132,77.006789,semi-urban,117,4.58,False,2024,7,2024-07-01,14200.29,14200.29,223.0,91.33,0.0,False,0.832,0.4855,121.37,False,True,False
KL_0161,Thiruvananthapuram,Thiruvananthapuram,Padammukku,8.399132,77.006789,semi-urban,117,4.58,False,2024,8,2024-08-01,12180.48,12180.48,239.4,69.51,0.0,False,0.859,0.4164,104.11,False,True,False
KL_0161,Thiruvananthapuram,Thiruvananthapuram,Padammukku,8.399132,77.006789,semi-urban,117,4.58,False,2024,9,2024-09-01,13780.24,13780.24,238.8,81.56,0.0,False,0.793,0.4711,117.78,False,True,False
KL_0161,Thiruvananthapuram,Thiruvananthapuram,Padammukku,8.399132,77.006789,semi-urban,117,4.58,False,2024,10,2024-10-01,15722.98,15722.98,217.0,110.56,0.0,False,0.826,0.5375,134.38,False,False,False
KL_0161,Thiruvananthapuram,Thiruvananthapuram,Padammukku,8.399132,77.006789,semi-urban,117,4.58,False,2024,11,2024-11-01,25760.36,25760.36,234.0,158.5,0.0,False,0.878,0.8807,220.17,False,False,False
KL_0161,Thiruvananthapuram,Thiruvananthapuram,Padammukku,8.399132,77.006789,semi-urban,117,4.58,False,2024,12,2024-12-01,13684.02,13684.02,219.6,87.33,0.0,False,0.868,0.4678,116.96,False,False,True
KL_0162,Alappuzha,Alappuzha,Pettamukku,9.158299,76.623875,rural,171,11.77,False,2023,1,2023-01-01,7314.48,7314.48,229.7,48.22,0.0,False,0.817,0.1711,42.77,False,False,True
KL_0162,Alappuzha,Alappuzha,Pettamukku,9.158299,76.623875,rural,171,11.77,False,2023,2,2023-02-01,12718.7,12718.7,220.8,85.72,0.0,False,0.811,0.2975,74.38,False,False,True
KL_0162,Alappuzha,Alappuzha,Pettamukku,9.158299,76.623875,rural,171,11.77,False,2023,3,2023-03-01,11238.33,11238.33,217.4,75.72,0.0,False,0.81,0.2629,65.72,True,False,False
KL_0162,Alappuzha,Alappuzha,Pettamukku,9.158299,76.623875,rural,171,11.77,False,2023,4,2023-04-01,10951.86,10951.86,240.0,68.89,0.0,False,0.813,0.2562,64.05,True,False,False
KL_0162,Alappuzha,Alappuzha,Pettamukku,9.158299,76.623875,rural,171,11.77,False,2023,5,2023-05-01,14571.45,14571.45,229.2,81.59,0.0,False,0.857,0.3409,85.21,True,False,False
KL_0162,Alappuzha,Alappuzha,Pettamukku,9.158299,76.623875,rural,171,11.77,False,2023,6,2023-06-01,20867.32,20867.32,234.4,124.31,0.0,False,0.91,0.4881,122.03,False,True,False
KL_0162,Alappuzha,Alappuzha,Pettamukku,9.158299,76.623875,rural,171,11.77,False,2023,7,2023-07-01,9828.02,9828.02,230.3,55.38,0.0,False,0.916,0.2299,57.47,False,True,False
KL_0162,Alappuzha,Alappuzha,Pettamukku,9.158299,76.623875,rural,171,11.77,False,2023,8,2023-08-01,13204.57,13204.57,231.3,85.79,0.0,False,0.804,0.3089,77.22,False,True,False
KL_0162,Alappuzha,Alappuzha,Pettamukku,9.158299,76.623875,rural,171,11.77,False,2023,9,2023-09-01,18747.4,18747.4,220.4,124.54,0.0,False,0.866,0.4385,109.63,False,True,False
KL_0162,Alappuzha,Alappuzha,Pettamukku,9.158299,76.623875,rural,171,11.77,False,2023,10,2023-10-01,12641.78,12641.78,218.9,74.92,0.0,False,0.864,0.2957,73.93,False,False,False
KL_0162,Alappuzha,Alappuzha,Pettamukku,9.158299,76.623875,rural,171,11.77,False,2023,11,2023-11-01,15212.49,15212.49,234.6,89.32,0.0,False,0.861,0.3558,88.96,False,False,False
KL_0162,Alappuzha,Alappuzha,Pettamukku,9.158299,76.623875,rural,171,11.77,False,2023,12,2023-12-01,13342.24,13342.24,239.5,73.44,0.0,False,0.801,0.3121,78.02,False,False,True
KL_0162,Alappuzha,Alappuzha,Pettamukku,9.158299,76.623875,rural,171,11.77,False,2024,1,2024-01-01,9263.35,9263.35,229.8,58.41,0.0,False,0.813,0.2167,54.17,False,False,True
KL_0162,Alappuzha,Alappuzha,Pettamukku,9.158299,76.623875,rural,171,11.77,False,2024,2,2024-02-01,7575.53,7575.53,219.5,46.79,0.0,False,0.867,0.1772,44.3,False,False,True
KL_0162,Alappuzha,Alappuzha,Pettamukku,9.158299,76.623875,rural,171,11.77,False,2024,3,2024-03-01,19569.25,19569.25,232.5,107.56,0.0,False,0.831,0.4578,114.44,True,False,False
KL_0162,Alappuzha,Alappuzha,Pettamukku,9.158299,76.623875,rural,171,11.77,False,2024,4,2024-04-01,29471.09,29471.09,212.6,189.99,0.0,False,0.855,0.6894,172.35,True,False,False
KL_0162,Alappuzha,Alappuzha,Pettamukku,9.158299,76.623875,rural,171,11.77,False,2024,5,2024-05-01,17128.62,17128.62,228.1,109.71,0.0,False,0.799,0.4007,100.17,True,False,False
KL_0162,Alappuzha,Alappuzha,Pettamukku,9.158299,76.623875,rural,171,11.77,False,2024,6,2024-06-01,12560.68,12560.68,244.5,75.36,0.0,False,0.826,0.2938,73.45,False,True,False
KL_0162,Alappuzha,Alappuzha,Pettamukku,9.158299,76.623875,rural,171,11.77,False,2024,7,2024-07-01,9289.7,9289.7,220.1,60.83,0.0,False,0.783,0.2173,54.33,False,True,False
KL_0162,Alappuzha,Alappuzha,Pettamukku,9.158299,76.623875,rural,171,11.77,False,2024,8,2024-08-01,19187.09,19187.09,231.4,122.13,0.0,False,0.863,0.4488,112.21,False,True,False
KL_0162,Alappuzha,Alappuzha,Pettamukku,9.158299,76.623875,rural,171,11.77,False,2024,9,2024-09-01,12055.05,12055.05,219.5,69.87,0.0,False,0.833,0.282,70.5,False,True,False
KL_0162,Alappuzha,Alappuzha,Pettamukku,9.158299,76.623875,rural,171,11.77,False,2024,10,2024-10-01,11708.74,11708.74,240.9,69.4,0.0,False,0.863,0.2739,68.47,False,False,False
KL_0162,Alappuzha,Alappuzha,Pettamukku,9.158299,76.623875,rural,171,11.77,False,2024,11,2024-11-01,5659.61,5659.61,234.2,31.8,0.0,False,0.832,0.1324,33.1,False,False,False
KL_0162,Alappuzha,Alappuzha,Pettamukku,9.158299,76.623875,rural,171,11.77,False,2024,12,2024-12-01,17562.89,17562.89,232.8,101.54,0.0,False,0.862,0.4108,102.71,False,False,True
KL_0163,Alappuzha,Kayamkulam,Thoduvayal,9.540577,76.314937,rural,122,15.13,True,2023,1,2023-01-01,3644.16,3644.16,219.8,23.05,0.0,False,0.94,0.1195,29.87,False,False,True
KL_0163,Alappuzha,Kayamkulam,Thoduvayal,9.540577,76.314937,rural,122,15.13,True,2023,2,2023-02-01,8610.74,8610.74,221.7,57.55,0.0,False,0.824,0.2823,70.58,False,False,True
KL_0163,Alappuzha,Kayamkulam,Thoduvayal,9.540577,76.314937,rural,122,15.13,True,2023,3,2023-03-01,7004.24,7004.24,225.6,39.51,0.0,False,0.875,0.2296,57.41,True,False,False
KL_0163,Alappuzha,Kayamkulam,Thoduvayal,9.540577,76.314937,rural,122,15.13,True,2023,4,2023-04-01,8701.03,8701.03,226.8,52.33,0.0,False,0.817,0.2853,71.32,True,False,False
KL_0163,Alappuzha,Kayamkulam,Thoduvayal,9.540577,76.314937,rural,122,15.13,True,2023,5,2023-05-01,3481.95,3481.95,235.1,22.15,0.0,False,0.843,0.1142,28.54,True,False,False
KL_0163,Alappuzha,Kayamkulam,Thoduvayal,9.540577,76.314937,rural,122,15.13,True,2023,6,2023-06-01,16154.71,16154.71,217.2,97.77,0.0,False,0.874,0.5297,132.42,False,True,False
KL_0163,Alappuzha,Kayamkulam,Thoduvayal,9.540577,76.314937,rural,122,15.13,True,2023,7,2023-07-01,5960.54,5960.54,203.2,41.68,0.0,False,0.864,0.1954,48.86,False,True,False
KL_0163,Alappuzha,Kayamkulam,Thoduvayal,9.540577,76.314937,rural,122,15.13,True,2023,8,2023-08-01,13174.12,13174.12,240.9,74.89,0.0,False,0.885,0.4319,107.98,False,True,False
KL_0163,Alappuzha,Kayamkulam,Thoduvayal,9.540577,76.314937,rural,122,15.13,True,2023,9,2023-09-01,4797.31,4797.31,227.1,26.43,0.0,False,0.898,0.1573,39.32,False,True,False
KL_0163,Alappuzha,Kayamkulam,Thoduvayal,9.540577,76.314937,rural,122,15.13,True,2023,10,2023-10-01,10484.69,10484.69,229.9,59.36,0.0,False,0.883,0.3438,85.94,False,False,False
KL_0163,Alappuzha,Kayamkulam,Thoduvayal,9.540577,76.314937,rural,122,15.13,True,2023,11,2023-11-01,12374.68,12374.68,225.4,70.15,0.0,False,0.896,0.4057,101.43,False,False,False
KL_0163,Alappuzha,Kayamkulam,Thoduvayal,9.540577,76.314937,rural,122,15.13,True,2023,12,2023-12-01,7364.06,7364.06,228.8,45.11,0.0,False,0.861,0.2414,60.36,False,False,True
KL_0163,Alappuzha,Kayamkulam,Thoduvayal,9.540577,76.314937,rural,122,15.13,True,2024,1,2024-01-01,8934.41,8934.41,217.0,55.4,0.0,False,0.814,0.2929,73.23,False,False,True
KL_0163,Alappuzha,Kayamkulam,Thoduvayal,9.540577,76.314937,rural,122,15.13,True,2024,2,2024-02-01,12891.64,12891.64,230.9,71.64,0.0,False,0.89,0.4227,105.67,False,False,True
KL_0163,Alappuzha,Kayamkulam,Thoduvayal,9.540577,76.314937,rural,122,15.13,True,2024,3,2024-03-01,9554.02,9554.02,226.4,60.56,0.0,False,0.831,0.3132,78.31,True,False,False
KL_0163,Alappuzha,Kayamkulam,Thoduvayal,9.540577,76.314937,rural,122,15.13,True,2024,4,2024-04-01,12794.7,12794.7,206.4,83.12,0.0,False,0.885,0.4195,104.87,True,False,False
KL_0163,Alappuzha,Kayamkulam,Thoduvayal,9.540577,76.314937,rural,122,15.13,True,2024,5,2024-05-01,10962.01,10962.01,234.5,59.77,0.0,False,0.787,0.3594,89.85,True,False,False
KL_0163,Alappuzha,Kayamkulam,Thoduvayal,9.540577,76.314937,rural,122,15.13,True,2024,6,2024-06-01,10140.4,10140.4,231.5,60.02,0.0,False,0.832,0.3325,83.12,False,True,False
KL_0163,Alappuzha,Kayamkulam,Thoduvayal,9.540577,76.314937,rural,122,15.13,True,2024,7,2024-07-01,7060.91,7060.91,232.9,42.92,0.0,False,0.815,0.2315,57.88,False,True,False
KL_0163,Alappuzha,Kayamkulam,Thoduvayal,9.540577,76.314937,rural,122,15.13,True,2024,8,2024-08-01,5872.88,5872.88,232.4,36.59,0.0,False,0.87,0.1926,48.14,False,True,False
KL_0163,Alappuzha,Kayamkulam,Thoduvayal,9.540577,76.314937,rural,122,15.13,True,2024,9,2024-09-01,13328.3,13328.3,235.7,80.96,0.0,False,0.821,0.437,109.25,False,True,False
KL_0163,Alappuzha,Kayamkulam,Thoduvayal,9.540577,76.314937,rural,122,15.13,True,2024,10,2024-10-01,8321.18,8321.18,239.2,46.66,0.0,False,0.849,0.2728,68.21,False,False,False
KL_0163,Alappuzha,Kayamkulam,Thoduvayal,9.540577,76.314937,rural,122,15.13,True,2024,11,2024-11-01,10909.75,10909.75,228.8,70.08,0.0,False,0.843,0.3577,89.42,False,False,False
KL_0163,Alappuzha,Kayamkulam,Thoduvayal,9.540577,76.314937,rural,122,15.13,True,2024,12,2024-12-01,9900.66,9900.66,225.7,58.37,0.0,False,0.901,0.3246,81.15,False,False,True
KL_0164,Palakkad,Shoranur,Muthanagar,11.12932,76.574476,rural,162,19.27,False,2023,1,2023-01-01,12160.28,16251.1,201.2,139.68,33.64,True,0.874,0.4013,100.32,False,False,True
KL_0164,Palakkad,Shoranur,Muthanagar,11.12932,76.574476,rural,162,19.27,False,2023,2,2023-02-01,16239.67,21504.04,236.2,162.07,32.42,True,0.864,0.531,132.74,False,False,True
KL_0164,Palakkad,Shoranur,Muthanagar,11.12932,76.574476,rural,162,19.27,False,2023,3,2023-03-01,13395.86,17734.49,217.4,145.55,32.39,True,0.851,0.4379,109.47,True,False,False
KL_0164,Palakkad,Shoranur,Muthanagar,11.12932,76.574476,rural,162,19.27,False,2023,4,2023-04-01,23105.35,31030.32,219.2,239.21,34.3,True,0.812,0.7662,191.55,True,False,False
KL_0164,Palakkad,Shoranur,Muthanagar,11.12932,76.574476,rural,162,19.27,False,2023,5,2023-05-01,11066.27,13409.92,199.5,115.07,21.18,True,0.806,0.3311,82.78,True,False,False
KL_0164,Palakkad,Shoranur,Muthanagar,11.12932,76.574476,rural,162,19.27,False,2023,6,2023-06-01,10645.85,15224.12,219.5,114.06,43.01,True,0.864,0.3759,93.98,False,True,False
KL_0164,Palakkad,Shoranur,Muthanagar,11.12932,76.574476,rural,162,19.27,False,2023,7,2023-07-01,11775.79,16786.38,226.0,126.38,42.55,True,0.779,0.4145,103.62,False,True,False
KL_0164,Palakkad,Shoranur,Muthanagar,11.12932,76.574476,rural,162,19.27,False,2023,8,2023-08-01,7130.0,10054.4,221.5,77.34,41.02,True,0.848,0.2483,62.06,False,True,False
KL_0164,Palakkad,Shoranur,Muthanagar,11.12932,76.574476,rural,162,19.27,False,2023,9,2023-09-01,10350.84,14736.1,218.7,116.44,42.37,True,0.855,0.3639,90.96,False,True,False
KL_0164,Palakkad,Shoranur,Muthanagar,11.12932,76.574476,rural,162,19.27,False,2023,10,2023-10-01,18432.72,23366.54,213.7,194.77,26.77,True,0.779,0.577,144.24,False,False,False
KL_0164,Palakkad,Shoranur,Muthanagar,11.12932,76.574476,rural,162,19.27,False,2023,11,2023-11-01,14766.98,18331.94,225.6,131.88,24.14,True,0.847,0.4526,113.16,False,False,False
KL_0164,Palakkad,Shoranur,Muthanagar,11.12932,76.574476,rural,162,19.27,False,2023,12,2023-12-01,11888.6,14760.66,224.4,110.33,24.16,True,0.85,0.3645,91.12,False,False,True
KL_0164,Palakkad,Shoranur,Muthanagar,11.12932,76.574476,rural,162,19.27,False,2024,1,2024-01-01,17258.64,23021.02,214.7,176.06,33.39,True,0.954,0.5684,142.11,False,False,True
KL_0164,Palakkad,Shoranur,Muthanagar,11.12932,76.574476,rural,162,19.27,False,2024,2,2024-02-01,7713.56,9853.61,209.9,73.44,27.74,True,0.85,0.2433,60.82,False,False,True
KL_0164,Palakkad,Shoranur,Muthanagar,11.12932,76.574476,rural,162,19.27,False,2024,3,2024-03-01,17885.76,17885.76,236.6,108.91,0.0,False,0.894,0.4416,110.41,True,False,False
KL_0164,Palakkad,Shoranur,Muthanagar,11.12932,76.574476,rural,162,19.27,False,2024,4,2024-04-01,14883.98,17802.28,202.2,149.53,19.61,True,0.872,0.4396,109.89,True,False,False
KL_0164,Palakkad,Shoranur,Muthanagar,11.12932,76.574476,rural,162,19.27,False,2024,5,2024-05-01,18681.55,26566.65,219.3,190.73,42.21,True,0.863,0.656,163.99,True,False,False
KL_0164,Palakkad,Shoranur,Muthanagar,11.12932,76.574476,rural,162,19.27,False,2024,6,2024-06-01,14588.57,14588.57,221.7,83.87,0.0,False,0.891,0.3602,90.05,False,True,False
KL_0164,Palakkad,Shoranur,Muthanagar,11.12932,76.574476,rural,162,19.27,False,2024,7,2024-07-01,13822.61,18135.57,224.6,141.32,31.2,True,0.778,0.4478,111.95,False,True,False
KL_0164,Palakkad,Shoranur,Muthanagar,11.12932,76.574476,rural,162,19.27,False,2024,8,2024-08-01,16084.91,22057.28,207.7,182.51,37.13,True,0.846,0.5446,136.16,False,True,False
KL_0164,Palakkad,Shoranur,Muthanagar,11.12932,76.574476,rural,162,19.27,False,2024,9,2024-09-01,21297.15,21297.15,226.3,121.28,0.0,False,0.864,0.5259,131.46,False,True,False
KL_0164,Palakkad,Shoranur,Muthanagar,11.12932,76.574476,rural,162,19.27,False,2024,10,2024-10-01,15022.89,18891.78,228.7,134.9,25.75,True,0.802,0.4665,116.62,False,False,False
KL_0164,Palakkad,Shoranur,Muthanagar,11.12932,76.574476,rural,162,19.27,False,2024,11,2024-11-01,25105.47,35938.76,233.8,235.79,43.15,True,0.848,0.8874,221.84,False,False,False
KL_0164,Palakkad,Shoranur,Muthanagar,11.12932,76.574476,rural,162,19.27,False,2024,12,2024-12-01,14735.65,20169.21,211.9,166.47,36.87,True,0.855,0.498,124.5,False,False,True
KL_0165,Kozhikode,Kozhikode,Idavakavu,11.160598,75.673996,rural,129,15.94,True,2023,1,2023-01-01,8834.16,8834.16,227.8,58.4,0.0,False,0.842,0.2739,68.48,False,False,True
KL_0165,Kozhikode,Kozhikode,Idavakavu,11.160598,75.673996,rural,129,15.94,True,2023,2,2023-02-01,12522.58,12522.58,232.7,72.52,0.0,False,0.806,0.3883,97.07,False,False,True
KL_0165,Kozhikode,Kozhikode,Idavakavu,11.160598,75.673996,rural,129,15.94,True,2023,3,2023-03-01,15368.16,15368.16,231.8,86.81,0.0,False,0.812,0.4765,119.13,True,False,False
KL_0165,Kozhikode,Kozhikode,Idavakavu,11.160598,75.673996,rural,129,15.94,True,2023,4,2023-04-01,14542.89,14542.89,230.0,85.44,0.0,False,0.834,0.4509,112.74,True,False,False
KL_0165,Kozhikode,Kozhikode,Idavakavu,11.160598,75.673996,rural,129,15.94,True,2023,5,2023-05-01,10103.14,10103.14,217.7,65.65,0.0,False,0.869,0.3133,78.32,True,False,False
KL_0165,Kozhikode,Kozhikode,Idavakavu,11.160598,75.673996,rural,129,15.94,True,2023,6,2023-06-01,18658.14,18658.14,237.0,108.21,0.0,False,0.855,0.5785,144.64,False,True,False
KL_0165,Kozhikode,Kozhikode,Idavakavu,11.160598,75.673996,rural,129,15.94,True,2023,7,2023-07-01,10572.97,10572.97,225.1,61.74,0.0,False,0.86,0.3278,81.96,False,True,False
KL_0165,Kozhikode,Kozhikode,Idavakavu,11.160598,75.673996,rural,129,15.94,True,2023,8,2023-08-01,7520.0,7520.0,219.7,46.36,0.0,False,0.838,0.2332,58.29,False,True,False
KL_0165,Kozhikode,Kozhikode,Idavakavu,11.160598,75.673996,rural,129,15.94,True,2023,9,2023-09-01,9548.26,9548.26,220.3,60.51,0.0,False,0.808,0.2961,74.02,False,True,False
KL_0165,Kozhikode,Kozhikode,Idavakavu,11.160598,75.673996,rural,129,15.94,True,2023,10,2023-10-01,15366.51,15366.51,223.3,91.44,0.0,False,0.835,0.4765,119.12,False,False,False
KL_0165,Kozhikode,Kozhikode,Idavakavu,11.160598,75.673996,rural,129,15.94,True,2023,11,2023-11-01,10601.87,10601.87,226.1,67.97,0.0,False,0.808,0.3287,82.19,False,False,False
KL_0165,Kozhikode,Kozhikode,Idavakavu,11.160598,75.673996,rural,129,15.94,True,2023,12,2023-12-01,7562.52,7562.52,232.9,46.18,0.0,False,0.699,0.2345,58.62,False,False,True
KL_0165,Kozhikode,Kozhikode,Idavakavu,11.160598,75.673996,rural,129,15.94,True,2024,1,2024-01-01,10620.43,10620.43,229.7,67.59,0.0,False,0.849,0.3293,82.33,False,False,True
KL_0165,Kozhikode,Kozhikode,Idavakavu,11.160598,75.673996,rural,129,15.94,True,2024,2,2024-02-01,8818.9,8818.9,221.0,50.38,0.0,False,0.837,0.2735,68.36,False,False,True
KL_0165,Kozhikode,Kozhikode,Idavakavu,11.160598,75.673996,rural,129,15.94,True,2024,3,2024-03-01,11784.09,11784.09,233.8,73.1,0.0,False,0.912,0.3654,91.35,True,False,False
KL_0165,Kozhikode,Kozhikode,Idavakavu,11.160598,75.673996,rural,129,15.94,True,2024,4,2024-04-01,15194.01,15194.01,221.0,86.99,0.0,False,0.884,0.4711,117.78,True,False,False
KL_0165,Kozhikode,Kozhikode,Idavakavu,11.160598,75.673996,rural,129,15.94,True,2024,5,2024-05-01,11778.57,11778.57,225.2,73.51,0.0,False,0.874,0.3652,91.31,True,False,False
KL_0165,Kozhikode,Kozhikode,Idavakavu,11.160598,75.673996,rural,129,15.94,True,2024,6,2024-06-01,6024.31,6024.31,218.5,37.39,0.0,False,0.8,0.1868,46.7,False,True,False
KL_0165,Kozhikode,Kozhikode,Idavakavu,11.160598,75.673996,rural,129,15.94,True,2024,7,2024-07-01,8329.02,8329.02,233.2,47.69,0.0,False,0.901,0.2583,64.57,False,True,False
KL_0165,Kozhikode,Kozhikode,Idavakavu,11.160598,75.673996,rural,129,15.94,True,2024,8,2024-08-01,6604.16,6604.16,238.5,38.8,0.0,False,0.857,0.2048,51.2,False,True,False
KL_0165,Kozhikode,Kozhikode,Idavakavu,11.160598,75.673996,rural,129,15.94,True,2024,9,2024-09-01,6314.04,6314.04,229.1,34.78,0.0,False,0.832,0.1958,48.95,False,True,False
KL_0165,Kozhikode,Kozhikode,Idavakavu,11.160598,75.673996,rural,129,15.94,True,2024,10,2024-10-01,8274.95,8274.95,224.6,56.13,0.0,False,0.811,0.2566,64.15,False,False,False
KL_0165,Kozhikode,Kozhikode,Idavakavu,11.160598,75.673996,rural,129,15.94,True,2024,11,2024-11-01,14713.41,14713.41,250.9,75.0,0.0,False,0.817,0.4562,114.06,False,False,False
KL_0165,Kozhikode,Kozhikode,Idavakavu,11.160598,75.673996,rural,129,15.94,True,2024,12,2024-12-01,7995.7,7995.7,232.7,46.75,0.0,False,0.837,0.2479,61.98,False,False,True
KL_0166,Pathanamthitta,Pathanamthitta,Thoduthara,9.447966,76.730357,urban,41,1.67,False,2023,1,2023-01-01,7548.2,7548.2,224.6,48.77,0.0,False,0.799,0.7364,184.1,False,False,True
KL_0166,Pathanamthitta,Pathanamthitta,Thoduthara,9.447966,76.730357,urban,41,1.67,False,2023,2,2023-02-01,6264.91,6264.91,233.4,36.66,0.0,False,0.852,0.6112,152.8,False,False,True
KL_0166,Pathanamthitta,Pathanamthitta,Thoduthara,9.447966,76.730357,urban,41,1.67,False,2023,3,2023-03-01,7739.44,7739.44,227.7,43.42,0.0,False,0.842,0.7551,188.77,True,False,False
KL_0166,Pathanamthitta,Pathanamthitta,Thoduthara,9.447966,76.730357,urban,41,1.67,False,2023,4,2023-04-01,9200.07,9200.07,231.5,51.67,0.0,False,0.884,0.8976,224.39,True,False,False
KL_0166,Pathanamthitta,Pathanamthitta,Thoduthara,9.447966,76.730357,urban,41,1.67,False,2023,5,2023-05-01,10863.94,10863.94,226.4,67.71,0.0,False,0.843,1.0599,264.97,True,False,False
KL_0166,Pathanamthitta,Pathanamthitta,Thoduthara,9.447966,76.730357,urban,41,1.67,False,2023,6,2023-06-01,13399.03,13399.03,231.2,88.41,0.0,False,0.759,1.3072,326.81,False,True,False
KL_0166,Pathanamthitta,Pathanamthitta,Thoduthara,9.447966,76.730357,urban,41,1.67,False,2023,7,2023-07-01,7403.34,7403.34,248.0,41.99,0.0,False,0.835,0.7223,180.57,False,True,False
KL_0166,Pathanamthitta,Pathanamthitta,Thoduthara,9.447966,76.730357,urban,41,1.67,False,2023,8,2023-08-01,10735.93,10735.93,234.8,68.13,0.0,False,0.794,1.0474,261.85,False,True,False
KL_0166,Pathanamthitta,Pathanamthitta,Thoduthara,9.447966,76.730357,urban,41,1.67,False,2023,9,2023-09-01,6279.33,6279.33,228.7,35.15,0.0,False,0.82,0.6126,153.15,False,True,False
KL_0166,Pathanamthitta,Pathanamthitta,Thoduthara,9.447966,76.730357,urban,41,1.67,False,2023,10,2023-10-01,10151.56,10151.56,229.8,57.25,0.0,False,0.803,0.9904,247.6,False,False,False
KL_0166,Pathanamthitta,Pathanamthitta,Thoduthara,9.447966,76.730357,urban,41,1.67,False,2023,11,2023-11-01,10571.49,10571.49,219.1,73.45,0.0,False,0.955,1.0314,257.84,False,False,False
KL_0166,Pathanamthitta,Pathanamthitta,Thoduthara,9.447966,76.730357,urban,41,1.67,False,2023,12,2023-12-01,5801.55,5801.55,216.8,33.75,0.0,False,0.833,0.566,141.5,False,False,True
KL_0166,Pathanamthitta,Pathanamthitta,Thoduthara,9.447966,76.730357,urban,41,1.67,False,2024,1,2024-01-01,5877.22,5877.22,232.4,31.68,0.0,False,0.886,0.5734,143.35,False,False,True
KL_0166,Pathanamthitta,Pathanamthitta,Thoduthara,9.447966,76.730357,urban,41,1.67,False,2024,2,2024-02-01,7613.41,7613.41,226.8,42.18,0.0,False,0.835,0.7428,185.69,False,False,True
KL_0166,Pathanamthitta,Pathanamthitta,Thoduthara,9.447966,76.730357,urban,41,1.67,False,2024,3,2024-03-01,7718.66,7718.66,241.3,44.55,0.0,False,0.839,0.753,188.26,True,False,False
KL_0166,Pathanamthitta,Pathanamthitta,Thoduthara,9.447966,76.730357,urban,41,1.67,False,2024,4,2024-04-01,7313.58,7313.58,219.0,47.4,0.0,False,0.826,0.7135,178.38,True,False,False
KL_0166,Pathanamthitta,Pathanamthitta,Thoduthara,9.447966,76.730357,urban,41,1.67,False,2024,5,2024-05-01,8768.07,8768.07,239.2,52.87,0.0,False,0.815,0.8554,213.86,True,False,False
KL_0166,Pathanamthitta,Pathanamthitta,Thoduthara,9.447966,76.730357,urban,41,1.67,False,2024,6,2024-06-01,10611.96,10611.96,243.0,64.26,0.0,False,0.816,1.0353,258.83,False,True,False
KL_0166,Pathanamthitta,Pathanamthitta,Thoduthara,9.447966,76.730357,urban,41,1.67,False,2024,7,2024-07-01,6144.1,6144.1,239.9,32.19,0.0,False,0.869,0.5994,149.86,False,True,False
KL_0166,Pathanamthitta,Pathanamthitta,Thoduthara,9.447966,76.730357,urban,41,1.67,False,2024,8,2024-08-01,9386.24,9386.24,211.9,59.92,0.0,False,0.847,0.9157,228.93,False,True,False
KL_0166,Pathanamthitta,Pathanamthitta,Thoduthara,9.447966,76.730357,urban,41,1.67,False,2024,9,2024-09-01,8965.61,8965.61,249.1,45.87,0.0,False,0.916,0.8747,218.67,False,True,False
KL_0166,Pathanamthitta,Pathanamthitta,Thoduthara,9.447966,76.730357,urban,41,1.67,False,2024,10,2024-10-01,8004.35,8004.35,213.5,50.48,0.0,False,0.839,0.7809,195.23,False,False,False
KL_0166,Pathanamthitta,Pathanamthitta,Thoduthara,9.447966,76.730357,urban,41,1.67,False,2024,11,2024-11-01,9860.47,9860.47,243.2,59.77,0.0,False,0.836,0.962,240.5,False,False,False
KL_0166,Pathanamthitta,Pathanamthitta,Thoduthara,9.447966,76.730357,urban,41,1.67,False,2024,12,2024-12-01,7835.45,7835.45,225.2,49.56,0.0,False,0.852,0.7644,191.11,False,False,True
KL_0167,Wayanad,Mananthavady,Puzhavayal,11.644117,75.974321,rural,74,19.76,False,2023,1,2023-01-01,5885.12,5885.12,234.8,32.6,0.0,False,0.88,0.3181,79.53,False,False,True
KL_0167,Wayanad,Mananthavady,Puzhavayal,11.644117,75.974321,rural,74,19.76,False,2023,2,2023-02-01,5167.44,5167.44,224.8,32.56,0.0,False,0.856,0.2793,69.83,False,False,True
KL_0167,Wayanad,Mananthavady,Puzhavayal,11.644117,75.974321,rural,74,19.76,False,2023,3,2023-03-01,6119.24,6119.24,224.2,37.5,0.0,False,0.917,0.3308,82.69,True,False,False
KL_0167,Wayanad,Mananthavady,Puzhavayal,11.644117,75.974321,rural,74,19.76,False,2023,4,2023-04-01,9716.42,9716.42,214.5,62.32,0.0,False,0.979,0.5252,131.3,True,False,False
KL_0167,Wayanad,Mananthavady,Puzhavayal,11.644117,75.974321,rural,74,19.76,False,2023,5,2023-05-01,13020.38,13020.38,211.8,81.54,0.0,False,0.891,0.7038,175.95,True,False,False
KL_0167,Wayanad,Mananthavady,Puzhavayal,11.644117,75.974321,rural,74,19.76,False,2023,6,2023-06-01,8342.31,8342.31,234.1,49.57,0.0,False,0.869,0.4509,112.73,False,True,False
KL_0167,Wayanad,Mananthavady,Puzhavayal,11.644117,75.974321,rural,74,19.76,False,2023,7,2023-07-01,5399.07,5399.07,226.7,33.4,0.0,False,0.75,0.2918,72.96,False,True,False
KL_0167,Wayanad,Mananthavady,Puzhavayal,11.644117,75.974321,rural,74,19.76,False,2023,8,2023-08-01,7188.98,7188.98,228.8,43.02,0.0,False,0.919,0.3886,97.15,False,True,False
KL_0167,Wayanad,Mananthavady,Puzhavayal,11.644117,75.974321,rural,74,19.76,False,2023,9,2023-09-01,8082.94,8082.94,234.6,52.11,0.0,False,0.911,0.4369,109.23,False,True,False
KL_0167,Wayanad,Mananthavady,Puzhavayal,11.644117,75.974321,rural,74,19.76,False,2023,10,2023-10-01,8610.67,8610.67,227.6,51.82,0.0,False,0.927,0.4654,116.36,False,False,False
KL_0167,Wayanad,Mananthavady,Puzhavayal,11.644117,75.974321,rural,74,19.76,False,2023,11,2023-11-01,7737.53,7737.53,228.7,50.41,0.0,False,0.89,0.4182,104.56,False,False,False
KL_0167,Wayanad,Mananthavady,Puzhavayal,11.644117,75.974321,rural,74,19.76,False,2023,12,2023-12-01,5434.39,5434.39,233.3,33.97,0.0,False,0.803,0.2938,73.44,False,False,True
KL_0167,Wayanad,Mananthavady,Puzhavayal,11.644117,75.974321,rural,74,19.76,False,2024,1,2024-01-01,6705.63,6705.63,237.8,39.33,0.0,False,0.802,0.3625,90.62,False,False,True
KL_0167,Wayanad,Mananthavady,Puzhavayal,11.644117,75.974321,rural,74,19.76,False,2024,2,2024-02-01,6965.31,6965.31,231.2,44.18,0.0,False,0.795,0.3765,94.13,False,False,True
KL_0167,Wayanad,Mananthavady,Puzhavayal,11.644117,75.974321,rural,74,19.76,False,2024,3,2024-03-01,6443.11,6443.11,232.8,41.77,0.0,False,0.854,0.3483,87.07,True,False,False
KL_0167,Wayanad,Mananthavady,Puzhavayal,11.644117,75.974321,rural,74,19.76,False,2024,4,2024-04-01,8015.62,8015.62,221.6,53.08,0.0,False,0.815,0.4333,108.32,True,False,False
KL_0167,Wayanad,Mananthavady,Puzhavayal,11.644117,75.974321,rural,74,19.76,False,2024,5,2024-05-01,7067.08,7067.08,228.2,45.08,0.0,False,0.893,0.382,95.5,True,False,False
KL_0167,Wayanad,Mananthavady,Puzhavayal,11.644117,75.974321,rural,74,19.76,False,2024,6,2024-06-01,6426.01,6426.01,230.6,37.51,0.0,False,0.821,0.3474,86.84,False,True,False
KL_0167,Wayanad,Mananthavady,Puzhavayal,11.644117,75.974321,rural,74,19.76,False,2024,7,2024-07-01,6410.54,6410.54,218.8,38.26,0.0,False,0.834,0.3465,86.63,False,True,False
KL_0167,Wayanad,Mananthavady,Puzhavayal,11.644117,75.974321,rural,74,19.76,False,2024,8,2024-08-01,5187.85,5187.85,211.8,33.12,0.0,False,0.863,0.2804,70.11,False,True,False
KL_0167,Wayanad,Mananthavady,Puzhavayal,11.644117,75.974321,rural,74,19.76,False,2024,9,2024-09-01,5252.14,5252.14,210.0,33.86,0.0,False,0.826,0.2839,70.97,False,True,False
KL_0167,Wayanad,Mananthavady,Puzhavayal,11.644117,75.974321,rural,74,19.76,False,2024,10,2024-10-01,4299.92,4299.92,235.3,23.94,0.0,False,0.805,0.2324,58.11,False,False,False
KL_0167,Wayanad,Mananthavady,Puzhavayal,11.644117,75.974321,rural,74,19.76,False,2024,11,2024-11-01,5063.04,5063.04,218.7,32.89,0.0,False,0.759,0.2737,68.42,False,False,False
KL_0167,Wayanad,Mananthavady,Puzhavayal,11.644117,75.974321,rural,74,19.76,False,2024,12,2024-12-01,8133.5,8133.5,236.7,43.64,0.0,False,0.897,0.4396,109.91,False,False,True
KL_0168,Malappuram,Ponnani,Pallinagar,11.091576,75.841421,semi-urban,129,6.59,False,2023,1,2023-01-01,10258.84,10258.84,223.1,61.05,0.0,False,0.804,0.3181,79.53,False,False,True
KL_0168,Malappuram,Ponnani,Pallinagar,11.091576,75.841421,semi-urban,129,6.59,False,2023,2,2023-02-01,23653.84,23653.84,225.7,152.25,0.0,False,0.831,0.7335,183.36,False,False,True
KL_0168,Malappuram,Ponnani,Pallinagar,11.091576,75.841421,semi-urban,129,6.59,False,2023,3,2023-03-01,16117.77,16117.77,238.8,91.03,0.0,False,0.831,0.4998,124.94,True,False,False
KL_0168,Malappuram,Ponnani,Pallinagar,11.091576,75.841421,semi-urban,129,6.59,False,2023,4,2023-04-01,24596.85,24596.85,231.1,138.69,0.0,False,0.747,0.7627,190.67,True,False,False
KL_0168,Malappuram,Ponnani,Pallinagar,11.091576,75.841421,semi-urban,129,6.59,False,2023,5,2023-05-01,30439.08,30439.08,231.2,182.88,0.0,False,0.864,0.9438,235.96,True,False,False
KL_0168,Malappuram,Ponnani,Pallinagar,11.091576,75.841421,semi-urban,129,6.59,False,2023,6,2023-06-01,13075.12,13075.12,217.7,75.66,0.0,False,0.92,0.4054,101.36,False,True,False
KL_0168,Malappuram,Ponnani,Pallinagar,11.091576,75.841421,semi-urban,129,6.59,False,2023,7,2023-07-01,17765.74,17765.74,214.5,118.43,0.0,False,0.898,0.5509,137.72,False,True,False
KL_0168,Malappuram,Ponnani,Pallinagar,11.091576,75.841421,semi-urban,129,6.59,False,2023,8,2023-08-01,16109.32,16109.32,231.8,94.06,0.0,False,0.831,0.4995,124.88,False,True,False
KL_0168,Malappuram,Ponnani,Pallinagar,11.091576,75.841421,semi-urban,129,6.59,False,2023,9,2023-09-01,11474.55,11474.55,216.8,70.77,0.0,False,0.903,0.3558,88.95,False,True,False
KL_0168,Malappuram,Ponnani,Pallinagar,11.091576,75.841421,semi-urban,129,6.59,False,2023,10,2023-10-01,17933.59,17933.59,233.5,101.59,0.0,False,0.763,0.5561,139.02,False,False,False
KL_0168,Malappuram,Ponnani,Pallinagar,11.091576,75.841421,semi-urban,129,6.59,False,2023,11,2023-11-01,30224.42,30224.42,213.0,193.82,0.0,False,0.892,0.9372,234.3,False,False,False
KL_0168,Malappuram,Ponnani,Pallinagar,11.091576,75.841421,semi-urban,129,6.59,False,2023,12,2023-12-01,24440.74,24440.74,217.7,150.72,0.0,False,0.813,0.7579,189.46,False,False,True
KL_0168,Malappuram,Ponnani,Pallinagar,11.091576,75.841421,semi-urban,129,6.59,False,2024,1,2024-01-01,14056.94,14056.94,221.2,91.21,0.0,False,0.898,0.4359,108.97,False,False,True
KL_0168,Malappuram,Ponnani,Pallinagar,11.091576,75.841421,semi-urban,129,6.59,False,2024,2,2024-02-01,12514.34,12514.34,229.3,78.75,0.0,False,0.852,0.388,97.01,False,False,True
KL_0168,Malappuram,Ponnani,Pallinagar,11.091576,75.841421,semi-urban,129,6.59,False,2024,3,2024-03-01,23502.03,23502.03,220.7,161.14,0.0,False,0.79,0.7287,182.19,True,False,False
KL_0168,Malappuram,Ponnani,Pallinagar,11.091576,75.841421,semi-urban,129,6.59,False,2024,4,2024-04-01,19408.38,19408.38,235.4,110.68,0.0,False,0.862,0.6018,150.45,True,False,False
KL_0168,Malappuram,Ponnani,Pallinagar,11.091576,75.841421,semi-urban,129,6.59,False,2024,5,2024-05-01,31486.57,31486.57,230.2,207.5,0.0,False,0.85,0.9763,244.08,True,False,False
KL_0168,Malappuram,Ponnani,Pallinagar,11.091576,75.841421,semi-urban,129,6.59,False,2024,6,2024-06-01,6839.96,6839.96,222.2,46.33,0.0,False,0.862,0.2121,53.02,False,True,False
KL_0168,Malappuram,Ponnani,Pallinagar,11.091576,75.841421,semi-urban,129,6.59,False,2024,7,2024-07-01,16280.55,16280.55,223.2,100.27,0.0,False,0.81,0.5048,126.21,False,True,False
KL_0168,Malappuram,Ponnani,Pallinagar,11.091576,75.841421,semi-urban,129,6.59,False,2024,8,2024-08-01,13764.58,13764.58,224.7,83.15,0.0,False,0.791,0.4268,106.7,False,True,False
KL_0168,Malappuram,Ponnani,Pallinagar,11.091576,75.841421,semi-urban,129,6.59,False,2024,9,2024-09-01,7932.95,7932.95,215.0,47.98,0.0,False,0.881,0.246,61.5,False,True,False
KL_0168,Malappuram,Ponnani,Pallinagar,11.091576,75.841421,semi-urban,129,6.59,False,2024,10,2024-10-01,18210.93,18210.93,223.8,102.67,0.0,False,0.847,0.5647,141.17,False,False,False
KL_0168,Malappuram,Ponnani,Pallinagar,11.091576,75.841421,semi-urban,129,6.59,False,2024,11,2024-11-01,6458.28,6458.28,221.8,43.28,0.0,False,0.879,0.2003,50.06,False,False,False
KL_0168,Malappuram,Ponnani,Pallinagar,11.091576,75.841421,semi-urban,129,6.59,False,2024,12,2024-12-01,12608.67,12608.67,209.8,91.02,0.0,False,0.878,0.391,97.74,False,False,True
KL_0169,Kannur,Iritty,Vattakunnu,11.913953,75.760898,rural,24,23.13,False,2023,1,2023-01-01,1057.92,1057.92,214.6,7.53,0.0,False,0.885,0.1763,44.08,False,False,True
KL_0169,Kannur,Iritty,Vattakunnu,11.913953,75.760898,rural,24,23.13,False,2023,2,2023-02-01,1329.17,1329.17,219.3,8.54,0.0,False,0.931,0.2215,55.38,False,False,True
KL_0169,Kannur,Iritty,Vattakunnu,11.913953,75.760898,rural,24,23.13,False,2023,3,2023-03-01,2101.75,2101.75,216.4,12.92,0.0,False,0.86,0.3503,87.57,True,False,False
KL_0169,Kannur,Iritty,Vattakunnu,11.913953,75.760898,rural,24,23.13,False,2023,4,2023-04-01,1991.46,1991.46,234.2,11.27,0.0,False,0.8,0.3319,82.98,True,False,False
KL_0169,Kannur,Iritty,Vattakunnu,11.913953,75.760898,rural,24,23.13,False,2023,5,2023-05-01,3589.23,3589.23,220.2,21.09,0.0,False,0.811,0.5982,149.55,True,False,False
KL_0169,Kannur,Iritty,Vattakunnu,11.913953,75.760898,rural,24,23.13,False,2023,6,2023-06-01,1836.24,1836.24,232.1,10.23,0.0,False,0.835,0.306,76.51,False,True,False
KL_0169,Kannur,Iritty,Vattakunnu,11.913953,75.760898,rural,24,23.13,False,2023,7,2023-07-01,1668.08,1668.08,235.1,9.33,0.0,False,0.861,0.278,69.5,False,True,False
KL_0169,Kannur,Iritty,Vattakunnu,11.913953,75.760898,rural,24,23.13,False,2023,8,2023-08-01,1566.18,1566.18,228.3,9.26,0.0,False,0.919,0.261,65.26,False,True,False
KL_0169,Kannur,Iritty,Vattakunnu,11.913953,75.760898,rural,24,23.13,False,2023,9,2023-09-01,2281.52,2281.52,227.6,14.34,0.0,False,0.843,0.3803,95.06,False,True,False
KL_0169,Kannur,Iritty,Vattakunnu,11.913953,75.760898,rural,24,23.13,False,2023,10,2023-10-01,2528.95,2528.95,219.8,16.62,0.0,False,0.934,0.4215,105.37,False,False,False
KL_0169,Kannur,Iritty,Vattakunnu,11.913953,75.760898,rural,24,23.13,False,2023,11,2023-11-01,1531.51,1531.51,226.8,8.72,0.0,False,0.938,0.2553,63.81,False,False,False
KL_0169,Kannur,Iritty,Vattakunnu,11.913953,75.760898,rural,24,23.13,False,2023,12,2023-12-01,1680.99,1680.99,229.6,10.21,0.0,False,0.872,0.2802,70.04,False,False,True
KL_0169,Kannur,Iritty,Vattakunnu,11.913953,75.760898,rural,24,23.13,False,2024,1,2024-01-01,1683.01,1683.01,237.8,9.31,0.0,False,0.881,0.2805,70.13,False,False,True
KL_0169,Kannur,Iritty,Vattakunnu,11.913953,75.760898,rural,24,23.13,False,2024,2,2024-02-01,1747.58,1747.58,217.2,11.47,0.0,False,0.827,0.2913,72.82,False,False,True
KL_0169,Kannur,Iritty,Vattakunnu,11.913953,75.760898,rural,24,23.13,False,2024,3,2024-03-01,1613.46,1613.46,218.9,10.18,0.0,False,0.934,0.2689,67.23,True,False,False
KL_0169,Kannur,Iritty,Vattakunnu,11.913953,75.760898,rural,24,23.13,False,2024,4,2024-04-01,2607.3,2607.3,220.6,15.14,0.0,False,0.818,0.4346,108.64,True,False,False
KL_0169,Kannur,Iritty,Vattakunnu,11.913953,75.760898,rural,24,23.13,False,2024,5,2024-05-01,1048.45,1048.45,220.1,6.99,0.0,False,0.91,0.1747,43.69,True,False,False
KL_0169,Kannur,Iritty,Vattakunnu,11.913953,75.760898,rural,24,23.13,False,2024,6,2024-06-01,3408.11,3408.11,222.4,20.1,0.0,False,0.798,0.568,142.0,False,True,False
KL_0169,Kannur,Iritty,Vattakunnu,11.913953,75.760898,rural,24,23.13,False,2024,7,2024-07-01,1430.16,1430.16,219.5,9.46,0.0,False,0.882,0.2384,59.59,False,True,False
KL_0169,Kannur,Iritty,Vattakunnu,11.913953,75.760898,rural,24,23.13,False,2024,8,2024-08-01,1789.06,1789.06,230.5,11.21,0.0,False,0.906,0.2982,74.54,False,True,False
KL_0169,Kannur,Iritty,Vattakunnu,11.913953,75.760898,rural,24,23.13,False,2024,9,2024-09-01,1993.47,1993.47,213.3,13.8,0.0,False,0.895,0.3322,83.06,False,True,False
KL_0169,Kannur,Iritty,Vattakunnu,11.913953,75.760898,rural,24,23.13,False,2024,10,2024-10-01,1769.37,1769.37,234.1,11.23,0.0,False,0.827,0.2949,73.72,False,False,False
KL_0169,Kannur,Iritty,Vattakunnu,11.913953,75.760898,rural,24,23.13,False,2024,11,2024-11-01,1587.21,1587.21,229.5,10.46,0.0,False,0.837,0.2645,66.13,False,False,False
KL_0169,Kannur,Iritty,Vattakunnu,11.913953,75.760898,rural,24,23.13,False,2024,12,2024-12-01,1722.86,1722.86,224.5,10.28,0.0,False,0.927,0.2871,71.79,False,False,True
KL_0170,Idukki,Kumily,Puzhakunnu,10.1809,76.830399,urban,141,1.83,False,2023,1,2023-01-01,25996.1,25996.1,228.7,165.3,0.0,False,0.825,0.7375,184.37,False,False,True
KL_0170,Idukki,Kumily,Puzhakunnu,10.1809,76.830399,urban,141,1.83,False,2023,2,2023-02-01,27731.79,27731.79,229.1,178.3,0.0,False,0.826,0.7867,196.68,False,False,True
KL_0170,Idukki,Kumily,Puzhakunnu,10.1809,76.830399,urban,141,1.83,False,2023,3,2023-03-01,21748.54,21748.54,243.0,123.18,0.0,False,0.925,0.617,154.24,True,False,False
KL_0170,Idukki,Kumily,Puzhakunnu,10.1809,76.830399,urban,141,1.83,False,2023,4,2023-04-01,28794.38,28794.38,224.8,174.49,0.0,False,0.847,0.8169,204.22,True,False,False
KL_0170,Idukki,Kumily,Puzhakunnu,10.1809,76.830399,urban,141,1.83,False,2023,5,2023-05-01,28153.93,28153.93,215.6,181.42,0.0,False,0.847,0.7987,199.67,True,False,False
KL_0170,Idukki,Kumily,Puzhakunnu,10.1809,76.830399,urban,141,1.83,False,2023,6,2023-06-01,21753.12,21753.12,215.6,144.12,0.0,False,0.942,0.6171,154.28,False,True,False
KL_0170,Idukki,Kumily,Puzhakunnu,10.1809,76.830399,urban,141,1.83,False,2023,7,2023-07-01,26619.26,26619.26,230.3,148.96,0.0,False,0.818,0.7552,188.79,False,True,False
KL_0170,Idukki,Kumily,Puzhakunnu,10.1809,76.830399,urban,141,1.83,False,2023,8,2023-08-01,15075.8,15075.8,219.9,90.36,0.0,False,0.813,0.4277,106.92,False,True,False
KL_0170,Idukki,Kumily,Puzhakunnu,10.1809,76.830399,urban,141,1.83,False,2023,9,2023-09-01,20345.47,20345.47,227.2,117.78,0.0,False,0.859,0.5772,144.29,False,True,False
KL_0170,Idukki,Kumily,Puzhakunnu,10.1809,76.830399,urban,141,1.83,False,2023,10,2023-10-01,31379.12,31379.12,226.6,186.74,0.0,False,0.852,0.8902,222.55,False,False,False
KL_0170,Idukki,Kumily,Puzhakunnu,10.1809,76.830399,urban,141,1.83,False,2023,11,2023-11-01,31709.15,31709.15,215.4,186.81,0.0,False,0.811,0.8996,224.89,False,False,False
KL_0170,Idukki,Kumily,Puzhakunnu,10.1809,76.830399,urban,141,1.83,False,2023,12,2023-12-01,23143.25,23143.25,227.8,135.23,0.0,False,0.89,0.6565,164.14,False,False,True
KL_0170,Idukki,Kumily,Puzhakunnu,10.1809,76.830399,urban,141,1.83,False,2024,1,2024-01-01,29960.58,29960.58,220.8,202.68,0.0,False,0.851,0.8499,212.49,False,False,True
KL_0170,Idukki,Kumily,Puzhakunnu,10.1809,76.830399,urban,141,1.83,False,2024,2,2024-02-01,7630.22,7630.22,222.7,43.18,0.0,False,0.853,0.2165,54.12,False,False,True
KL_0170,Idukki,Kumily,Puzhakunnu,10.1809,76.830399,urban,141,1.83,False,2024,3,2024-03-01,19948.96,19948.96,218.2,125.06,0.0,False,0.85,0.5659,141.48,True,False,False
KL_0170,Idukki,Kumily,Puzhakunnu,10.1809,76.830399,urban,141,1.83,False,2024,4,2024-04-01,33276.53,33276.53,225.4,191.75,0.0,False,0.798,0.944,236.0,True,False,False
KL_0170,Idukki,Kumily,Puzhakunnu,10.1809,76.830399,urban,141,1.83,False,2024,5,2024-05-01,46313.27,46313.27,226.4,296.22,0.0,False,0.809,1.3139,328.46,True,False,False
KL_0170,Idukki,Kumily,Puzhakunnu,10.1809,76.830399,urban,141,1.83,False,2024,6,2024-06-01,36503.53,36503.53,230.1,238.31,0.0,False,0.771,1.0356,258.89,False,True,False
KL_0170,Idukki,Kumily,Puzhakunnu,10.1809,76.830399,urban,141,1.83,False,2024,7,2024-07-01,11741.0,11741.0,212.1,82.52,0.0,False,0.907,0.3331,83.27,False,True,False
KL_0170,Idukki,Kumily,Puzhakunnu,10.1809,76.830399,urban,141,1.83,False,2024,8,2024-08-01,26871.06,26871.06,203.4,172.64,0.0,False,0.85,0.7623,190.57,False,True,False
KL_0170,Idukki,Kumily,Puzhakunnu,10.1809,76.830399,urban,141,1.83,False,2024,9,2024-09-01,25341.45,25341.45,217.7,145.61,0.0,False,0.9,0.7189,179.73,False,True,False
KL_0170,Idukki,Kumily,Puzhakunnu,10.1809,76.830399,urban,141,1.83,False,2024,10,2024-10-01,31731.76,31731.76,227.9,177.97,0.0,False,0.827,0.9002,225.05,False,False,False
KL_0170,Idukki,Kumily,Puzhakunnu,10.1809,76.830399,urban,141,1.83,False,2024,11,2024-11-01,30457.84,30457.84,228.6,170.91,0.0,False,0.907,0.8641,216.01,False,False,False
KL_0170,Idukki,Kumily,Puzhakunnu,10.1809,76.830399,urban,141,1.83,False,2024,12,2024-12-01,18438.2,18438.2,222.9,106.85,0.0,False,0.769,0.5231,130.77,False,False,True
KL_0171,Idukki,Munnar,Nallapara,9.51866,76.819123,rural,137,5.76,False,2023,1,2023-01-01,11466.43,11466.43,232.2,66.9,0.0,False,0.899,0.3348,83.7,False,False,True
KL_0171,Idukki,Munnar,Nallapara,9.51866,76.819123,rural,137,5.76,False,2023,2,2023-02-01,10953.63,10953.63,234.3,64.34,0.0,False,0.846,0.3198,79.95,False,False,True
KL_0171,Idukki,Munnar,Nallapara,9.51866,76.819123,rural,137,5.76,False,2023,3,2023-03-01,8515.2,8515.2,229.7,52.43,0.0,False,0.781,0.2486,62.15,True,False,False
KL_0171,Idukki,Munnar,Nallapara,9.51866,76.819123,rural,137,5.76,False,2023,4,2023-04-01,16557.08,16557.08,221.7,112.15,0.0,False,0.709,0.4834,120.85,True,False,False
KL_0171,Idukki,Munnar,Nallapara,9.51866,76.819123,rural,137,5.76,False,2023,5,2023-05-01,21393.72,21393.72,234.8,123.89,0.0,False,0.875,0.6246,156.16,True,False,False
KL_0171,Idukki,Munnar,Nallapara,9.51866,76.819123,rural,137,5.76,False,2023,6,2023-06-01,17522.96,17522.96,243.1,103.05,0.0,False,0.899,0.5116,127.9,False,True,False
KL_0171,Idukki,Munnar,Nallapara,9.51866,76.819123,rural,137,5.76,False,2023,7,2023-07-01,11486.48,11486.48,219.2,78.07,0.0,False,0.853,0.3354,83.84,False,True,False
KL_0171,Idukki,Munnar,Nallapara,9.51866,76.819123,rural,137,5.76,False,2023,8,2023-08-01,11470.56,11470.56,220.0,70.17,0.0,False,0.88,0.3349,83.73,False,True,False
KL_0171,Idukki,Munnar,Nallapara,9.51866,76.819123,rural,137,5.76,False,2023,9,2023-09-01,10195.2,10195.2,218.0,60.91,0.0,False,0.872,0.2977,74.42,False,True,False
KL_0171,Idukki,Munnar,Nallapara,9.51866,76.819123,rural,137,5.76,False,2023,10,2023-10-01,10526.68,10526.68,236.9,57.69,0.0,False,0.853,0.3073,76.84,False,False,False
KL_0171,Idukki,Munnar,Nallapara,9.51866,76.819123,rural,137,5.76,False,2023,11,2023-11-01,13403.71,13403.71,243.2,81.99,0.0,False,0.898,0.3913,97.84,False,False,False
KL_0171,Idukki,Munnar,Nallapara,9.51866,76.819123,rural,137,5.76,False,2023,12,2023-12-01,13127.75,13127.75,240.1,71.49,0.0,False,0.776,0.3833,95.82,False,False,True
KL_0171,Idukki,Munnar,Nallapara,9.51866,76.819123,rural,137,5.76,False,2024,1,2024-01-01,8563.37,8563.37,216.2,59.49,0.0,False,0.855,0.25,62.51,False,False,True
KL_0171,Idukki,Munnar,Nallapara,9.51866,76.819123,rural,137,5.76,False,2024,2,2024-02-01,17449.24,17449.24,233.3,105.91,0.0,False,0.884,0.5095,127.37,False,False,True
KL_0171,Idukki,Munnar,Nallapara,9.51866,76.819123,rural,137,5.76,False,2024,3,2024-03-01,11801.06,11801.06,216.4,75.01,0.0,False,0.828,0.3446,86.14,True,False,False
KL_0171,Idukki,Munnar,Nallapara,9.51866,76.819123,rural,137,5.76,False,2024,4,2024-04-01,14700.53,14700.53,232.0,87.83,0.0,False,0.863,0.4292,107.3,True,False,False
KL_0171,Idukki,Munnar,Nallapara,9.51866,76.819123,rural,137,5.76,False,2024,5,2024-05-01,15847.13,15847.13,230.8,89.91,0.0,False,0.791,0.4627,115.67,True,False,False
KL_0171,Idukki,Munnar,Nallapara,9.51866,76.819123,rural,137,5.76,False,2024,6,2024-06-01,12259.66,12259.66,215.0,85.08,0.0,False,0.854,0.3579,89.49,False,True,False
KL_0171,Idukki,Munnar,Nallapara,9.51866,76.819123,rural,137,5.76,False,2024,7,2024-07-01,12551.78,12551.78,231.5,82.18,0.0,False,0.814,0.3665,91.62,False,True,False
KL_0171,Idukki,Munnar,Nallapara,9.51866,76.819123,rural,137,5.76,False,2024,8,2024-08-01,7100.17,7100.17,215.7,48.34,0.0,False,0.824,0.2073,51.83,False,True,False
KL_0171,Idukki,Munnar,Nallapara,9.51866,76.819123,rural,137,5.76,False,2024,9,2024-09-01,6976.4,6976.4,231.1,41.72,0.0,False,0.879,0.2037,50.92,False,True,False
KL_0171,Idukki,Munnar,Nallapara,9.51866,76.819123,rural,137,5.76,False,2024,10,2024-10-01,6383.55,6383.55,225.1,39.91,0.0,False,0.762,0.1864,46.6,False,False,False
KL_0171,Idukki,Munnar,Nallapara,9.51866,76.819123,rural,137,5.76,False,2024,11,2024-11-01,7422.79,7422.79,223.5,43.2,0.0,False,0.795,0.2167,54.18,False,False,False
KL_0171,Idukki,Munnar,Nallapara,9.51866,76.819123,rural,137,5.76,False,2024,12,2024-12-01,6458.47,6458.47,214.5,42.83,0.0,False,0.886,0.1886,47.14,False,False,True
KL_0172,Kollam,Kollam,Cherakunnu,8.954222,76.600465,urban,33,0.83,False,2023,1,2023-01-01,3502.5,3502.5,217.2,20.74,0.0,False,0.842,0.4245,106.14,False,False,True
KL_0172,Kollam,Kollam,Cherakunnu,8.954222,76.600465,urban,33,0.83,False,2023,2,2023-02-01,6598.91,6598.91,248.0,40.33,0.0,False,0.813,0.7999,199.97,False,False,True
KL_0172,Kollam,Kollam,Cherakunnu,8.954222,76.600465,urban,33,0.83,False,2023,3,2023-03-01,4690.6,4690.6,239.8,25.2,0.0,False,0.873,0.5686,142.14,True,False,False
KL_0172,Kollam,Kollam,Cherakunnu,8.954222,76.600465,urban,33,0.83,False,2023,4,2023-04-01,8431.62,8431.62,231.8,48.6,0.0,False,0.795,1.022,255.5,True,False,False
KL_0172,Kollam,Kollam,Cherakunnu,8.954222,76.600465,urban,33,0.83,False,2023,5,2023-05-01,7416.02,7416.02,235.0,46.57,0.0,False,0.793,0.8989,224.73,True,False,False
KL_0172,Kollam,Kollam,Cherakunnu,8.954222,76.600465,urban,33,0.83,False,2023,6,2023-06-01,10920.86,10920.86,225.8,61.91,0.0,False,0.84,1.3237,330.94,False,True,False
KL_0172,Kollam,Kollam,Cherakunnu,8.954222,76.600465,urban,33,0.83,False,2023,7,2023-07-01,3916.94,3916.94,227.6,26.26,0.0,False,0.843,0.4748,118.7,False,True,False
KL_0172,Kollam,Kollam,Cherakunnu,8.954222,76.600465,urban,33,0.83,False,2023,8,2023-08-01,5267.63,5267.63,226.9,33.58,0.0,False,0.813,0.6385,159.63,False,True,False
KL_0172,Kollam,Kollam,Cherakunnu,8.954222,76.600465,urban,33,0.83,False,2023,9,2023-09-01,5559.1,5559.1,228.7,31.58,0.0,False,0.837,0.6738,168.46,False,True,False
KL_0172,Kollam,Kollam,Cherakunnu,8.954222,76.600465,urban,33,0.83,False,2023,10,2023-10-01,7532.18,7532.18,215.2,51.94,0.0,False,0.917,0.913,228.25,False,False,False
KL_0172,Kollam,Kollam,Cherakunnu,8.954222,76.600465,urban,33,0.83,False,2023,11,2023-11-01,5742.05,5742.05,225.3,32.91,0.0,False,0.848,0.696,174.0,False,False,False
KL_0172,Kollam,Kollam,Cherakunnu,8.954222,76.600465,urban,33,0.83,False,2023,12,2023-12-01,7382.21,7382.21,234.7,39.84,0.0,False,0.792,0.8948,223.7,False,False,True
KL_0172,Kollam,Kollam,Cherakunnu,8.954222,76.600465,urban,33,0.83,False,2024,1,2024-01-01,2550.89,2550.89,225.2,14.21,0.0,False,0.851,0.3092,77.3,False,False,True
KL_0172,Kollam,Kollam,Cherakunnu,8.954222,76.600465,urban,33,0.83,False,2024,2,2024-02-01,5926.14,5926.14,218.1,35.74,0.0,False,0.744,0.7183,179.58,False,False,True
KL_0172,Kollam,Kollam,Cherakunnu,8.954222,76.600465,urban,33,0.83,False,2024,3,2024-03-01,5313.54,5313.54,225.0,35.05,0.0,False,0.931,0.6441,161.02,True,False,False
KL_0172,Kollam,Kollam,Cherakunnu,8.954222,76.600465,urban,33,0.83,False,2024,4,2024-04-01,10265.37,10265.37,224.8,62.32,0.0,False,0.791,1.2443,311.07,True,False,False
KL_0172,Kollam,Kollam,Cherakunnu,8.954222,76.600465,urban,33,0.83,False,2024,5,2024-05-01,8020.63,8020.63,218.5,50.87,0.0,False,0.86,0.9722,243.05,True,False,False
KL_0172,Kollam,Kollam,Cherakunnu,8.954222,76.600465,urban,33,0.83,False,2024,6,2024-06-01,8003.09,8003.09,224.7,47.09,0.0,False,0.858,0.9701,242.52,False,True,False
KL_0172,Kollam,Kollam,Cherakunnu,8.954222,76.600465,urban,33,0.83,False,2024,7,2024-07-01,7123.2,7123.2,205.5,49.32,0.0,False,0.811,0.8634,215.85,False,True,False
KL_0172,Kollam,Kollam,Cherakunnu,8.954222,76.600465,urban,33,0.83,False,2024,8,2024-08-01,4868.6,4868.6,233.2,26.6,0.0,False,0.915,0.5901,147.53,False,True,False
KL_0172,Kollam,Kollam,Cherakunnu,8.954222,76.600465,urban,33,0.83,False,2024,9,2024-09-01,7218.41,7218.41,226.7,39.86,0.0,False,0.953,0.875,218.74,False,True,False
KL_0172,Kollam,Kollam,Cherakunnu,8.954222,76.600465,urban,33,0.83,False,2024,10,2024-10-01,3476.51,3476.51,224.6,21.66,0.0,False,0.813,0.4214,105.35,False,False,False
KL_0172,Kollam,Kollam,Cherakunnu,8.954222,76.600465,urban,33,0.83,False,2024,11,2024-11-01,3604.93,3604.93,224.8,22.4,0.0,False,0.886,0.437,109.24,False,False,False
KL_0172,Kollam,Kollam,Cherakunnu,8.954222,76.600465,urban,33,0.83,False,2024,12,2024-12-01,6201.17,6201.17,243.6,37.99,0.0,False,0.801,0.7517,187.91,False,False,True
KL_0173,Palakkad,Palakkad,Kodumoodu,10.734554,76.802344,rural,164,7.05,False,2023,1,2023-01-01,6616.46,6616.46,212.0,47.63,0.0,False,0.916,0.1614,40.34,False,False,True
KL_0173,Palakkad,Palakkad,Kodumoodu,10.734554,76.802344,rural,164,7.05,False,2023,2,2023-02-01,15498.26,15498.26,230.8,90.3,0.0,False,0.913,0.378,94.5,False,False,True
KL_0173,Palakkad,Palakkad,Kodumoodu,10.734554,76.802344,rural,164,7.05,False,2023,3,2023-03-01,12574.17,12574.17,232.2,68.26,0.0,False,0.9,0.3067,76.67,True,False,False
KL_0173,Palakkad,Palakkad,Kodumoodu,10.734554,76.802344,rural,164,7.05,False,2023,4,2023-04-01,31327.5,31327.5,221.0,187.62,0.0,False,0.767,0.7641,191.02,True,False,False
KL_0173,Palakkad,Palakkad,Kodumoodu,10.734554,76.802344,rural,164,7.05,False,2023,5,2023-05-01,22698.29,22698.29,225.4,143.32,0.0,False,0.823,0.5536,138.4,True,False,False
KL_0173,Palakkad,Palakkad,Kodumoodu,10.734554,76.802344,rural,164,7.05,False,2023,6,2023-06-01,14962.14,14962.14,227.7,95.54,0.0,False,0.824,0.3649,91.23,False,True,False
KL_0173,Palakkad,Palakkad,Kodumoodu,10.734554,76.802344,rural,164,7.05,False,2023,7,2023-07-01,16870.54,16870.54,223.7,99.47,0.0,False,0.82,0.4115,102.87,False,True,False
KL_0173,Palakkad,Palakkad,Kodumoodu,10.734554,76.802344,rural,164,7.05,False,2023,8,2023-08-01,6283.37,6283.37,240.0,37.64,0.0,False,0.916,0.1533,38.31,False,True,False
KL_0173,Palakkad,Palakkad,Kodumoodu,10.734554,76.802344,rural,164,7.05,False,2023,9,2023-09-01,16810.98,16810.98,228.4,111.11,0.0,False,0.759,0.41,102.51,False,True,False
KL_0173,Palakkad,Palakkad,Kodumoodu,10.734554,76.802344,rural,164,7.05,False,2023,10,2023-10-01,19015.87,19015.87,231.8,111.82,0.0,False,0.869,0.4638,115.95,False,False,False
KL_0173,Palakkad,Palakkad,Kodumoodu,10.734554,76.802344,rural,164,7.05,False,2023,11,2023-11-01,16570.63,16570.63,229.2,101.32,0.0,False,0.887,0.4042,101.04,False,False,False
KL_0173,Palakkad,Palakkad,Kodumoodu,10.734554,76.802344,rural,164,7.05,False,2023,12,2023-12-01,19923.4,19923.4,221.1,126.38,0.0,False,0.815,0.4859,121.48,False,False,True
KL_0173,Palakkad,Palakkad,Kodumoodu,10.734554,76.802344,rural,164,7.05,False,2024,1,2024-01-01,13828.01,13828.01,233.0,75.75,0.0,False,0.875,0.3373,84.32,False,False,True
KL_0173,Palakkad,Palakkad,Kodumoodu,10.734554,76.802344,rural,164,7.05,False,2024,2,2024-02-01,8364.02,8364.02,213.5,58.62,0.0,False,0.872,0.204,51.0,False,False,True
KL_0173,Palakkad,Palakkad,Kodumoodu,10.734554,76.802344,rural,164,7.05,False,2024,3,2024-03-01,10341.86,10341.86,228.4,69.0,0.0,False,0.836,0.2522,63.06,True,False,False
KL_0173,Palakkad,Palakkad,Kodumoodu,10.734554,76.802344,rural,164,7.05,False,2024,4,2024-04-01,20452.06,20452.06,232.8,113.57,0.0,False,0.904,0.4988,124.71,True,False,False
KL_0173,Palakkad,Palakkad,Kodumoodu,10.734554,76.802344,rural,164,7.05,False,2024,5,2024-05-01,19350.51,19350.51,228.0,106.21,0.0,False,0.823,0.472,117.99,True,False,False
KL_0173,Palakkad,Palakkad,Kodumoodu,10.734554,76.802344,rural,164,7.05,False,2024,6,2024-06-01,4490.79,4490.79,242.1,26.59,0.0,False,0.904,0.1095,27.38,False,True,False
KL_0173,Palakkad,Palakkad,Kodumoodu,10.734554,76.802344,rural,164,7.05,False,2024,7,2024-07-01,14127.75,14127.75,219.6,88.8,0.0,False,0.857,0.3446,86.14,False,True,False
KL_0173,Palakkad,Palakkad,Kodumoodu,10.734554,76.802344,rural,164,7.05,False,2024,8,2024-08-01,19181.15,19181.15,235.3,113.0,0.0,False,0.834,0.4678,116.96,False,True,False
KL_0173,Palakkad,Palakkad,Kodumoodu,10.734554,76.802344,rural,164,7.05,False,2024,9,2024-09-01,22194.48,22194.48,217.3,141.68,0.0,False,0.839,0.5413,135.33,False,True,False
KL_0173,Palakkad,Palakkad,Kodumoodu,10.734554,76.802344,rural,164,7.05,False,2024,10,2024-10-01,20471.07,20471.07,233.8,127.25,0.0,False,0.781,0.4993,124.82,False,False,False
KL_0173,Palakkad,Palakkad,Kodumoodu,10.734554,76.802344,rural,164,7.05,False,2024,11,2024-11-01,12080.46,12080.46,240.5,72.43,0.0,False,0.832,0.2946,73.66,False,False,False
KL_0173,Palakkad,Palakkad,Kodumoodu,10.734554,76.802344,rural,164,7.05,False,2024,12,2024-12-01,8847.9,8847.9,213.5,52.78,0.0,False,0.794,0.2158,53.95,False,False,True
KL_0174,Ernakulam,Perumbavoor,Thekkepuram,9.956155,76.482211,semi-urban,64,6.91,False,2023,1,2023-01-01,5962.99,5962.99,221.6,38.65,0.0,False,0.863,0.3727,93.17,False,False,True
KL_0174,Ernakulam,Perumbavoor,Thekkepuram,9.956155,76.482211,semi-urban,64,6.91,False,2023,2,2023-02-01,9382.31,9382.31,218.8,62.83,0.0,False,0.895,0.5864,146.6,False,False,True
KL_0174,Ernakulam,Perumbavoor,Thekkepuram,9.956155,76.482211,semi-urban,64,6.91,False,2023,3,2023-03-01,11263.88,11263.88,217.8,70.38,0.0,False,0.873,0.704,176.0,True,False,False
KL_0174,Ernakulam,Perumbavoor,Thekkepuram,9.956155,76.482211,semi-urban,64,6.91,False,2023,4,2023-04-01,8879.54,8879.54,232.6,55.86,0.0,False,0.814,0.555,138.74,True,False,False
KL_0174,Ernakulam,Perumbavoor,Thekkepuram,9.956155,76.482211,semi-urban,64,6.91,False,2023,5,2023-05-01,7518.76,7518.76,215.6,52.97,0.0,False,0.837,0.4699,117.48,True,False,False
KL_0174,Ernakulam,Perumbavoor,Thekkepuram,9.956155,76.482211,semi-urban,64,6.91,False,2023,6,2023-06-01,10880.3,10880.3,227.0,65.1,0.0,False,0.864,0.68,170.0,False,True,False
KL_0174,Ernakulam,Perumbavoor,Thekkepuram,9.956155,76.482211,semi-urban,64,6.91,False,2023,7,2023-07-01,3808.46,3808.46,229.8,21.48,0.0,False,0.866,0.238,59.51,False,True,False
KL_0174,Ernakulam,Perumbavoor,Thekkepuram,9.956155,76.482211,semi-urban,64,6.91,False,2023,8,2023-08-01,9800.11,9800.11,219.8,63.88,0.0,False,0.932,0.6125,153.13,False,True,False
KL_0174,Ernakulam,Perumbavoor,Thekkepuram,9.956155,76.482211,semi-urban,64,6.91,False,2023,9,2023-09-01,5771.47,5771.47,224.4,38.87,0.0,False,0.881,0.3607,90.18,False,True,False
KL_0174,Ernakulam,Perumbavoor,Thekkepuram,9.956155,76.482211,semi-urban,64,6.91,False,2023,10,2023-10-01,6903.62,6903.62,220.3,43.42,0.0,False,0.857,0.4315,107.87,False,False,False
KL_0174,Ernakulam,Perumbavoor,Thekkepuram,9.956155,76.482211,semi-urban,64,6.91,False,2023,11,2023-11-01,6958.81,6958.81,240.1,37.34,0.0,False,0.855,0.4349,108.73,False,False,False
KL_0174,Ernakulam,Perumbavoor,Thekkepuram,9.956155,76.482211,semi-urban,64,6.91,False,2023,12,2023-12-01,5099.48,5099.48,226.1,29.08,0.0,False,0.833,0.3187,79.68,False,False,True
KL_0174,Ernakulam,Perumbavoor,Thekkepuram,9.956155,76.482211,semi-urban,64,6.91,False,2024,1,2024-01-01,5215.65,5215.65,245.8,31.09,0.0,False,0.85,0.326,81.49,False,False,True
KL_0174,Ernakulam,Perumbavoor,Thekkepuram,9.956155,76.482211,semi-urban,64,6.91,False,2024,2,2024-02-01,7447.28,7447.28,234.0,43.37,0.0,False,0.886,0.4655,116.36,False,False,True
KL_0174,Ernakulam,Perumbavoor,Thekkepuram,9.956155,76.482211,semi-urban,64,6.91,False,2024,3,2024-03-01,13556.9,13556.9,221.1,77.76,0.0,False,0.815,0.8473,211.83,True,False,False
KL_0174,Ernakulam,Perumbavoor,Thekkepuram,9.956155,76.482211,semi-urban,64,6.91,False,2024,4,2024-04-01,5399.06,5399.06,220.1,35.93,0.0,False,0.871,0.3374,84.36,True,False,False
KL_0174,Ernakulam,Perumbavoor,Thekkepuram,9.956155,76.482211,semi-urban,64,6.91,False,2024,5,2024-05-01,8972.14,8972.14,227.6,57.46,0.0,False,0.845,0.5608,140.19,True,False,False
KL_0174,Ernakulam,Perumbavoor,Thekkepuram,9.956155,76.482211,semi-urban,64,6.91,False,2024,6,2024-06-01,8976.77,8976.77,233.4,49.78,0.0,False,0.936,0.561,140.26,False,True,False
KL_0174,Ernakulam,Perumbavoor,Thekkepuram,9.956155,76.482211,semi-urban,64,6.91,False,2024,7,2024-07-01,6812.55,6812.55,239.9,42.2,0.0,False,0.865,0.4258,106.45,False,True,False
KL_0174,Ernakulam,Perumbavoor,Thekkepuram,9.956155,76.482211,semi-urban,64,6.91,False,2024,8,2024-08-01,7542.97,7542.97,214.5,45.22,0.0,False,0.866,0.4714,117.86,False,True,False
KL_0174,Ernakulam,Perumbavoor,Thekkepuram,9.956155,76.482211,semi-urban,64,6.91,False,2024,9,2024-09-01,10080.22,10080.22,228.0,63.21,0.0,False,0.807,0.63,157.5,False,True,False
KL_0174,Ernakulam,Perumbavoor,Thekkepuram,9.956155,76.482211,semi-urban,64,6.91,False,2024,10,2024-10-01,7247.57,7247.57,236.5,39.11,0.0,False,0.923,0.453,113.24,False,False,False
KL_0174,Ernakulam,Perumbavoor,Thekkepuram,9.956155,76.482211,semi-urban,64,6.91,False,2024,11,2024-11-01,9483.46,9483.46,231.6,62.14,0.0,False,0.875,0.5927,148.18,False,False,False
KL_0174,Ernakulam,Perumbavoor,Thekkepuram,9.956155,76.482211,semi-urban,64,6.91,False,2024,12,2024-12-01,11910.71,11910.71,224.7,70.44,0.0,False,0.918,0.7444,186.1,False,False,True
KL_0175,Idukki,Painavu,Kodumoodu,10.025209,77.441085,semi-urban,122,9.29,False,2023,1,2023-01-01,11694.67,11694.67,227.3,71.45,0.0,False,0.841,0.3834,95.86,False,False,True
KL_0175,Idukki,Painavu,Kodumoodu,10.025209,77.441085,semi-urban,122,9.29,False,2023,2,2023-02-01,9577.45,9577.45,216.2,66.2,0.0,False,0.85,0.314,78.5,False,False,True
KL_0175,Idukki,Painavu,Kodumoodu,10.025209,77.441085,semi-urban,122,9.29,False,2023,3,2023-03-01,21285.12,21285.12,236.4,120.21,0.0,False,0.781,0.6979,174.47,True,False,False
KL_0175,Idukki,Painavu,Kodumoodu,10.025209,77.441085,semi-urban,122,9.29,False,2023,4,2023-04-01,8247.87,8247.87,214.8,53.03,0.0,False,0.942,0.2704,67.61,True,False,False
KL_0175,Idukki,Painavu,Kodumoodu,10.025209,77.441085,semi-urban,122,9.29,False,2023,5,2023-05-01,17358.88,17358.88,233.6,112.66,0.0,False,0.868,0.5691,142.29,True,False,False
KL_0175,Idukki,Painavu,Kodumoodu,10.025209,77.441085,semi-urban,122,9.29,False,2023,6,2023-06-01,13398.53,13398.53,245.0,75.64,0.0,False,0.943,0.4393,109.82,False,True,False
KL_0175,Idukki,Painavu,Kodumoodu,10.025209,77.441085,semi-urban,122,9.29,False,2023,7,2023-07-01,20390.27,20390.27,231.9,125.97,0.0,False,0.833,0.6685,167.13,False,True,False
KL_0175,Idukki,Painavu,Kodumoodu,10.025209,77.441085,semi-urban,122,9.29,False,2023,8,2023-08-01,19407.42,19407.42,243.1,118.09,0.0,False,0.874,0.6363,159.08,False,True,False
KL_0175,Idukki,Painavu,Kodumoodu,10.025209,77.441085,semi-urban,122,9.29,False,2023,9,2023-09-01,16562.54,16562.54,225.1,105.2,0.0,False,0.9,0.543,135.76,False,True,False
KL_0175,Idukki,Painavu,Kodumoodu,10.025209,77.441085,semi-urban,122,9.29,False,2023,10,2023-10-01,20433.36,20433.36,232.4,119.51,0.0,False,0.866,0.6699,167.49,False,False,False
KL_0175,Idukki,Painavu,Kodumoodu,10.025209,77.441085,semi-urban,122,9.29,False,2023,11,2023-11-01,16260.2,16260.2,224.1,98.82,0.0,False,0.833,0.5331,133.28,False,False,False
KL_0175,Idukki,Painavu,Kodumoodu,10.025209,77.441085,semi-urban,122,9.29,False,2023,12,2023-12-01,11283.47,11283.47,230.4,64.54,0.0,False,0.826,0.3699,92.49,False,False,True
KL_0175,Idukki,Painavu,Kodumoodu,10.025209,77.441085,semi-urban,122,9.29,False,2024,1,2024-01-01,12971.44,12971.44,238.7,71.12,0.0,False,0.833,0.4253,106.32,False,False,True
KL_0175,Idukki,Painavu,Kodumoodu,10.025209,77.441085,semi-urban,122,9.29,False,2024,2,2024-02-01,11700.69,11700.69,230.9,67.54,0.0,False,0.984,0.3836,95.91,False,False,True
KL_0175,Idukki,Painavu,Kodumoodu,10.025209,77.441085,semi-urban,122,9.29,False,2024,3,2024-03-01,17658.77,17658.77,240.9,94.43,0.0,False,0.819,0.579,144.74,True,False,False
KL_0175,Idukki,Painavu,Kodumoodu,10.025209,77.441085,semi-urban,122,9.29,False,2024,4,2024-04-01,18276.46,18276.46,212.7,117.06,0.0,False,0.751,0.5992,149.81,True,False,False
KL_0175,Idukki,Painavu,Kodumoodu,10.025209,77.441085,semi-urban,122,9.29,False,2024,5,2024-05-01,21237.79,21237.79,235.0,128.35,0.0,False,0.852,0.6963,174.08,True,False,False
KL_0175,Idukki,Painavu,Kodumoodu,10.025209,77.441085,semi-urban,122,9.29,False,2024,6,2024-06-01,22095.05,22095.05,227.7,127.12,0.0,False,0.851,0.7244,181.11,False,True,False
KL_0175,Idukki,Painavu,Kodumoodu,10.025209,77.441085,semi-urban,122,9.29,False,2024,7,2024-07-01,10156.16,10156.16,235.8,56.48,0.0,False,0.834,0.333,83.25,False,True,False
KL_0175,Idukki,Painavu,Kodumoodu,10.025209,77.441085,semi-urban,122,9.29,False,2024,8,2024-08-01,17240.96,17240.96,239.6,105.15,0.0,False,0.819,0.5653,141.32,False,True,False
KL_0175,Idukki,Painavu,Kodumoodu,10.025209,77.441085,semi-urban,122,9.29,False,2024,9,2024-09-01,17409.02,17409.02,237.0,94.07,0.0,False,0.836,0.5708,142.7,False,True,False
KL_0175,Idukki,Painavu,Kodumoodu,10.025209,77.441085,semi-urban,122,9.29,False,2024,10,2024-10-01,23857.25,23857.25,228.7,152.11,0.0,False,0.784,0.7822,195.55,False,False,False
KL_0175,Idukki,Painavu,Kodumoodu,10.025209,77.441085,semi-urban,122,9.29,False,2024,11,2024-11-01,17968.92,17968.92,238.7,109.51,0.0,False,0.939,0.5891,147.29,False,False,False
KL_0175,Idukki,Painavu,Kodumoodu,10.025209,77.441085,semi-urban,122,9.29,False,2024,12,2024-12-01,13236.75,13236.75,223.4,85.87,0.0,False,0.862,0.434,108.5,False,False,True
KL_0176,Alappuzha,Alappuzha,Nallamoodu,9.246732,76.197893,semi-urban,166,6.96,False,2023,1,2023-01-01,23038.05,23038.05,234.7,147.91,0.0,False,0.856,0.5551,138.78,False,False,True
KL_0176,Alappuzha,Alappuzha,Nallamoodu,9.246732,76.197893,semi-urban,166,6.96,False,2023,2,2023-02-01,34440.51,34440.51,225.2,191.28,0.0,False,0.903,0.8299,207.47,False,False,True
KL_0176,Alappuzha,Alappuzha,Nallamoodu,9.246732,76.197893,semi-urban,166,6.96,False,2023,3,2023-03-01,23288.77,23288.77,222.1,157.78,0.0,False,0.985,0.5612,140.29,True,False,False
KL_0176,Alappuzha,Alappuzha,Nallamoodu,9.246732,76.197893,semi-urban,166,6.96,False,2023,4,2023-04-01,24993.57,24993.57,229.5,156.02,0.0,False,0.83,0.6023,150.56,True,False,False
KL_0176,Alappuzha,Alappuzha,Nallamoodu,9.246732,76.197893,semi-urban,166,6.96,False,2023,5,2023-05-01,25621.8,25621.8,207.2,180.96,0.0,False,0.865,0.6174,154.35,True,False,False
KL_0176,Alappuzha,Alappuzha,Nallamoodu,9.246732,76.197893,semi-urban,166,6.96,False,2023,6,2023-06-01,21089.05,21089.05,233.5,129.12,0.0,False,0.89,0.5082,127.04,False,True,False
KL_0176,Alappuzha,Alappuzha,Nallamoodu,9.246732,76.197893,semi-urban,166,6.96,False,2023,7,2023-07-01,20898.05,20898.05,233.5,115.99,0.0,False,0.885,0.5036,125.89,False,True,False
KL_0176,Alappuzha,Alappuzha,Nallamoodu,9.246732,76.197893,semi-urban,166,6.96,False,2023,8,2023-08-01,22192.13,22192.13,227.3,145.01,0.0,False,0.895,0.5348,133.69,False,True,False
KL_0176,Alappuzha,Alappuzha,Nallamoodu,9.246732,76.197893,semi-urban,166,6.96,False,2023,9,2023-09-01,29816.42,29816.42,221.1,178.32,0.0,False,0.896,0.7185,179.62,False,True,False
KL_0176,Alappuzha,Alappuzha,Nallamoodu,9.246732,76.197893,semi-urban,166,6.96,False,2023,10,2023-10-01,29053.0,29053.0,222.1,174.64,0.0,False,0.829,0.7001,175.02,False,False,False
KL_0176,Alappuzha,Alappuzha,Nallamoodu,9.246732,76.197893,semi-urban,166,6.96,False,2023,11,2023-11-01,16434.78,16434.78,233.0,97.78,0.0,False,0.91,0.396,99.0,False,False,False
KL_0176,Alappuzha,Alappuzha,Nallamoodu,9.246732,76.197893,semi-urban,166,6.96,False,2023,12,2023-12-01,28944.26,28944.26,227.6,185.18,0.0,False,0.844,0.6975,174.36,False,False,True
KL_0176,Alappuzha,Alappuzha,Nallamoodu,9.246732,76.197893,semi-urban,166,6.96,False,2024,1,2024-01-01,17806.31,17806.31,220.8,121.6,0.0,False,0.864,0.4291,107.27,False,False,True
KL_0176,Alappuzha,Alappuzha,Nallamoodu,9.246732,76.197893,semi-urban,166,6.96,False,2024,2,2024-02-01,22518.64,22518.64,225.6,132.36,0.0,False,0.881,0.5426,135.65,False,False,True
KL_0176,Alappuzha,Alappuzha,Nallamoodu,9.246732,76.197893,semi-urban,166,6.96,False,2024,3,2024-03-01,25201.33,25201.33,208.8,165.82,0.0,False,0.814,0.6073,151.82,True,False,False
KL_0176,Alappuzha,Alappuzha,Nallamoodu,9.246732,76.197893,semi-urban,166,6.96,False,2024,4,2024-04-01,22546.77,22546.77,215.7,133.72,0.0,False,0.872,0.5433,135.82,True,False,False
KL_0176,Alappuzha,Alappuzha,Nallamoodu,9.246732,76.197893,semi-urban,166,6.96,False,2024,5,2024-05-01,44469.12,44469.12,245.2,273.03,0.0,False,0.881,1.0715,267.89,True,False,False
KL_0176,Alappuzha,Alappuzha,Nallamoodu,9.246732,76.197893,semi-urban,166,6.96,False,2024,6,2024-06-01,26852.21,26852.21,206.8,182.65,0.0,False,0.755,0.647,161.76,False,True,False
KL_0176,Alappuzha,Alappuzha,Nallamoodu,9.246732,76.197893,semi-urban,166,6.96,False,2024,7,2024-07-01,25439.43,25439.43,251.0,137.11,0.0,False,0.92,0.613,153.25,False,True,False
KL_0176,Alappuzha,Alappuzha,Nallamoodu,9.246732,76.197893,semi-urban,166,6.96,False,2024,8,2024-08-01,13291.68,13291.68,232.1,75.7,0.0,False,0.809,0.3203,80.07,False,True,False
KL_0176,Alappuzha,Alappuzha,Nallamoodu,9.246732,76.197893,semi-urban,166,6.96,False,2024,9,2024-09-01,18776.83,18776.83,245.8,104.96,0.0,False,0.864,0.4525,113.11,False,True,False
KL_0176,Alappuzha,Alappuzha,Nallamoodu,9.246732,76.197893,semi-urban,166,6.96,False,2024,10,2024-10-01,27277.0,27277.0,216.6,166.13,0.0,False,0.926,0.6573,164.32,False,False,False
KL_0176,Alappuzha,Alappuzha,Nallamoodu,9.246732,76.197893,semi-urban,166,6.96,False,2024,11,2024-11-01,28786.27,28786.27,238.1,183.88,0.0,False,0.883,0.6936,173.41,False,False,False
KL_0176,Alappuzha,Alappuzha,Nallamoodu,9.246732,76.197893,semi-urban,166,6.96,False,2024,12,2024-12-01,21655.69,21655.69,223.5,122.87,0.0,False,0.902,0.5218,130.46,False,False,True
KL_0177,Malappuram,Manjeri,Thekkemoodu,11.094308,75.906475,rural,181,20.07,False,2023,1,2023-01-01,19636.79,19636.79,234.1,125.58,0.0,False,0.906,0.434,108.49,False,False,True
KL_0177,Malappuram,Manjeri,Thekkemoodu,11.094308,75.906475,rural,181,20.07,False,2023,2,2023-02-01,16454.69,16454.69,229.1,96.04,0.0,False,0.825,0.3636,90.91,False,False,True
KL_0177,Malappuram,Manjeri,Thekkemoodu,11.094308,75.906475,rural,181,20.07,False,2023,3,2023-03-01,23118.27,23118.27,232.1,139.33,0.0,False,0.798,0.5109,127.73,True,False,False
KL_0177,Malappuram,Manjeri,Thekkemoodu,11.094308,75.906475,rural,181,20.07,False,2023,4,2023-04-01,17937.48,17937.48,215.6,113.37,0.0,False,0.871,0.3964,99.1,True,False,False
KL_0177,Malappuram,Manjeri,Thekkemoodu,11.094308,75.906475,rural,181,20.07,False,2023,5,2023-05-01,15701.4,15701.4,222.2,93.89,0.0,False,0.886,0.347,86.75,True,False,False
KL_0177,Malappuram,Manjeri,Thekkemoodu,11.094308,75.906475,rural,181,20.07,False,2023,6,2023-06-01,13841.7,13841.7,207.0,89.06,0.0,False,0.905,0.3059,76.47,False,True,False
KL_0177,Malappuram,Manjeri,Thekkemoodu,11.094308,75.906475,rural,181,20.07,False,2023,7,2023-07-01,22450.76,22450.76,222.6,133.38,0.0,False,0.889,0.4961,124.04,False,True,False
KL_0177,Malappuram,Manjeri,Thekkemoodu,11.094308,75.906475,rural,181,20.07,False,2023,8,2023-08-01,16831.0,16831.0,228.1,111.1,0.0,False,0.825,0.372,92.99,False,True,False
KL_0177,Malappuram,Manjeri,Thekkemoodu,11.094308,75.906475,rural,181,20.07,False,2023,9,2023-09-01,12767.18,12767.18,227.5,77.76,0.0,False,0.894,0.2821,70.54,False,True,False
KL_0177,Malappuram,Manjeri,Thekkemoodu,11.094308,75.906475,rural,181,20.07,False,2023,10,2023-10-01,13948.37,13948.37,224.1,84.39,0.0,False,0.745,0.3083,77.06,False,False,False
KL_0177,Malappuram,Manjeri,Thekkemoodu,11.094308,75.906475,rural,181,20.07,False,2023,11,2023-11-01,9246.79,9246.79,229.0,58.97,0.0,False,0.914,0.2043,51.09,False,False,False
KL_0177,Malappuram,Manjeri,Thekkemoodu,11.094308,75.906475,rural,181,20.07,False,2023,12,2023-12-01,17320.84,17320.84,231.5,104.15,0.0,False,0.806,0.3828,95.7,False,False,True
KL_0177,Malappuram,Manjeri,Thekkemoodu,11.094308,75.906475,rural,181,20.07,False,2024,1,2024-01-01,16409.88,16409.88,237.4,102.91,0.0,False,0.804,0.3626,90.66,False,False,True
KL_0177,Malappuram,Manjeri,Thekkemoodu,11.094308,75.906475,rural,181,20.07,False,2024,2,2024-02-01,13578.26,13578.26,230.2,77.84,0.0,False,0.974,0.3001,75.02,False,False,True
KL_0177,Malappuram,Manjeri,Thekkemoodu,11.094308,75.906475,rural,181,20.07,False,2024,3,2024-03-01,11396.6,11396.6,212.0,67.94,0.0,False,0.853,0.2519,62.96,True,False,False
KL_0177,Malappuram,Manjeri,Thekkemoodu,11.094308,75.906475,rural,181,20.07,False,2024,4,2024-04-01,20610.4,20610.4,234.6,117.35,0.0,False,0.837,0.4555,113.87,True,False,False
KL_0177,Malappuram,Manjeri,Thekkemoodu,11.094308,75.906475,rural,181,20.07,False,2024,5,2024-05-01,19334.32,19334.32,228.5,116.1,0.0,False,0.792,0.4273,106.82,True,False,False
KL_0177,Malappuram,Manjeri,Thekkemoodu,11.094308,75.906475,rural,181,20.07,False,2024,6,2024-06-01,17311.16,17311.16,228.2,115.38,0.0,False,0.872,0.3826,95.64,False,True,False
KL_0177,Malappuram,Manjeri,Thekkemoodu,11.094308,75.906475,rural,181,20.07,False,2024,7,2024-07-01,19755.98,19755.98,223.4,111.19,0.0,False,0.89,0.4366,109.15,False,True,False
KL_0177,Malappuram,Manjeri,Thekkemoodu,11.094308,75.906475,rural,181,20.07,False,2024,8,2024-08-01,7326.84,7326.84,227.7,46.48,0.0,False,0.832,0.1619,40.48,False,True,False
KL_0177,Malappuram,Manjeri,Thekkemoodu,11.094308,75.906475,rural,181,20.07,False,2024,9,2024-09-01,8517.77,8517.77,230.4,53.0,0.0,False,0.743,0.1882,47.06,False,True,False
KL_0177,Malappuram,Manjeri,Thekkemoodu,11.094308,75.906475,rural,181,20.07,False,2024,10,2024-10-01,16635.93,16635.93,230.4,106.32,0.0,False,0.931,0.3676,91.91,False,False,False
KL_0177,Malappuram,Manjeri,Thekkemoodu,11.094308,75.906475,rural,181,20.07,False,2024,11,2024-11-01,13255.92,13255.92,234.1,72.73,0.0,False,0.836,0.2929,73.24,False,False,False
KL_0177,Malappuram,Manjeri,Thekkemoodu,11.094308,75.906475,rural,181,20.07,False,2024,12,2024-12-01,22284.56,22284.56,227.8,124.38,0.0,False,0.834,0.4925,123.12,False,False,True
KL_0178,Malappuram,Tirur,Kallavayal,10.753203,76.017685,rural,131,20.58,False,2023,1,2023-01-01,11191.93,11191.93,223.6,64.34,0.0,False,0.848,0.3417,85.43,False,False,True
KL_0178,Malappuram,Tirur,Kallavayal,10.753203,76.017685,rural,131,20.58,False,2023,2,2023-02-01,11515.03,11515.03,227.5,70.78,0.0,False,0.81,0.3516,87.9,False,False,True
KL_0178,Malappuram,Tirur,Kallavayal,10.753203,76.017685,rural,131,20.58,False,2023,3,2023-03-01,11046.39,11046.39,214.7,73.54,0.0,False,0.914,0.3373,84.32,True,False,False
KL_0178,Malappuram,Tirur,Kallavayal,10.753203,76.017685,rural,131,20.58,False,2023,4,2023-04-01,8835.69,8835.69,232.0,56.62,0.0,False,0.886,0.2698,67.45,True,False,False
KL_0178,Malappuram,Tirur,Kallavayal,10.753203,76.017685,rural,131,20.58,False,2023,5,2023-05-01,7405.53,7405.53,232.4,47.47,0.0,False,0.874,0.2261,56.53,True,False,False
KL_0178,Malappuram,Tirur,Kallavayal,10.753203,76.017685,rural,131,20.58,False,2023,6,2023-06-01,15303.11,15303.11,229.9,91.93,0.0,False,0.966,0.4673,116.82,False,True,False
KL_0178,Malappuram,Tirur,Kallavayal,10.753203,76.017685,rural,131,20.58,False,2023,7,2023-07-01,8401.16,8401.16,225.5,50.04,0.0,False,0.815,0.2565,64.13,False,True,False
KL_0178,Malappuram,Tirur,Kallavayal,10.753203,76.017685,rural,131,20.58,False,2023,8,2023-08-01,13359.83,13359.83,226.4,85.96,0.0,False,0.914,0.4079,101.98,False,True,False
KL_0178,Malappuram,Tirur,Kallavayal,10.753203,76.017685,rural,131,20.58,False,2023,9,2023-09-01,4364.94,4364.94,221.9,27.89,0.0,False,0.739,0.1333,33.32,False,True,False
KL_0178,Malappuram,Tirur,Kallavayal,10.753203,76.017685,rural,131,20.58,False,2023,10,2023-10-01,9508.52,9508.52,227.2,63.3,0.0,False,0.882,0.2903,72.58,False,False,False
KL_0178,Malappuram,Tirur,Kallavayal,10.753203,76.017685,rural,131,20.58,False,2023,11,2023-11-01,11664.89,11664.89,227.7,75.11,0.0,False,0.963,0.3562,89.04,False,False,False
KL_0178,Malappuram,Tirur,Kallavayal,10.753203,76.017685,rural,131,20.58,False,2023,12,2023-12-01,6841.39,6841.39,235.2,44.22,0.0,False,0.798,0.2089,52.22,False,False,True
KL_0178,Malappuram,Tirur,Kallavayal,10.753203,76.017685,rural,131,20.58,False,2024,1,2024-01-01,7510.34,7510.34,224.6,50.4,0.0,False,0.932,0.2293,57.33,False,False,True
KL_0178,Malappuram,Tirur,Kallavayal,10.753203,76.017685,rural,131,20.58,False,2024,2,2024-02-01,8807.41,8807.41,231.2,52.68,0.0,False,0.781,0.2689,67.23,False,False,True
KL_0178,Malappuram,Tirur,Kallavayal,10.753203,76.017685,rural,131,20.58,False,2024,3,2024-03-01,10167.52,10167.52,231.5,55.4,0.0,False,0.954,0.3105,77.61,True,False,False
KL_0178,Malappuram,Tirur,Kallavayal,10.753203,76.017685,rural,131,20.58,False,2024,4,2024-04-01,8790.47,8790.47,222.6,54.99,0.0,False,0.827,0.2684,67.1,True,False,False
KL_0178,Malappuram,Tirur,Kallavayal,10.753203,76.017685,rural,131,20.58,False,2024,5,2024-05-01,14763.32,14763.32,224.9,85.65,0.0,False,0.813,0.4508,112.7,True,False,False
KL_0178,Malappuram,Tirur,Kallavayal,10.753203,76.017685,rural,131,20.58,False,2024,6,2024-06-01,15059.17,15059.17,207.8,102.04,0.0,False,0.823,0.4598,114.96,False,True,False
KL_0178,Malappuram,Tirur,Kallavayal,10.753203,76.017685,rural,131,20.58,False,2024,7,2024-07-01,9338.55,9338.55,215.6,65.32,0.0,False,0.852,0.2851,71.29,False,True,False
KL_0178,Malappuram,Tirur,Kallavayal,10.753203,76.017685,rural,131,20.58,False,2024,8,2024-08-01,9452.06,9452.06,228.3,59.16,0.0,False,0.842,0.2886,72.15,False,True,False
KL_0178,Malappuram,Tirur,Kallavayal,10.753203,76.017685,rural,131,20.58,False,2024,9,2024-09-01,5601.98,5601.98,237.2,31.13,0.0,False,0.847,0.1711,42.76,False,True,False
KL_0178,Malappuram,Tirur,Kallavayal,10.753203,76.017685,rural,131,20.58,False,2024,10,2024-10-01,9210.18,9210.18,229.2,58.32,0.0,False,0.866,0.2812,70.31,False,False,False
KL_0178,Malappuram,Tirur,Kallavayal,10.753203,76.017685,rural,131,20.58,False,2024,11,2024-11-01,13125.05,13125.05,226.3,74.84,0.0,False,0.862,0.4008,100.19,False,False,False
KL_0178,Malappuram,Tirur,Kallavayal,10.753203,76.017685,rural,131,20.58,False,2024,12,2024-12-01,8479.96,8479.96,224.3,47.72,0.0,False,0.85,0.2589,64.73,False,False,True
KL_0179,Kottayam,Kottayam,Muthathara,9.38084,76.87334,semi-urban,79,4.15,False,2023,1,2023-01-01,13055.6,13055.6,226.1,77.0,0.0,False,0.828,0.661,165.26,False,False,True
KL_0179,Kottayam,Kottayam,Muthathara,9.38084,76.87334,semi-urban,79,4.15,False,2023,2,2023-02-01,10952.59,10952.59,219.9,63.84,0.0,False,0.871,0.5546,138.64,False,False,True
KL_0179,Kottayam,Kottayam,Muthathara,9.38084,76.87334,semi-urban,79,4.15,False,2023,3,2023-03-01,11827.48,11827.48,234.3,65.4,0.0,False,0.869,0.5989,149.71,True,False,False
KL_0179,Kottayam,Kottayam,Muthathara,9.38084,76.87334,semi-urban,79,4.15,False,2023,4,2023-04-01,7016.01,7016.01,245.0,38.44,0.0,False,0.866,0.3552,88.81,True,False,False
KL_0179,Kottayam,Kottayam,Muthathara,9.38084,76.87334,semi-urban,79,4.15,False,2023,5,2023-05-01,9061.76,9061.76,235.8,56.25,0.0,False,0.85,0.4588,114.71,True,False,False
KL_0179,Kottayam,Kottayam,Muthathara,9.38084,76.87334,semi-urban,79,4.15,False,2023,6,2023-06-01,12091.92,12091.92,235.6,70.15,0.0,False,0.815,0.6122,153.06,False,True,False
KL_0179,Kottayam,Kottayam,Muthathara,9.38084,76.87334,semi-urban,79,4.15,False,2023,7,2023-07-01,10486.76,10486.76,226.2,64.52,0.0,False,0.854,0.531,132.74,False,True,False
KL_0179,Kottayam,Kottayam,Muthathara,9.38084,76.87334,semi-urban,79,4.15,False,2023,8,2023-08-01,9806.18,9806.18,229.7,57.99,0.0,False,0.836,0.4965,124.13,False,True,False
KL_0179,Kottayam,Kottayam,Muthathara,9.38084,76.87334,semi-urban,79,4.15,False,2023,9,2023-09-01,9615.92,9615.92,234.2,57.4,0.0,False,0.747,0.4869,121.72,False,True,False
KL_0179,Kottayam,Kottayam,Muthathara,9.38084,76.87334,semi-urban,79,4.15,False,2023,10,2023-10-01,16483.6,16483.6,220.7,108.01,0.0,False,0.9,0.8346,208.65,False,False,False
KL_0179,Kottayam,Kottayam,Muthathara,9.38084,76.87334,semi-urban,79,4.15,False,2023,11,2023-11-01,8862.94,8862.94,234.7,53.83,0.0,False,0.863,0.4488,112.19,False,False,False
KL_0179,Kottayam,Kottayam,Muthathara,9.38084,76.87334,semi-urban,79,4.15,False,2023,12,2023-12-01,11584.36,11584.36,226.8,67.49,0.0,False,0.849,0.5865,146.64,False,False,True
KL_0179,Kottayam,Kottayam,Muthathara,9.38084,76.87334,semi-urban,79,4.15,False,2024,1,2024-01-01,12862.14,12862.14,217.2,75.25,0.0,False,0.876,0.6512,162.81,False,False,True
KL_0179,Kottayam,Kottayam,Muthathara,9.38084,76.87334,semi-urban,79,4.15,False,2024,2,2024-02-01,7289.92,7289.92,220.8,46.31,0.0,False,0.812,0.3691,92.28,False,False,True
KL_0179,Kottayam,Kottayam,Muthathara,9.38084,76.87334,semi-urban,79,4.15,False,2024,3,2024-03-01,8860.01,8860.01,230.7,48.84,0.0,False,0.918,0.4486,112.15,True,False,False
KL_0179,Kottayam,Kottayam,Muthathara,9.38084,76.87334,semi-urban,79,4.15,False,2024,4,2024-04-01,7112.49,7112.49,224.0,48.06,0.0,False,0.91,0.3601,90.03,True,False,False
KL_0179,Kottayam,Kottayam,Muthathara,9.38084,76.87334,semi-urban,79,4.15,False,2024,5,2024-05-01,15616.08,15616.08,223.9,100.56,0.0,False,0.792,0.7907,197.67,True,False,False
KL_0179,Kottayam,Kottayam,Muthathara,9.38084,76.87334,semi-urban,79,4.15,False,2024,6,2024-06-01,10358.28,10358.28,225.9,67.03,0.0,False,0.818,0.5245,131.12,False,True,False
KL_0179,Kottayam,Kottayam,Muthathara,9.38084,76.87334,semi-urban,79,4.15,False,2024,7,2024-07-01,10223.87,10223.87,229.7,66.63,0.0,False,0.884,0.5177,129.42,False,True,False
KL_0179,Kottayam,Kottayam,Muthathara,9.38084,76.87334,semi-urban,79,4.15,False,2024,8,2024-08-01,9501.16,9501.16,215.0,55.52,0.0,False,0.862,0.4811,120.27,False,True,False
KL_0179,Kottayam,Kottayam,Muthathara,9.38084,76.87334,semi-urban,79,4.15,False,2024,9,2024-09-01,6986.86,6986.86,228.9,46.45,0.0,False,0.849,0.3538,88.44,False,True,False
KL_0179,Kottayam,Kottayam,Muthathara,9.38084,76.87334,semi-urban,79,4.15,False,2024,10,2024-10-01,11244.68,11244.68,224.1,63.0,0.0,False,0.872,0.5694,142.34,False,False,False
KL_0179,Kottayam,Kottayam,Muthathara,9.38084,76.87334,semi-urban,79,4.15,False,2024,11,2024-11-01,9385.99,9385.99,229.0,54.28,0.0,False,0.756,0.4752,118.81,False,False,False
KL_0179,Kottayam,Kottayam,Muthathara,9.38084,76.87334,semi-urban,79,4.15,False,2024,12,2024-12-01,7952.78,7952.78,219.9,51.56,0.0,False,0.804,0.4027,100.67,False,False,True
KL_0180,Idukki,Munnar,Kallapara,10.190364,77.46457,rural,49,15.48,False,2023,1,2023-01-01,4828.64,4828.64,229.5,28.82,0.0,False,0.82,0.3942,98.54,False,False,True
KL_0180,Idukki,Munnar,Kallapara,10.190364,77.46457,rural,49,15.48,False,2023,2,2023-02-01,1975.62,1975.62,222.0,11.99,0.0,False,0.888,0.1613,40.32,False,False,True
KL_0180,Idukki,Munnar,Kallapara,10.190364,77.46457,rural,49,15.48,False,2023,3,2023-03-01,4174.88,4174.88,233.0,22.76,0.0,False,0.742,0.3408,85.2,True,False,False
KL_0180,Idukki,Munnar,Kallapara,10.190364,77.46457,rural,49,15.48,False,2023,4,2023-04-01,2538.26,2538.26,233.3,16.32,0.0,False,0.859,0.2072,51.8,True,False,False
KL_0180,Idukki,Munnar,Kallapara,10.190364,77.46457,rural,49,15.48,False,2023,5,2023-05-01,5646.69,5646.69,232.5,30.6,0.0,False,0.831,0.461,115.24,True,False,False
KL_0180,Idukki,Munnar,Kallapara,10.190364,77.46457,rural,49,15.48,False,2023,6,2023-06-01,6163.25,6163.25,224.5,41.71,0.0,False,0.883,0.5031,125.78,False,True,False
KL_0180,Idukki,Munnar,Kallapara,10.190364,77.46457,rural,49,15.48,False,2023,7,2023-07-01,3777.4,3777.4,238.7,21.26,0.0,False,0.89,0.3084,77.09,False,True,False
KL_0180,Idukki,Munnar,Kallapara,10.190364,77.46457,rural,49,15.48,False,2023,8,2023-08-01,5389.97,5389.97,237.8,31.8,0.0,False,0.935,0.44,110.0,False,True,False
KL_0180,Idukki,Munnar,Kallapara,10.190364,77.46457,rural,49,15.48,False,2023,9,2023-09-01,3014.14,3014.14,226.9,19.98,0.0,False,0.791,0.2461,61.51,False,True,False
KL_0180,Idukki,Munnar,Kallapara,10.190364,77.46457,rural,49,15.48,False,2023,10,2023-10-01,5056.33,5056.33,235.9,29.23,0.0,False,0.809,0.4128,103.19,False,False,False
KL_0180,Idukki,Munnar,Kallapara,10.190364,77.46457,rural,49,15.48,False,2023,11,2023-11-01,4919.23,4919.23,224.2,30.83,0.0,False,0.852,0.4016,100.39,False,False,False
KL_0180,Idukki,Munnar,Kallapara,10.190364,77.46457,rural,49,15.48,False,2023,12,2023-12-01,4810.63,4810.63,220.3,29.04,0.0,False,0.921,0.3927,98.18,False,False,True
KL_0180,Idukki,Munnar,Kallapara,10.190364,77.46457,rural,49,15.48,False,2024,1,2024-01-01,3237.09,3237.09,226.1,18.1,0.0,False,0.872,0.2643,66.06,False,False,True
KL_0180,Idukki,Munnar,Kallapara,10.190364,77.46457,rural,49,15.48,False,2024,2,2024-02-01,4521.08,4521.08,233.5,25.15,0.0,False,0.855,0.3691,92.27,False,False,True
KL_0180,Idukki,Munnar,Kallapara,10.190364,77.46457,rural,49,15.48,False,2024,3,2024-03-01,3978.71,3978.71,232.2,22.13,0.0,False,0.911,0.3248,81.2,True,False,False
KL_0180,Idukki,Munnar,Kallapara,10.190364,77.46457,rural,49,15.48,False,2024,4,2024-04-01,5383.03,5383.03,215.2,34.03,0.0,False,0.83,0.4394,109.86,True,False,False
KL_0180,Idukki,Munnar,Kallapara,10.190364,77.46457,rural,49,15.48,False,2024,5,2024-05-01,4337.67,4337.67,223.5,29.25,0.0,False,0.908,0.3541,88.52,True,False,False
KL_0180,Idukki,Munnar,Kallapara,10.190364,77.46457,rural,49,15.48,False,2024,6,2024-06-01,3710.45,3710.45,222.0,24.76,0.0,False,0.937,0.3029,75.72,False,True,False
KL_0180,Idukki,Munnar,Kallapara,10.190364,77.46457,rural,49,15.48,False,2024,7,2024-07-01,4880.82,4880.82,227.8,32.62,0.0,False,0.842,0.3984,99.61,False,True,False
KL_0180,Idukki,Munnar,Kallapara,10.190364,77.46457,rural,49,15.48,False,2024,8,2024-08-01,1166.54,1166.54,231.5,6.81,0.0,False,0.773,0.0952,23.81,False,True,False
KL_0180,Idukki,Munnar,Kallapara,10.190364,77.46457,rural,49,15.48,False,2024,9,2024-09-01,3379.58,3379.58,232.5,19.43,0.0,False,0.857,0.2759,68.97,False,True,False
KL_0180,Idukki,Munnar,Kallapara,10.190364,77.46457,rural,49,15.48,False,2024,10,2024-10-01,4838.18,4838.18,224.0,31.44,0.0,False,0.932,0.395,98.74,False,False,False
KL_0180,Idukki,Munnar,Kallapara,10.190364,77.46457,rural,49,15.48,False,2024,11,2024-11-01,1139.79,1139.79,234.5,6.63,0.0,False,0.875,0.093,23.26,False,False,False
KL_0180,Idukki,Munnar,Kallapara,10.190364,77.46457,rural,49,15.48,False,2024,12,2024-12-01,2655.31,2655.31,226.5,15.0,0.0,False,0.781,0.2168,54.19,False,False,True
KL_0181,Ernakulam,Kochi,Thodupuram,9.920072,76.193686,rural,157,8.54,True,2023,1,2023-01-01,11813.23,11813.23,220.4,78.31,0.0,False,0.914,0.301,75.24,False,False,True
KL_0181,Ernakulam,Kochi,Thodupuram,9.920072,76.193686,rural,157,8.54,True,2023,2,2023-02-01,10294.08,10294.08,236.7,64.91,0.0,False,0.89,0.2623,65.57,False,False,True
KL_0181,Ernakulam,Kochi,Thodupuram,9.920072,76.193686,rural,157,8.54,True,2023,3,2023-03-01,12293.52,12293.52,208.3,81.84,0.0,False,0.9,0.3132,78.3,True,False,False
KL_0181,Ernakulam,Kochi,Thodupuram,9.920072,76.193686,rural,157,8.54,True,2023,4,2023-04-01,10830.65,10830.65,227.3,60.23,0.0,False,0.907,0.2759,68.99,True,False,False
KL_0181,Ernakulam,Kochi,Thodupuram,9.920072,76.193686,rural,157,8.54,True,2023,5,2023-05-01,16419.33,16419.33,227.6,93.11,0.0,False,0.823,0.4183,104.58,True,False,False
KL_0181,Ernakulam,Kochi,Thodupuram,9.920072,76.193686,rural,157,8.54,True,2023,6,2023-06-01,8005.28,8005.28,230.5,45.46,0.0,False,0.903,0.204,50.99,False,True,False
KL_0181,Ernakulam,Kochi,Thodupuram,9.920072,76.193686,rural,157,8.54,True,2023,7,2023-07-01,16191.32,16191.32,239.6,100.7,0.0,False,0.818,0.4125,103.13,False,True,False
KL_0181,Ernakulam,Kochi,Thodupuram,9.920072,76.193686,rural,157,8.54,True,2023,8,2023-08-01,13513.46,13513.46,220.2,77.58,0.0,False,0.791,0.3443,86.07,False,True,False
KL_0181,Ernakulam,Kochi,Thodupuram,9.920072,76.193686,rural,157,8.54,True,2023,9,2023-09-01,17254.22,17254.22,234.2,100.11,0.0,False,0.809,0.4396,109.9,False,True,False
KL_0181,Ernakulam,Kochi,Thodupuram,9.920072,76.193686,rural,157,8.54,True,2023,10,2023-10-01,17306.08,17306.08,227.3,97.09,0.0,False,0.885,0.4409,110.23,False,False,False
KL_0181,Ernakulam,Kochi,Thodupuram,9.920072,76.193686,rural,157,8.54,True,2023,11,2023-11-01,17232.04,17232.04,227.8,97.88,0.0,False,0.83,0.439,109.76,False,False,False
KL_0181,Ernakulam,Kochi,Thodupuram,9.920072,76.193686,rural,157,8.54,True,2023,12,2023-12-01,7848.75,7848.75,236.6,43.87,0.0,False,0.924,0.2,49.99,False,False,True
KL_0181,Ernakulam,Kochi,Thodupuram,9.920072,76.193686,rural,157,8.54,True,2024,1,2024-01-01,9437.29,9437.29,232.7,56.59,0.0,False,0.906,0.2404,60.11,False,False,True
KL_0181,Ernakulam,Kochi,Thodupuram,9.920072,76.193686,rural,157,8.54,True,2024,2,2024-02-01,10972.17,10972.17,213.2,70.74,0.0,False,0.884,0.2795,69.89,False,False,True
KL_0181,Ernakulam,Kochi,Thodupuram,9.920072,76.193686,rural,157,8.54,True,2024,3,2024-03-01,10824.66,10824.66,243.9,56.2,0.0,False,0.919,0.2758,68.95,True,False,False
KL_0181,Ernakulam,Kochi,Thodupuram,9.920072,76.193686,rural,157,8.54,True,2024,4,2024-04-01,17077.16,17077.16,208.4,118.42,0.0,False,0.791,0.4351,108.77,True,False,False
KL_0181,Ernakulam,Kochi,Thodupuram,9.920072,76.193686,rural,157,8.54,True,2024,5,2024-05-01,10122.01,10122.01,225.0,65.82,0.0,False,0.898,0.2579,64.47,True,False,False
KL_0181,Ernakulam,Kochi,Thodupuram,9.920072,76.193686,rural,157,8.54,True,2024,6,2024-06-01,18902.25,18902.25,224.3,118.01,0.0,False,0.879,0.4816,120.4,False,True,False
KL_0181,Ernakulam,Kochi,Thodupuram,9.920072,76.193686,rural,157,8.54,True,2024,7,2024-07-01,9453.65,9453.65,228.9,62.38,0.0,False,0.786,0.2409,60.21,False,True,False
KL_0181,Ernakulam,Kochi,Thodupuram,9.920072,76.193686,rural,157,8.54,True,2024,8,2024-08-01,14017.49,14017.49,238.3,78.49,0.0,False,0.814,0.3571,89.28,False,True,False
KL_0181,Ernakulam,Kochi,Thodupuram,9.920072,76.193686,rural,157,8.54,True,2024,9,2024-09-01,20223.67,20223.67,236.4,118.38,0.0,False,0.842,0.5153,128.81,False,True,False
KL_0181,Ernakulam,Kochi,Thodupuram,9.920072,76.193686,rural,157,8.54,True,2024,10,2024-10-01,14338.14,14338.14,219.2,95.07,0.0,False,0.841,0.3653,91.33,False,False,False
KL_0181,Ernakulam,Kochi,Thodupuram,9.920072,76.193686,rural,157,8.54,True,2024,11,2024-11-01,21227.69,21227.69,230.2,123.24,0.0,False,0.848,0.5408,135.21,False,False,False
KL_0181,Ernakulam,Kochi,Thodupuram,9.920072,76.193686,rural,157,8.54,True,2024,12,2024-12-01,10865.5,10865.5,227.6,66.66,0.0,False,0.819,0.2768,69.21,False,False,True
KL_0182,Thrissur,Kodungallur,Muthaveli,10.6685,76.055711,semi-urban,80,6.76,False,2023,1,2023-01-01,9013.11,9013.11,221.7,58.19,0.0,False,0.924,0.4507,112.66,False,False,True
KL_0182,Thrissur,Kodungallur,Muthaveli,10.6685,76.055711,semi-urban,80,6.76,False,2023,2,2023-02-01,9106.48,9106.48,223.8,54.78,0.0,False,0.788,0.4553,113.83,False,False,True
KL_0182,Thrissur,Kodungallur,Muthaveli,10.6685,76.055711,semi-urban,80,6.76,False,2023,3,2023-03-01,12853.34,12853.34,223.1,83.48,0.0,False,0.79,0.6427,160.67,True,False,False
KL_0182,Thrissur,Kodungallur,Muthaveli,10.6685,76.055711,semi-urban,80,6.76,False,2023,4,2023-04-01,9414.27,9414.27,230.4,54.05,0.0,False,0.803,0.4707,117.68,True,False,False
KL_0182,Thrissur,Kodungallur,Muthaveli,10.6685,76.055711,semi-urban,80,6.76,False,2023,5,2023-05-01,12674.53,12674.53,225.3,75.51,0.0,False,0.818,0.6337,158.43,True,False,False
KL_0182,Thrissur,Kodungallur,Muthaveli,10.6685,76.055711,semi-urban,80,6.76,False,2023,6,2023-06-01,10896.1,10896.1,235.0,66.95,0.0,False,0.814,0.5448,136.2,False,True,False
KL_0182,Thrissur,Kodungallur,Muthaveli,10.6685,76.055711,semi-urban,80,6.76,False,2023,7,2023-07-01,11728.13,11728.13,239.3,72.38,0.0,False,0.934,0.5864,146.6,False,True,False
KL_0182,Thrissur,Kodungallur,Muthaveli,10.6685,76.055711,semi-urban,80,6.76,False,2023,8,2023-08-01,8913.61,8913.61,227.3,59.3,0.0,False,0.817,0.4457,111.42,False,True,False
KL_0182,Thrissur,Kodungallur,Muthaveli,10.6685,76.055711,semi-urban,80,6.76,False,2023,9,2023-09-01,6629.17,6629.17,205.8,42.35,0.0,False,0.844,0.3315,82.86,False,True,False
KL_0182,Thrissur,Kodungallur,Muthaveli,10.6685,76.055711,semi-urban,80,6.76,False,2023,10,2023-10-01,13676.74,13676.74,226.0,91.68,0.0,False,0.787,0.6838,170.96,False,False,False
KL_0182,Thrissur,Kodungallur,Muthaveli,10.6685,76.055711,semi-urban,80,6.76,False,2023,11,2023-11-01,7085.76,7085.76,239.3,40.5,0.0,False,0.827,0.3543,88.57,False,False,False
KL_0182,Thrissur,Kodungallur,Muthaveli,10.6685,76.055711,semi-urban,80,6.76,False,2023,12,2023-12-01,12519.17,12519.17,217.4,74.2,0.0,False,0.88,0.626,156.49,False,False,True
KL_0182,Thrissur,Kodungallur,Muthaveli,10.6685,76.055711,semi-urban,80,6.76,False,2024,1,2024-01-01,10202.17,10202.17,218.4,68.07,0.0,False,0.884,0.5101,127.53,False,False,True
KL_0182,Thrissur,Kodungallur,Muthaveli,10.6685,76.055711,semi-urban,80,6.76,False,2024,2,2024-02-01,11874.16,11874.16,228.2,68.63,0.0,False,0.899,0.5937,148.43,False,False,True
KL_0182,Thrissur,Kodungallur,Muthaveli,10.6685,76.055711,semi-urban,80,6.76,False,2024,3,2024-03-01,10258.46,10258.46,224.7,66.71,0.0,False,0.8,0.5129,128.23,True,False,False
KL_0182,Thrissur,Kodungallur,Muthaveli,10.6685,76.055711,semi-urban,80,6.76,False,2024,4,2024-04-01,17840.26,17840.26,227.8,118.97,0.0,False,0.816,0.892,223.0,True,False,False
KL_0182,Thrissur,Kodungallur,Muthaveli,10.6685,76.055711,semi-urban,80,6.76,False,2024,5,2024-05-01,18966.3,18966.3,234.0,107.34,0.0,False,0.891,0.9483,237.08,True,False,False
KL_0182,Thrissur,Kodungallur,Muthaveli,10.6685,76.055711,semi-urban,80,6.76,False,2024,6,2024-06-01,10630.58,10630.58,238.7,56.75,0.0,False,0.849,0.5315,132.88,False,True,False
KL_0182,Thrissur,Kodungallur,Muthaveli,10.6685,76.055711,semi-urban,80,6.76,False,2024,7,2024-07-01,7105.22,7105.22,231.5,46.75,0.0,False,0.847,0.3553,88.82,False,True,False
KL_0182,Thrissur,Kodungallur,Muthaveli,10.6685,76.055711,semi-urban,80,6.76,False,2024,8,2024-08-01,11531.86,11531.86,216.3,79.39,0.0,False,0.88,0.5766,144.15,False,True,False
KL_0182,Thrissur,Kodungallur,Muthaveli,10.6685,76.055711,semi-urban,80,6.76,False,2024,9,2024-09-01,7804.72,7804.72,222.9,45.17,0.0,False,0.9,0.3902,97.56,False,True,False
KL_0182,Thrissur,Kodungallur,Muthaveli,10.6685,76.055711,semi-urban,80,6.76,False,2024,10,2024-10-01,13683.46,13683.46,217.6,80.94,0.0,False,0.815,0.6842,171.04,False,False,False
KL_0182,Thrissur,Kodungallur,Muthaveli,10.6685,76.055711,semi-urban,80,6.76,False,2024,11,2024-11-01,10487.59,10487.59,223.5,68.83,0.0,False,0.845,0.5244,131.09,False,False,False
KL_0182,Thrissur,Kodungallur,Muthaveli,10.6685,76.055711,semi-urban,80,6.76,False,2024,12,2024-12-01,12282.75,12282.75,232.5,68.41,0.0,False,0.844,0.6141,153.53,False,False,True
KL_0183,Malappuram,Tirur,Cherapuram,10.75738,75.9449,rural,132,15.64,False,2023,1,2023-01-01,7266.3,7266.3,225.2,48.23,0.0,False,0.802,0.2202,55.05,False,False,True
KL_0183,Malappuram,Tirur,Cherapuram,10.75738,75.9449,rural,132,15.64,False,2023,2,2023-02-01,11804.15,11804.15,219.5,76.08,0.0,False,0.865,0.3577,89.43,False,False,True
KL_0183,Malappuram,Tirur,Cherapuram,10.75738,75.9449,rural,132,15.64,False,2023,3,2023-03-01,7605.1,7605.1,235.6,42.14,0.0,False,0.823,0.2305,57.61,True,False,False
KL_0183,Malappuram,Tirur,Cherapuram,10.75738,75.9449,rural,132,15.64,False,2023,4,2023-04-01,13734.86,13734.86,221.5,77.54,0.0,False,0.85,0.4162,104.05,True,False,False
KL_0183,Malappuram,Tirur,Cherapuram,10.75738,75.9449,rural,132,15.64,False,2023,5,2023-05-01,12921.16,12921.16,215.0,86.16,0.0,False,0.882,0.3916,97.89,True,False,False
KL_0183,Malappuram,Tirur,Cherapuram,10.75738,75.9449,rural,132,15.64,False,2023,6,2023-06-01,16886.65,16886.65,237.2,107.88,0.0,False,0.863,0.5117,127.93,False,True,False
KL_0183,Malappuram,Tirur,Cherapuram,10.75738,75.9449,rural,132,15.64,False,2023,7,2023-07-01,11935.81,11935.81,234.2,66.48,0.0,False,0.806,0.3617,90.42,False,True,False
KL_0183,Malappuram,Tirur,Cherapuram,10.75738,75.9449,rural,132,15.64,False,2023,8,2023-08-01,11125.18,11125.18,229.2,72.83,0.0,False,0.86,0.3371,84.28,False,True,False
KL_0183,Malappuram,Tirur,Cherapuram,10.75738,75.9449,rural,132,15.64,False,2023,9,2023-09-01,8274.38,8274.38,228.9,46.87,0.0,False,0.857,0.2507,62.68,False,True,False
KL_0183,Malappuram,Tirur,Cherapuram,10.75738,75.9449,rural,132,15.64,False,2023,10,2023-10-01,9381.2,9381.2,223.2,53.86,0.0,False,0.822,0.2843,71.07,False,False,False
KL_0183,Malappuram,Tirur,Cherapuram,10.75738,75.9449,rural,132,15.64,False,2023,11,2023-11-01,14631.01,14631.01,223.9,84.07,0.0,False,0.807,0.4434,110.84,False,False,False
KL_0183,Malappuram,Tirur,Cherapuram,10.75738,75.9449,rural,132,15.64,False,2023,12,2023-12-01,6037.49,6037.49,218.3,39.47,0.0,False,0.858,0.183,45.74,False,False,True
KL_0183,Malappuram,Tirur,Cherapuram,10.75738,75.9449,rural,132,15.64,False,2024,1,2024-01-01,10868.8,10868.8,225.7,68.67,0.0,False,0.78,0.3294,82.34,False,False,True
KL_0183,Malappuram,Tirur,Cherapuram,10.75738,75.9449,rural,132,15.64,False,2024,2,2024-02-01,13846.72,13846.72,236.5,75.79,0.0,False,0.797,0.4196,104.9,False,False,True
KL_0183,Malappuram,Tirur,Cherapuram,10.75738,75.9449,rural,132,15.64,False,2024,3,2024-03-01,6561.61,6561.61,237.1,41.74,0.0,False,0.786,0.1988,49.71,True,False,False
KL_0183,Malappuram,Tirur,Cherapuram,10.75738,75.9449,rural,132,15.64,False,2024,4,2024-04-01,7674.97,7674.97,234.6,41.0,0.0,False,0.789,0.2326,58.14,True,False,False
KL_0183,Malappuram,Tirur,Cherapuram,10.75738,75.9449,rural,132,15.64,False,2024,5,2024-05-01,14864.17,14864.17,235.3,86.41,0.0,False,0.826,0.4504,112.61,True,False,False
KL_0183,Malappuram,Tirur,Cherapuram,10.75738,75.9449,rural,132,15.64,False,2024,6,2024-06-01,12956.68,12956.68,225.5,86.17,0.0,False,0.903,0.3926,98.16,False,True,False
KL_0183,Malappuram,Tirur,Cherapuram,10.75738,75.9449,rural,132,15.64,False,2024,7,2024-07-01,18633.77,18633.77,214.6,131.83,0.0,False,0.881,0.5647,141.16,False,True,False
KL_0183,Malappuram,Tirur,Cherapuram,10.75738,75.9449,rural,132,15.64,False,2024,8,2024-08-01,9898.54,9898.54,227.2,63.55,0.0,False,0.906,0.3,74.99,False,True,False
KL_0183,Malappuram,Tirur,Cherapuram,10.75738,75.9449,rural,132,15.64,False,2024,9,2024-09-01,10133.06,10133.06,233.6,63.26,0.0,False,0.819,0.3071,76.77,False,True,False
KL_0183,Malappuram,Tirur,Cherapuram,10.75738,75.9449,rural,132,15.64,False,2024,10,2024-10-01,19561.36,19561.36,223.0,127.58,0.0,False,0.749,0.5928,148.19,False,False,False
KL_0183,Malappuram,Tirur,Cherapuram,10.75738,75.9449,rural,132,15.64,False,2024,11,2024-11-01,18483.72,18483.72,227.5,114.98,0.0,False,0.82,0.5601,140.03,False,False,False
KL_0183,Malappuram,Tirur,Cherapuram,10.75738,75.9449,rural,132,15.64,False,2024,12,2024-12-01,8563.24,8563.24,233.4,46.73,0.0,False,0.906,0.2595,64.87,False,False,True
KL_0184,Thiruvananthapuram,Thiruvananthapuram,Melakavu,8.544955,76.801742,rural,194,21.8,False,2023,1,2023-01-01,10908.47,10908.47,223.1,70.3,0.0,False,0.83,0.2249,56.23,False,False,True
KL_0184,Thiruvananthapuram,Thiruvananthapuram,Melakavu,8.544955,76.801742,rural,194,21.8,False,2023,2,2023-02-01,15406.03,15406.03,223.9,94.51,0.0,False,0.849,0.3177,79.41,False,False,True
KL_0184,Thiruvananthapuram,Thiruvananthapuram,Melakavu,8.544955,76.801742,rural,194,21.8,False,2023,3,2023-03-01,16776.46,16776.46,230.0,92.5,0.0,False,0.839,0.3459,86.48,True,False,False
KL_0184,Thiruvananthapuram,Thiruvananthapuram,Melakavu,8.544955,76.801742,rural,194,21.8,False,2023,4,2023-04-01,25349.85,25349.85,227.5,169.61,0.0,False,0.885,0.5227,130.67,True,False,False
KL_0184,Thiruvananthapuram,Thiruvananthapuram,Melakavu,8.544955,76.801742,rural,194,21.8,False,2023,5,2023-05-01,10042.15,10042.15,226.2,65.34,0.0,False,0.892,0.2071,51.76,True,False,False
KL_0184,Thiruvananthapuram,Thiruvananthapuram,Melakavu,8.544955,76.801742,rural,194,21.8,False,2023,6,2023-06-01,23898.29,23898.29,240.0,126.65,0.0,False,0.773,0.4927,123.19,False,True,False
KL_0184,Thiruvananthapuram,Thiruvananthapuram,Melakavu,8.544955,76.801742,rural,194,21.8,False,2023,7,2023-07-01,20386.24,20386.24,226.4,127.67,0.0,False,0.728,0.4203,105.08,False,True,False
KL_0184,Thiruvananthapuram,Thiruvananthapuram,Melakavu,8.544955,76.801742,rural,194,21.8,False,2023,8,2023-08-01,18356.54,18356.54,242.0,102.91,0.0,False,0.883,0.3785,94.62,False,True,False
KL_0184,Thiruvananthapuram,Thiruvananthapuram,Melakavu,8.544955,76.801742,rural,194,21.8,False,2023,9,2023-09-01,11898.47,11898.47,225.0,68.15,0.0,False,0.839,0.2453,61.33,False,True,False
KL_0184,Thiruvananthapuram,Thiruvananthapuram,Melakavu,8.544955,76.801742,rural,194,21.8,False,2023,10,2023-10-01,19132.88,19132.88,224.4,128.11,0.0,False,0.883,0.3945,98.62,False,False,False
KL_0184,Thiruvananthapuram,Thiruvananthapuram,Melakavu,8.544955,76.801742,rural,194,21.8,False,2023,11,2023-11-01,24807.56,24807.56,220.5,143.11,0.0,False,0.836,0.5115,127.87,False,False,False
KL_0184,Thiruvananthapuram,Thiruvananthapuram,Melakavu,8.544955,76.801742,rural,194,21.8,False,2023,12,2023-12-01,18173.21,18173.21,228.4,114.06,0.0,False,0.876,0.3747,93.68,False,False,True
KL_0184,Thiruvananthapuram,Thiruvananthapuram,Melakavu,8.544955,76.801742,rural,194,21.8,False,2024,1,2024-01-01,13176.69,13176.69,220.2,82.09,0.0,False,0.843,0.2717,67.92,False,False,True
KL_0184,Thiruvananthapuram,Thiruvananthapuram,Melakavu,8.544955,76.801742,rural,194,21.8,False,2024,2,2024-02-01,13954.59,13954.59,199.2,98.53,0.0,False,0.814,0.2877,71.93,False,False,True
KL_0184,Thiruvananthapuram,Thiruvananthapuram,Melakavu,8.544955,76.801742,rural,194,21.8,False,2024,3,2024-03-01,15536.61,15536.61,215.3,102.75,0.0,False,0.83,0.3203,80.09,True,False,False
KL_0184,Thiruvananthapuram,Thiruvananthapuram,Melakavu,8.544955,76.801742,rural,194,21.8,False,2024,4,2024-04-01,29150.7,29150.7,236.6,170.88,0.0,False,0.842,0.601,150.26,True,False,False
KL_0184,Thiruvananthapuram,Thiruvananthapuram,Melakavu,8.544955,76.801742,rural,194,21.8,False,2024,5,2024-05-01,17806.83,17806.83,245.6,98.1,0.0,False,0.881,0.3672,91.79,True,False,False
KL_0184,Thiruvananthapuram,Thiruvananthapuram,Melakavu,8.544955,76.801742,rural,194,21.8,False,2024,6,2024-06-01,18151.67,18151.67,244.9,100.59,0.0,False,0.841,0.3743,93.57,False,True,False
KL_0184,Thiruvananthapuram,Thiruvananthapuram,Melakavu,8.544955,76.801742,rural,194,21.8,False,2024,7,2024-07-01,20984.05,20984.05,232.2,120.55,0.0,False,0.796,0.4327,108.17,False,True,False
KL_0184,Thiruvananthapuram,Thiruvananthapuram,Melakavu,8.544955,76.801742,rural,194,21.8,False,2024,8,2024-08-01,16756.55,16756.55,226.2,108.26,0.0,False,0.933,0.3455,86.37,False,True,False
KL_0184,Thiruvananthapuram,Thiruvananthapuram,Melakavu,8.544955,76.801742,rural,194,21.8,False,2024,9,2024-09-01,15011.79,15011.79,235.0,92.36,0.0,False,0.866,0.3095,77.38,False,True,False
KL_0184,Thiruvananthapuram,Thiruvananthapuram,Melakavu,8.544955,76.801742,rural,194,21.8,False,2024,10,2024-10-01,17965.97,17965.97,223.4,103.81,0.0,False,0.918,0.3704,92.61,False,False,False
KL_0184,Thiruvananthapuram,Thiruvananthapuram,Melakavu,8.544955,76.801742,rural,194,21.8,False,2024,11,2024-11-01,20682.39,20682.39,226.2,125.76,0.0,False,0.795,0.4264,106.61,False,False,False
KL_0184,Thiruvananthapuram,Thiruvananthapuram,Melakavu,8.544955,76.801742,rural,194,21.8,False,2024,12,2024-12-01,23377.61,23377.61,211.9,166.08,0.0,False,0.837,0.482,120.5,False,False,True
KL_0185,Thrissur,Irinjalakuda,Melamukku,10.368301,76.189005,urban,163,2.1,False,2023,1,2023-01-01,33738.22,33738.22,224.5,194.66,0.0,False,0.86,0.8279,206.98,False,False,True
KL_0185,Thrissur,Irinjalakuda,Melamukku,10.368301,76.189005,urban,163,2.1,False,2023,2,2023-02-01,31923.82,31923.82,235.6,173.35,0.0,False,0.883,0.7834,195.85,False,False,True
KL_0185,Thrissur,Irinjalakuda,Melamukku,10.368301,76.189005,urban,163,2.1,False,2023,3,2023-03-01,39193.15,39193.15,221.6,227.3,0.0,False,0.756,0.9618,240.45,True,False,False
KL_0185,Thrissur,Irinjalakuda,Melamukku,10.368301,76.189005,urban,163,2.1,False,2023,4,2023-04-01,57217.36,57217.36,218.7,391.87,0.0,False,0.757,1.4041,351.03,True,False,False
KL_0185,Thrissur,Irinjalakuda,Melamukku,10.368301,76.189005,urban,163,2.1,False,2023,5,2023-05-01,51759.6,51759.6,228.1,303.3,0.0,False,0.817,1.2702,317.54,True,False,False
KL_0185,Thrissur,Irinjalakuda,Melamukku,10.368301,76.189005,urban,163,2.1,False,2023,6,2023-06-01,35568.81,35568.81,232.1,223.32,0.0,False,0.877,0.8729,218.21,False,True,False
KL_0185,Thrissur,Irinjalakuda,Melamukku,10.368301,76.189005,urban,163,2.1,False,2023,7,2023-07-01,41264.74,41264.74,245.3,235.5,0.0,False,0.816,1.0126,253.16,False,True,False
KL_0185,Thrissur,Irinjalakuda,Melamukku,10.368301,76.189005,urban,163,2.1,False,2023,8,2023-08-01,32536.27,32536.27,223.4,205.65,0.0,False,0.844,0.7984,199.61,False,True,False
KL_0185,Thrissur,Irinjalakuda,Melamukku,10.368301,76.189005,urban,163,2.1,False,2023,9,2023-09-01,37386.59,37386.59,226.0,215.98,0.0,False,0.853,0.9175,229.37,False,True,False
KL_0185,Thrissur,Irinjalakuda,Melamukku,10.368301,76.189005,urban,163,2.1,False,2023,10,2023-10-01,32500.63,32500.63,220.1,189.78,0.0,False,0.809,0.7976,199.39,False,False,False
KL_0185,Thrissur,Irinjalakuda,Melamukku,10.368301,76.189005,urban,163,2.1,False,2023,11,2023-11-01,47659.95,47659.95,246.1,261.24,0.0,False,0.923,1.1696,292.39,False,False,False
KL_0185,Thrissur,Irinjalakuda,Melamukku,10.368301,76.189005,urban,163,2.1,False,2023,12,2023-12-01,32290.25,32290.25,229.3,176.57,0.0,False,0.81,0.7924,198.1,False,False,True
KL_0185,Thrissur,Irinjalakuda,Melamukku,10.368301,76.189005,urban,163,2.1,False,2024,1,2024-01-01,29797.62,29797.62,228.8,186.82,0.0,False,0.747,0.7312,182.81,False,False,True
KL_0185,Thrissur,Irinjalakuda,Melamukku,10.368301,76.189005,urban,163,2.1,False,2024,2,2024-02-01,32825.67,32825.67,214.4,197.61,0.0,False,0.801,0.8055,201.38,False,False,True
KL_0185,Thrissur,Irinjalakuda,Melamukku,10.368301,76.189005,urban,163,2.1,False,2024,3,2024-03-01,39432.18,39432.18,237.7,221.83,0.0,False,0.808,0.9677,241.92,True,False,False
KL_0185,Thrissur,Irinjalakuda,Melamukku,10.368301,76.189005,urban,163,2.1,False,2024,4,2024-04-01,38661.01,38661.01,217.4,259.83,0.0,False,0.859,0.9487,237.18,True,False,False
KL_0185,Thrissur,Irinjalakuda,Melamukku,10.368301,76.189005,urban,163,2.1,False,2024,5,2024-05-01,48427.89,48427.89,229.0,305.95,0.0,False,0.861,1.1884,297.1,True,False,False
KL_0185,Thrissur,Irinjalakuda,Melamukku,10.368301,76.189005,urban,163,2.1,False,2024,6,2024-06-01,41475.84,41475.84,239.9,242.53,0.0,False,0.879,1.0178,254.45,False,True,False
KL_0185,Thrissur,Irinjalakuda,Melamukku,10.368301,76.189005,urban,163,2.1,False,2024,7,2024-07-01,29901.76,29901.76,221.8,168.61,0.0,False,0.944,0.7338,183.45,False,True,False
KL_0185,Thrissur,Irinjalakuda,Melamukku,10.368301,76.189005,urban,163,2.1,False,2024,8,2024-08-01,40649.79,40649.79,236.2,241.85,0.0,False,0.851,0.9975,249.39,False,True,False
KL_0185,Thrissur,Irinjalakuda,Melamukku,10.368301,76.189005,urban,163,2.1,False,2024,9,2024-09-01,33675.51,33675.51,230.5,202.0,0.0,False,0.892,0.8264,206.6,False,True,False
KL_0185,Thrissur,Irinjalakuda,Melamukku,10.368301,76.189005,urban,163,2.1,False,2024,10,2024-10-01,36860.16,36860.16,229.9,200.49,0.0,False,0.828,0.9045,226.14,False,False,False
KL_0185,Thrissur,Irinjalakuda,Melamukku,10.368301,76.189005,urban,163,2.1,False,2024,11,2024-11-01,36683.67,36683.67,221.4,238.91,0.0,False,0.864,0.9002,225.05,False,False,False
KL_0185,Thrissur,Irinjalakuda,Melamukku,10.368301,76.189005,urban,163,2.1,False,2024,12,2024-12-01,17789.92,17789.92,216.5,109.62,0.0,False,0.833,0.4366,109.14,False,False,True
KL_0186,Ernakulam,Kochi,Kizhakvayal,9.994682,76.587279,semi-urban,121,5.5,False,2023,1,2023-01-01,12290.65,12290.65,239.3,64.56,0.0,False,0.843,0.4063,101.58,False,False,True
KL_0186,Ernakulam,Kochi,Kizhakvayal,9.994682,76.587279,semi-urban,121,5.5,False,2023,2,2023-02-01,14151.79,14151.79,229.9,87.34,0.0,False,0.858,0.4678,116.96,False,False,True
KL_0186,Ernakulam,Kochi,Kizhakvayal,9.994682,76.587279,semi-urban,121,5.5,False,2023,3,2023-03-01,13994.82,13994.82,230.9,89.1,0.0,False,0.899,0.4626,115.66,True,False,False
KL_0186,Ernakulam,Kochi,Kizhakvayal,9.994682,76.587279,semi-urban,121,5.5,False,2023,4,2023-04-01,13543.78,13543.78,233.3,76.32,0.0,False,0.847,0.4477,111.93,True,False,False
KL_0186,Ernakulam,Kochi,Kizhakvayal,9.994682,76.587279,semi-urban,121,5.5,False,2023,5,2023-05-01,23871.32,23871.32,223.0,135.28,0.0,False,0.847,0.7891,197.28,True,False,False
KL_0186,Ernakulam,Kochi,Kizhakvayal,9.994682,76.587279,semi-urban,121,5.5,False,2023,6,2023-06-01,11607.54,11607.54,221.4,76.4,0.0,False,0.866,0.3837,95.93,False,True,False
KL_0186,Ernakulam,Kochi,Kizhakvayal,9.994682,76.587279,semi-urban,121,5.5,False,2023,7,2023-07-01,15444.11,15444.11,217.7,107.26,0.0,False,0.894,0.5105,127.64,False,True,False
KL_0186,Ernakulam,Kochi,Kizhakvayal,9.994682,76.587279,semi-urban,121,5.5,False,2023,8,2023-08-01,4973.98,4973.98,247.8,25.37,0.0,False,0.78,0.1644,41.11,False,True,False
KL_0186,Ernakulam,Kochi,Kizhakvayal,9.994682,76.587279,semi-urban,121,5.5,False,2023,9,2023-09-01,18924.03,18924.03,238.0,116.96,0.0,False,0.862,0.6256,156.4,False,True,False
KL_0186,Ernakulam,Kochi,Kizhakvayal,9.994682,76.587279,semi-urban,121,5.5,False,2023,10,2023-10-01,16604.39,16604.39,247.5,90.14,0.0,False,0.783,0.5489,137.23,False,False,False
KL_0186,Ernakulam,Kochi,Kizhakvayal,9.994682,76.587279,semi-urban,121,5.5,False,2023,11,2023-11-01,21669.86,21669.86,229.2,126.84,0.0,False,0.915,0.7164,179.09,False,False,False
KL_0186,Ernakulam,Kochi,Kizhakvayal,9.994682,76.587279,semi-urban,121,5.5,False,2023,12,2023-12-01,13358.19,13358.19,216.3,88.62,0.0,False,0.867,0.4416,110.4,False,False,True
KL_0186,Ernakulam,Kochi,Kizhakvayal,9.994682,76.587279,semi-urban,121,5.5,False,2024,1,2024-01-01,11862.23,11862.23,215.3,75.53,0.0,False,0.911,0.3921,98.03,False,False,True
KL_0186,Ernakulam,Kochi,Kizhakvayal,9.994682,76.587279,semi-urban,121,5.5,False,2024,2,2024-02-01,12351.81,12351.81,221.4,75.27,0.0,False,0.767,0.4083,102.08,False,False,True
KL_0186,Ernakulam,Kochi,Kizhakvayal,9.994682,76.587279,semi-urban,121,5.5,False,2024,3,2024-03-01,8316.52,8316.52,236.8,53.57,0.0,False,0.842,0.2749,68.73,True,False,False
KL_0186,Ernakulam,Kochi,Kizhakvayal,9.994682,76.587279,semi-urban,121,5.5,False,2024,4,2024-04-01,9132.2,9132.2,209.8,63.02,0.0,False,0.894,0.3019,75.47,True,False,False
KL_0186,Ernakulam,Kochi,Kizhakvayal,9.994682,76.587279,semi-urban,121,5.5,False,2024,5,2024-05-01,12853.57,12853.57,206.3,92.72,0.0,False,0.92,0.4249,106.23,True,False,False
KL_0186,Ernakulam,Kochi,Kizhakvayal,9.994682,76.587279,semi-urban,121,5.5,False,2024,6,2024-06-01,23626.95,23626.95,234.2,153.86,0.0,False,0.868,0.7811,195.26,False,True,False
KL_0186,Ernakulam,Kochi,Kizhakvayal,9.994682,76.587279,semi-urban,121,5.5,False,2024,7,2024-07-01,17637.34,17637.34,229.1,101.52,0.0,False,0.829,0.5831,145.76,False,True,False
KL_0186,Ernakulam,Kochi,Kizhakvayal,9.994682,76.587279,semi-urban,121,5.5,False,2024,8,2024-08-01,11096.12,11096.12,225.4,73.04,0.0,False,0.837,0.3668,91.7,False,True,False
KL_0186,Ernakulam,Kochi,Kizhakvayal,9.994682,76.587279,semi-urban,121,5.5,False,2024,9,2024-09-01,22878.94,22878.94,224.2,151.05,0.0,False,0.798,0.7563,189.08,False,True,False
KL_0186,Ernakulam,Kochi,Kizhakvayal,9.994682,76.587279,semi-urban,121,5.5,False,2024,10,2024-10-01,18094.67,18094.67,226.5,105.78,0.0,False,0.923,0.5982,149.54,False,False,False
KL_0186,Ernakulam,Kochi,Kizhakvayal,9.994682,76.587279,semi-urban,121,5.5,False,2024,11,2024-11-01,15363.03,15363.03,223.5,96.8,0.0,False,0.883,0.5079,126.97,False,False,False
KL_0186,Ernakulam,Kochi,Kizhakvayal,9.994682,76.587279,semi-urban,121,5.5,False,2024,12,2024-12-01,17836.95,17836.95,228.5,117.02,0.0,False,0.841,0.5897,147.41,False,False,True
KL_0187,Thiruvananthapuram,Neyyattinkara,Puzhavayal,8.4124,76.720374,rural,44,21.77,True,2023,1,2023-01-01,2829.05,2829.05,229.3,18.04,0.0,False,0.877,0.2572,64.3,False,False,True
KL_0187,Thiruvananthapuram,Neyyattinkara,Puzhavayal,8.4124,76.720374,rural,44,21.77,True,2023,2,2023-02-01,2888.21,2888.21,237.7,18.14,0.0,False,0.844,0.2626,65.64,False,False,True
KL_0187,Thiruvananthapuram,Neyyattinkara,Puzhavayal,8.4124,76.720374,rural,44,21.77,True,2023,3,2023-03-01,3763.34,3763.34,209.9,26.75,0.0,False,0.835,0.3421,85.53,True,False,False
KL_0187,Thiruvananthapuram,Neyyattinkara,Puzhavayal,8.4124,76.720374,rural,44,21.77,True,2023,4,2023-04-01,4291.18,4291.18,235.6,25.39,0.0,False,0.812,0.3901,97.53,True,False,False
KL_0187,Thiruvananthapuram,Neyyattinkara,Puzhavayal,8.4124,76.720374,rural,44,21.77,True,2023,5,2023-05-01,5987.92,5987.92,222.0,35.7,0.0,False,0.813,0.5444,136.09,True,False,False
KL_0187,Thiruvananthapuram,Neyyattinkara,Puzhavayal,8.4124,76.720374,rural,44,21.77,True,2023,6,2023-06-01,5920.4,5920.4,238.7,34.1,0.0,False,0.869,0.5382,134.55,False,True,False
KL_0187,Thiruvananthapuram,Neyyattinkara,Puzhavayal,8.4124,76.720374,rural,44,21.77,True,2023,7,2023-07-01,2454.42,2454.42,235.7,13.63,0.0,False,0.902,0.2231,55.78,False,True,False
KL_0187,Thiruvananthapuram,Neyyattinkara,Puzhavayal,8.4124,76.720374,rural,44,21.77,True,2023,8,2023-08-01,2316.44,2316.44,218.5,14.72,0.0,False,0.833,0.2106,52.65,False,True,False
KL_0187,Thiruvananthapuram,Neyyattinkara,Puzhavayal,8.4124,76.720374,rural,44,21.77,True,2023,9,2023-09-01,3103.35,3103.35,228.3,17.65,0.0,False,0.81,0.2821,70.53,False,True,False
KL_0187,Thiruvananthapuram,Neyyattinkara,Puzhavayal,8.4124,76.720374,rural,44,21.77,True,2023,10,2023-10-01,3354.45,3354.45,230.3,18.9,0.0,False,0.898,0.305,76.24,False,False,False
KL_0187,Thiruvananthapuram,Neyyattinkara,Puzhavayal,8.4124,76.720374,rural,44,21.77,True,2023,11,2023-11-01,3153.34,3153.34,244.1,18.27,0.0,False,0.854,0.2867,71.67,False,False,False
KL_0187,Thiruvananthapuram,Neyyattinkara,Puzhavayal,8.4124,76.720374,rural,44,21.77,True,2023,12,2023-12-01,5084.17,5084.17,230.8,31.52,0.0,False,0.738,0.4622,115.55,False,False,True
KL_0187,Thiruvananthapuram,Neyyattinkara,Puzhavayal,8.4124,76.720374,rural,44,21.77,True,2024,1,2024-01-01,5008.01,5008.01,218.7,29.96,0.0,False,0.815,0.4553,113.82,False,False,True
KL_0187,Thiruvananthapuram,Neyyattinkara,Puzhavayal,8.4124,76.720374,rural,44,21.77,True,2024,2,2024-02-01,3774.72,3774.72,225.5,24.64,0.0,False,0.873,0.3432,85.79,False,False,True
KL_0187,Thiruvananthapuram,Neyyattinkara,Puzhavayal,8.4124,76.720374,rural,44,21.77,True,2024,3,2024-03-01,5195.07,5195.07,236.5,31.73,0.0,False,0.811,0.4723,118.07,True,False,False
KL_0187,Thiruvananthapuram,Neyyattinkara,Puzhavayal,8.4124,76.720374,rural,44,21.77,True,2024,4,2024-04-01,7582.48,7582.48,227.5,48.02,0.0,False,0.853,0.6893,172.33,True,False,False
KL_0187,Thiruvananthapuram,Neyyattinkara,Puzhavayal,8.4124,76.720374,rural,44,21.77,True,2024,5,2024-05-01,4486.54,4486.54,219.0,30.99,0.0,False,0.788,0.4079,101.97,True,False,False
KL_0187,Thiruvananthapuram,Neyyattinkara,Puzhavayal,8.4124,76.720374,rural,44,21.77,True,2024,6,2024-06-01,3303.42,3303.42,222.4,20.45,0.0,False,0.829,0.3003,75.08,False,True,False
KL_0187,Thiruvananthapuram,Neyyattinkara,Puzhavayal,8.4124,76.720374,rural,44,21.77,True,2024,7,2024-07-01,5517.5,5517.5,220.2,37.45,0.0,False,0.796,0.5016,125.4,False,True,False
KL_0187,Thiruvananthapuram,Neyyattinkara,Puzhavayal,8.4124,76.720374,rural,44,21.77,True,2024,8,2024-08-01,4955.37,4955.37,229.9,28.48,0.0,False,0.788,0.4505,112.62,False,True,False
KL_0187,Thiruvananthapuram,Neyyattinkara,Puzhavayal,8.4124,76.720374,rural,44,21.77,True,2024,9,2024-09-01,2736.8,2736.8,219.6,16.22,0.0,False,0.812,0.2488,62.2,False,True,False
KL_0187,Thiruvananthapuram,Neyyattinkara,Puzhavayal,8.4124,76.720374,rural,44,21.77,True,2024,10,2024-10-01,1418.1,1418.1,205.2,10.27,0.0,False,0.894,0.1289,32.23,False,False,False
KL_0187,Thiruvananthapuram,Neyyattinkara,Puzhavayal,8.4124,76.720374,rural,44,21.77,True,2024,11,2024-11-01,3889.15,3889.15,231.6,23.28,0.0,False,0.871,0.3536,88.39,False,False,False
KL_0187,Thiruvananthapuram,Neyyattinkara,Puzhavayal,8.4124,76.720374,rural,44,21.77,True,2024,12,2024-12-01,1692.33,1692.33,224.8,11.0,0.0,False,0.953,0.1538,38.46,False,False,True
KL_0188,Alappuzha,Cherthala,Melathara,9.523102,76.221295,semi-urban,181,6.34,False,2023,1,2023-01-01,22339.94,27278.85,216.4,209.1,22.11,True,0.82,0.6028,150.71,False,False,True
KL_0188,Alappuzha,Cherthala,Melathara,9.523102,76.221295,semi-urban,181,6.34,False,2023,2,2023-02-01,22114.23,30218.76,217.8,246.85,36.65,True,0.901,0.6678,166.95,False,False,True
KL_0188,Alappuzha,Cherthala,Melathara,9.523102,76.221295,semi-urban,181,6.34,False,2023,3,2023-03-01,24459.8,31550.01,218.8,240.16,28.99,True,0.943,0.6972,174.31,True,False,False
KL_0188,Alappuzha,Cherthala,Melathara,9.523102,76.221295,semi-urban,181,6.34,False,2023,4,2023-04-01,25317.92,35702.86,211.8,282.46,41.02,True,0.906,0.789,197.25,True,False,False
KL_0188,Alappuzha,Cherthala,Melathara,9.523102,76.221295,semi-urban,181,6.34,False,2023,5,2023-05-01,38706.27,53634.51,227.7,398.5,38.57,True,0.907,1.1853,296.32,True,False,False
KL_0188,Alappuzha,Cherthala,Melathara,9.523102,76.221295,semi-urban,181,6.34,False,2023,6,2023-06-01,29962.38,29962.38,214.8,190.09,0.0,False,0.856,0.6622,165.54,False,True,False
KL_0188,Alappuzha,Cherthala,Melathara,9.523102,76.221295,semi-urban,181,6.34,False,2023,7,2023-07-01,25547.67,25547.67,231.0,160.33,0.0,False,0.862,0.5646,141.15,False,True,False
KL_0188,Alappuzha,Cherthala,Melathara,9.523102,76.221295,semi-urban,181,6.34,False,2023,8,2023-08-01,18309.54,25456.67,218.5,193.72,39.04,True,0.804,0.5626,140.64,False,True,False
KL_0188,Alappuzha,Cherthala,Melathara,9.523102,76.221295,semi-urban,181,6.34,False,2023,9,2023-09-01,16992.97,16992.97,227.4,113.86,0.0,False,0.716,0.3755,93.88,False,True,False
KL_0188,Alappuzha,Cherthala,Melathara,9.523102,76.221295,semi-urban,181,6.34,False,2023,10,2023-10-01,32509.48,37611.64,213.5,279.73,15.69,True,0.86,0.8312,207.8,False,False,False
KL_0188,Alappuzha,Cherthala,Melathara,9.523102,76.221295,semi-urban,181,6.34,False,2023,11,2023-11-01,26769.12,36032.56,206.9,289.69,34.6,True,0.802,0.7963,199.07,False,False,False
KL_0188,Alappuzha,Cherthala,Melathara,9.523102,76.221295,semi-urban,181,6.34,False,2023,12,2023-12-01,35507.86,35507.86,211.0,246.09,0.0,False,0.829,0.7847,196.18,False,False,True
KL_0188,Alappuzha,Cherthala,Melathara,9.523102,76.221295,semi-urban,181,6.34,False,2024,1,2024-01-01,21579.82,21579.82,239.1,125.86,0.0,False,0.809,0.4769,119.23,False,False,True
KL_0188,Alappuzha,Cherthala,Melathara,9.523102,76.221295,semi-urban,181,6.34,False,2024,2,2024-02-01,18000.19,21923.99,223.0,152.52,21.8,True,0.866,0.4845,121.13,False,False,True
KL_0188,Alappuzha,Cherthala,Melathara,9.523102,76.221295,semi-urban,181,6.34,False,2024,3,2024-03-01,23230.37,29172.98,226.7,217.79,25.58,True,0.84,0.6447,161.18,True,False,False
KL_0188,Alappuzha,Cherthala,Melathara,9.523102,76.221295,semi-urban,181,6.34,False,2024,4,2024-04-01,31394.29,42504.25,226.1,300.41,35.39,True,0.913,0.9393,234.83,True,False,False
KL_0188,Alappuzha,Cherthala,Melathara,9.523102,76.221295,semi-urban,181,6.34,False,2024,5,2024-05-01,23931.63,30590.36,209.8,258.96,27.82,True,0.814,0.676,169.01,True,False,False
KL_0188,Alappuzha,Cherthala,Melathara,9.523102,76.221295,semi-urban,181,6.34,False,2024,6,2024-06-01,33812.65,39374.77,209.0,294.21,16.45,True,0.859,0.8702,217.54,False,True,False
KL_0188,Alappuzha,Cherthala,Melathara,9.523102,76.221295,semi-urban,181,6.34,False,2024,7,2024-07-01,21554.5,31166.1,228.0,214.78,44.59,True,0.84,0.6888,172.19,False,True,False
KL_0188,Alappuzha,Cherthala,Melathara,9.523102,76.221295,semi-urban,181,6.34,False,2024,8,2024-08-01,32541.03,42055.69,195.9,361.3,29.24,True,0.835,0.9294,232.35,False,True,False
KL_0188,Alappuzha,Cherthala,Melathara,9.523102,76.221295,semi-urban,181,6.34,False,2024,9,2024-09-01,27144.53,27144.53,233.8,163.73,0.0,False,0.846,0.5999,149.97,False,True,False
KL_0188,Alappuzha,Cherthala,Melathara,9.523102,76.221295,semi-urban,181,6.34,False,2024,10,2024-10-01,31690.52,40081.81,235.4,272.37,26.48,True,0.926,0.8858,221.45,False,False,False
KL_0188,Alappuzha,Cherthala,Melathara,9.523102,76.221295,semi-urban,181,6.34,False,2024,11,2024-11-01,27160.37,27160.37,218.9,187.39,0.0,False,0.892,0.6002,150.06,False,False,False
KL_0188,Alappuzha,Cherthala,Melathara,9.523102,76.221295,semi-urban,181,6.34,False,2024,12,2024-12-01,25707.13,25707.13,228.1,148.16,0.0,False,0.827,0.5681,142.03,False,False,True
KL_0189,Kollam,Karunagappally,Pallimukku,8.702548,76.896845,semi-urban,34,6.76,False,2023,1,2023-01-01,3430.49,3430.49,237.2,18.31,0.0,False,0.819,0.4036,100.9,False,False,True
KL_0189,Kollam,Karunagappally,Pallimukku,8.702548,76.896845,semi-urban,34,6.76,False,2023,2,2023-02-01,4452.46,4452.46,226.6,26.03,0.0,False,0.811,0.5238,130.95,False,False,True
KL_0189,Kollam,Karunagappally,Pallimukku,8.702548,76.896845,semi-urban,34,6.76,False,2023,3,2023-03-01,3672.32,3672.32,219.0,22.14,0.0,False,0.856,0.432,108.01,True,False,False
KL_0189,Kollam,Karunagappally,Pallimukku,8.702548,76.896845,semi-urban,34,6.76,False,2023,4,2023-04-01,4373.59,4373.59,229.7,26.85,0.0,False,0.774,0.5145,128.64,True,False,False
KL_0189,Kollam,Karunagappally,Pallimukku,8.702548,76.896845,semi-urban,34,6.76,False,2023,5,2023-05-01,5028.77,5028.77,234.8,31.94,0.0,False,0.839,0.5916,147.9,True,False,False
KL_0189,Kollam,Karunagappally,Pallimukku,8.702548,76.896845,semi-urban,34,6.76,False,2023,6,2023-06-01,6067.67,6067.67,214.2,41.08,0.0,False,0.869,0.7138,178.46,False,True,False
KL_0189,Kollam,Karunagappally,Pallimukku,8.702548,76.896845,semi-urban,34,6.76,False,2023,7,2023-07-01,2470.2,2470.2,233.5,13.48,0.0,False,0.814,0.2906,72.65,False,True,False
KL_0189,Kollam,Karunagappally,Pallimukku,8.702548,76.896845,semi-urban,34,6.76,False,2023,8,2023-08-01,3036.38,3036.38,222.1,18.4,0.0,False,0.852,0.3572,89.31,False,True,False
KL_0189,Kollam,Karunagappally,Pallimukku,8.702548,76.896845,semi-urban,34,6.76,False,2023,9,2023-09-01,4655.37,4655.37,231.9,27.5,0.0,False,0.863,0.5477,136.92,False,True,False
KL_0189,Kollam,Karunagappally,Pallimukku,8.702548,76.896845,semi-urban,34,6.76,False,2023,10,2023-10-01,6428.92,6428.92,238.3,37.86,0.0,False,0.762,0.7563,189.09,False,False,False
KL_0189,Kollam,Karunagappally,Pallimukku,8.702548,76.896845,semi-urban,34,6.76,False,2023,11,2023-11-01,5657.33,5657.33,245.4,35.08,0.0,False,0.86,0.6656,166.39,False,False,False
KL_0189,Kollam,Karunagappally,Pallimukku,8.702548,76.896845,semi-urban,34,6.76,False,2023,12,2023-12-01,4904.75,4904.75,233.9,26.25,0.0,False,0.827,0.577,144.26,False,False,True
KL_0189,Kollam,Karunagappally,Pallimukku,8.702548,76.896845,semi-urban,34,6.76,False,2024,1,2024-01-01,4465.36,4465.36,222.9,27.55,0.0,False,0.942,0.5253,131.33,False,False,True
KL_0189,Kollam,Karunagappally,Pallimukku,8.702548,76.896845,semi-urban,34,6.76,False,2024,2,2024-02-01,3055.78,3055.78,234.7,17.49,0.0,False,0.86,0.3595,89.88,False,False,True
KL_0189,Kollam,Karunagappally,Pallimukku,8.702548,76.896845,semi-urban,34,6.76,False,2024,3,2024-03-01,5797.93,5797.93,235.1,31.9,0.0,False,0.804,0.6821,170.53,True,False,False
KL_0189,Kollam,Karunagappally,Pallimukku,8.702548,76.896845,semi-urban,34,6.76,False,2024,4,2024-04-01,6637.12,6637.12,233.5,41.81,0.0,False,0.759,0.7808,195.21,True,False,False
KL_0189,Kollam,Karunagappally,Pallimukku,8.702548,76.896845,semi-urban,34,6.76,False,2024,5,2024-05-01,6095.41,6095.41,236.6,33.29,0.0,False,0.848,0.7171,179.28,True,False,False
KL_0189,Kollam,Karunagappally,Pallimukku,8.702548,76.896845,semi-urban,34,6.76,False,2024,6,2024-06-01,5832.98,5832.98,223.9,33.3,0.0,False,0.915,0.6862,171.56,False,True,False
KL_0189,Kollam,Karunagappally,Pallimukku,8.702548,76.896845,semi-urban,34,6.76,False,2024,7,2024-07-01,5923.16,5923.16,221.7,34.26,0.0,False,0.82,0.6968,174.21,False,True,False
KL_0189,Kollam,Karunagappally,Pallimukku,8.702548,76.896845,semi-urban,34,6.76,False,2024,8,2024-08-01,5489.63,5489.63,231.5,31.74,0.0,False,0.866,0.6458,161.46,False,True,False
KL_0189,Kollam,Karunagappally,Pallimukku,8.702548,76.896845,semi-urban,34,6.76,False,2024,9,2024-09-01,3459.44,3459.44,225.7,21.82,0.0,False,0.887,0.407,101.75,False,True,False
KL_0189,Kollam,Karunagappally,Pallimukku,8.702548,76.896845,semi-urban,34,6.76,False,2024,10,2024-10-01,6361.9,6361.9,238.1,40.11,0.0,False,0.884,0.7485,187.11,False,False,False
KL_0189,Kollam,Karunagappally,Pallimukku,8.702548,76.896845,semi-urban,34,6.76,False,2024,11,2024-11-01,3898.58,3898.58,225.1,24.83,0.0,False,0.85,0.4587,114.66,False,False,False
KL_0189,Kollam,Karunagappally,Pallimukku,8.702548,76.896845,semi-urban,34,6.76,False,2024,12,2024-12-01,6552.26,6552.26,228.0,42.72,0.0,False,0.817,0.7709,192.71,False,False,True
KL_0190,Kollam,Karunagappally,Kizhakveli,8.956614,76.744315,semi-urban,48,2.76,False,2023,1,2023-01-01,6785.67,6785.67,237.5,40.83,0.0,False,0.837,0.5655,141.37,False,False,True
KL_0190,Kollam,Karunagappally,Kizhakveli,8.956614,76.744315,semi-urban,48,2.76,False,2023,2,2023-02-01,6361.31,6361.31,219.2,40.9,0.0,False,0.797,0.5301,132.53,False,False,True
KL_0190,Kollam,Karunagappally,Kizhakveli,8.956614,76.744315,semi-urban,48,2.76,False,2023,3,2023-03-01,10133.54,10133.54,221.4,66.69,0.0,False,0.803,0.8445,211.12,True,False,False
KL_0190,Kollam,Karunagappally,Kizhakveli,8.956614,76.744315,semi-urban,48,2.76,False,2023,4,2023-04-01,9824.02,9824.02,228.7,57.21,0.0,False,0.899,0.8187,204.67,True,False,False
KL_0190,Kollam,Karunagappally,Kizhakveli,8.956614,76.744315,semi-urban,48,2.76,False,2023,5,2023-05-01,9211.86,9211.86,240.4,50.36,0.0,False,0.867,0.7677,191.91,True,False,False
KL_0190,Kollam,Karunagappally,Kizhakveli,8.956614,76.744315,semi-urban,48,2.76,False,2023,6,2023-06-01,7484.25,7484.25,218.2,46.83,0.0,False,0.864,0.6237,155.92,False,True,False
KL_0190,Kollam,Karunagappally,Kizhakveli,8.956614,76.744315,semi-urban,48,2.76,False,2023,7,2023-07-01,5640.63,5640.63,226.8,32.0,0.0,False,0.814,0.4701,117.51,False,True,False
KL_0190,Kollam,Karunagappally,Kizhakveli,8.956614,76.744315,semi-urban,48,2.76,False,2023,8,2023-08-01,8550.98,8550.98,228.5,54.2,0.0,False,0.91,0.7126,178.15,False,True,False
KL_0190,Kollam,Karunagappally,Kizhakveli,8.956614,76.744315,semi-urban,48,2.76,False,2023,9,2023-09-01,10287.88,10287.88,234.8,56.89,0.0,False,0.838,0.8573,214.33,False,True,False
KL_0190,Kollam,Karunagappally,Kizhakveli,8.956614,76.744315,semi-urban,48,2.76,False,2023,10,2023-10-01,1594.16,1594.16,232.3,9.56,0.0,False,0.857,0.1328,33.21,False,False,False
KL_0190,Kollam,Karunagappally,Kizhakveli,8.956614,76.744315,semi-urban,48,2.76,False,2023,11,2023-11-01,5562.49,5562.49,208.4,36.29,0.0,False,0.908,0.4635,115.89,False,False,False
KL_0190,Kollam,Karunagappally,Kizhakveli,8.956614,76.744315,semi-urban,48,2.76,False,2023,12,2023-12-01,6561.69,6561.69,248.4,35.53,0.0,False,0.814,0.5468,136.7,False,False,True
KL_0190,Kollam,Karunagappally,Kizhakveli,8.956614,76.744315,semi-urban,48,2.76,False,2024,1,2024-01-01,5866.28,5866.28,241.3,32.01,0.0,False,0.818,0.4889,122.21,False,False,True
KL_0190,Kollam,Karunagappally,Kizhakveli,8.956614,76.744315,semi-urban,48,2.76,False,2024,2,2024-02-01,5584.8,5584.8,229.3,37.07,0.0,False,0.902,0.4654,116.35,False,False,True
KL_0190,Kollam,Karunagappally,Kizhakveli,8.956614,76.744315,semi-urban,48,2.76,False,2024,3,2024-03-01,8557.12,8557.12,229.0,52.03,0.0,False,0.891,0.7131,178.27,True,False,False
KL_0190,Kollam,Karunagappally,Kizhakveli,8.956614,76.744315,semi-urban,48,2.76,False,2024,4,2024-04-01,3687.78,3687.78,220.6,21.72,0.0,False,0.867,0.3073,76.83,True,False,False
KL_0190,Kollam,Karunagappally,Kizhakveli,8.956614,76.744315,semi-urban,48,2.76,False,2024,5,2024-05-01,7874.97,7874.97,211.9,54.67,0.0,False,0.741,0.6562,164.06,True,False,False
KL_0190,Kollam,Karunagappally,Kizhakveli,8.956614,76.744315,semi-urban,48,2.76,False,2024,6,2024-06-01,7259.58,7259.58,219.5,46.82,0.0,False,0.914,0.605,151.24,False,True,False
KL_0190,Kollam,Karunagappally,Kizhakveli,8.956614,76.744315,semi-urban,48,2.76,False,2024,7,2024-07-01,6931.26,6931.26,246.1,37.73,0.0,False,0.82,0.5776,144.4,False,True,False
KL_0190,Kollam,Karunagappally,Kizhakveli,8.956614,76.744315,semi-urban,48,2.76,False,2024,8,2024-08-01,5307.57,5307.57,224.9,31.39,0.0,False,0.821,0.4423,110.57,False,True,False
KL_0190,Kollam,Karunagappally,Kizhakveli,8.956614,76.744315,semi-urban,48,2.76,False,2024,9,2024-09-01,6177.86,6177.86,229.0,34.19,0.0,False,0.84,0.5148,128.71,False,True,False
KL_0190,Kollam,Karunagappally,Kizhakveli,8.956614,76.744315,semi-urban,48,2.76,False,2024,10,2024-10-01,8198.06,8198.06,230.3,44.56,0.0,False,0.79,0.6832,170.79,False,False,False
KL_0190,Kollam,Karunagappally,Kizhakveli,8.956614,76.744315,semi-urban,48,2.76,False,2024,11,2024-11-01,6080.95,6080.95,237.7,38.27,0.0,False,0.911,0.5067,126.69,False,False,False
KL_0190,Kollam,Karunagappally,Kizhakveli,8.956614,76.744315,semi-urban,48,2.76,False,2024,12,2024-12-01,4982.04,4982.04,230.8,29.08,0.0,False,0.859,0.4152,103.79,False,False,True
KL_0191,Kollam,Anchal,Pallimoodu,8.743249,76.703275,semi-urban,138,10.33,False,2023,1,2023-01-01,16084.06,16084.06,214.9,98.25,0.0,False,0.885,0.4662,116.55,False,False,True
KL_0191,Kollam,Anchal,Pallimoodu,8.743249,76.703275,semi-urban,138,10.33,False,2023,2,2023-02-01,15138.5,15138.5,247.3,92.32,0.0,False,0.811,0.4388,109.7,False,False,True
KL_0191,Kollam,Anchal,Pallimoodu,8.743249,76.703275,semi-urban,138,10.33,False,2023,3,2023-03-01,18750.59,18750.59,229.0,108.37,0.0,False,0.899,0.5435,135.87,True,False,False
KL_0191,Kollam,Anchal,Pallimoodu,8.743249,76.703275,semi-urban,138,10.33,False,2023,4,2023-04-01,20564.12,20564.12,236.1,121.38,0.0,False,0.921,0.5961,149.02,True,False,False
KL_0191,Kollam,Anchal,Pallimoodu,8.743249,76.703275,semi-urban,138,10.33,False,2023,5,2023-05-01,24586.5,24586.5,221.9,147.29,0.0,False,0.786,0.7127,178.16,True,False,False
KL_0191,Kollam,Anchal,Pallimoodu,8.743249,76.703275,semi-urban,138,10.33,False,2023,6,2023-06-01,14825.18,14825.18,220.9,95.15,0.0,False,0.794,0.4297,107.43,False,True,False
KL_0191,Kollam,Anchal,Pallimoodu,8.743249,76.703275,semi-urban,138,10.33,False,2023,7,2023-07-01,15261.64,15261.64,220.3,86.77,0.0,False,0.81,0.4424,110.59,False,True,False
KL_0191,Kollam,Anchal,Pallimoodu,8.743249,76.703275,semi-urban,138,10.33,False,2023,8,2023-08-01,14777.17,14777.17,213.3,98.41,0.0,False,0.896,0.4283,107.08,False,True,False
KL_0191,Kollam,Anchal,Pallimoodu,8.743249,76.703275,semi-urban,138,10.33,False,2023,9,2023-09-01,19845.62,19845.62,217.5,125.49,0.0,False,0.859,0.5752,143.81,False,True,False
KL_0191,Kollam,Anchal,Pallimoodu,8.743249,76.703275,semi-urban,138,10.33,False,2023,10,2023-10-01,33777.02,33777.02,243.4,176.12,0.0,False,0.847,0.979,244.76,False,False,False
KL_0191,Kollam,Anchal,Pallimoodu,8.743249,76.703275,semi-urban,138,10.33,False,2023,11,2023-11-01,17714.15,17714.15,230.7,98.95,0.0,False,0.868,0.5135,128.36,False,False,False
KL_0191,Kollam,Anchal,Pallimoodu,8.743249,76.703275,semi-urban,138,10.33,False,2023,12,2023-12-01,16872.75,16872.75,229.1,94.55,0.0,False,0.947,0.4891,122.27,False,False,True
KL_0191,Kollam,Anchal,Pallimoodu,8.743249,76.703275,semi-urban,138,10.33,False,2024,1,2024-01-01,26356.64,26356.64,237.8,168.97,0.0,False,0.763,0.764,190.99,False,False,True
KL_0191,Kollam,Anchal,Pallimoodu,8.743249,76.703275,semi-urban,138,10.33,False,2024,2,2024-02-01,20673.17,20673.17,224.0,116.91,0.0,False,0.835,0.5992,149.81,False,False,True
KL_0191,Kollam,Anchal,Pallimoodu,8.743249,76.703275,semi-urban,138,10.33,False,2024,3,2024-03-01,14950.58,14950.58,224.7,86.16,0.0,False,0.696,0.4334,108.34,True,False,False
KL_0191,Kollam,Anchal,Pallimoodu,8.743249,76.703275,semi-urban,138,10.33,False,2024,4,2024-04-01,31482.72,31482.72,221.2,211.05,0.0,False,0.875,0.9125,228.14,True,False,False
KL_0191,Kollam,Anchal,Pallimoodu,8.743249,76.703275,semi-urban,138,10.33,False,2024,5,2024-05-01,24277.99,24277.99,208.4,177.32,0.0,False,0.904,0.7037,175.93,True,False,False
KL_0191,Kollam,Anchal,Pallimoodu,8.743249,76.703275,semi-urban,138,10.33,False,2024,6,2024-06-01,21982.99,21982.99,221.9,150.64,0.0,False,0.835,0.6372,159.3,False,True,False
KL_0191,Kollam,Anchal,Pallimoodu,8.743249,76.703275,semi-urban,138,10.33,False,2024,7,2024-07-01,17580.74,17580.74,239.3,94.09,0.0,False,0.883,0.5096,127.4,False,True,False
KL_0191,Kollam,Anchal,Pallimoodu,8.743249,76.703275,semi-urban,138,10.33,False,2024,8,2024-08-01,14365.3,14365.3,228.6,86.07,0.0,False,0.773,0.4164,104.1,False,True,False
KL_0191,Kollam,Anchal,Pallimoodu,8.743249,76.703275,semi-urban,138,10.33,False,2024,9,2024-09-01,27430.68,27430.68,231.0,157.59,0.0,False,0.874,0.7951,198.77,False,True,False
KL_0191,Kollam,Anchal,Pallimoodu,8.743249,76.703275,semi-urban,138,10.33,False,2024,10,2024-10-01,16102.14,16102.14,227.5,98.93,0.0,False,0.973,0.4667,116.68,False,False,False
KL_0191,Kollam,Anchal,Pallimoodu,8.743249,76.703275,semi-urban,138,10.33,False,2024,11,2024-11-01,14836.64,14836.64,205.9,91.68,0.0,False,0.831,0.43,107.51,False,False,False
KL_0191,Kollam,Anchal,Pallimoodu,8.743249,76.703275,semi-urban,138,10.33,False,2024,12,2024-12-01,15371.1,15371.1,217.5,96.99,0.0,False,0.871,0.4455,111.38,False,False,True
KL_0192,Idukki,Munnar,Thodumukku,9.858304,77.441151,rural,134,21.12,False,2023,1,2023-01-01,8834.53,8834.53,230.7,48.29,0.0,False,0.821,0.2637,65.93,False,False,True
KL_0192,Idukki,Munnar,Thodumukku,9.858304,77.441151,rural,134,21.12,False,2023,2,2023-02-01,13924.64,13924.64,225.8,88.67,0.0,False,0.859,0.4157,103.92,False,False,True
KL_0192,Idukki,Munnar,Thodumukku,9.858304,77.441151,rural,134,21.12,False,2023,3,2023-03-01,13527.0,13527.0,230.0,89.22,0.0,False,0.905,0.4038,100.95,True,False,False
KL_0192,Idukki,Munnar,Thodumukku,9.858304,77.441151,rural,134,21.12,False,2023,4,2023-04-01,15174.23,15174.23,234.3,90.41,0.0,False,0.88,0.453,113.24,True,False,False
KL_0192,Idukki,Munnar,Thodumukku,9.858304,77.441151,rural,134,21.12,False,2023,5,2023-05-01,16330.92,16330.92,226.2,103.93,0.0,False,0.845,0.4875,121.87,True,False,False
KL_0192,Idukki,Munnar,Thodumukku,9.858304,77.441151,rural,134,21.12,False,2023,6,2023-06-01,16312.87,16312.87,233.5,98.35,0.0,False,0.844,0.487,121.74,False,True,False
KL_0192,Idukki,Munnar,Thodumukku,9.858304,77.441151,rural,134,21.12,False,2023,7,2023-07-01,5303.33,5303.33,225.5,32.84,0.0,False,0.79,0.1583,39.58,False,True,False
KL_0192,Idukki,Munnar,Thodumukku,9.858304,77.441151,rural,134,21.12,False,2023,8,2023-08-01,6817.74,6817.74,227.8,44.1,0.0,False,0.901,0.2035,50.88,False,True,False
KL_0192,Idukki,Munnar,Thodumukku,9.858304,77.441151,rural,134,21.12,False,2023,9,2023-09-01,8473.78,8473.78,225.0,56.69,0.0,False,0.887,0.2529,63.24,False,True,False
KL_0192,Idukki,Munnar,Thodumukku,9.858304,77.441151,rural,134,21.12,False,2023,10,2023-10-01,12258.71,12258.71,245.1,64.82,0.0,False,0.787,0.3659,91.48,False,False,False
KL_0192,Idukki,Munnar,Thodumukku,9.858304,77.441151,rural,134,21.12,False,2023,11,2023-11-01,12611.75,12611.75,218.3,75.89,0.0,False,0.859,0.3765,94.12,False,False,False
KL_0192,Idukki,Munnar,Thodumukku,9.858304,77.441151,rural,134,21.12,False,2023,12,2023-12-01,7770.2,7770.2,237.5,45.56,0.0,False,0.804,0.2319,57.99,False,False,True
KL_0192,Idukki,Munnar,Thodumukku,9.858304,77.441151,rural,134,21.12,False,2024,1,2024-01-01,9480.33,9480.33,228.9,55.26,0.0,False,0.827,0.283,70.75,False,False,True
KL_0192,Idukki,Munnar,Thodumukku,9.858304,77.441151,rural,134,21.12,False,2024,2,2024-02-01,10910.41,10910.41,244.8,67.76,0.0,False,0.891,0.3257,81.42,False,False,True
KL_0192,Idukki,Munnar,Thodumukku,9.858304,77.441151,rural,134,21.12,False,2024,3,2024-03-01,8081.98,8081.98,232.5,48.32,0.0,False,0.899,0.2413,60.31,True,False,False
KL_0192,Idukki,Munnar,Thodumukku,9.858304,77.441151,rural,134,21.12,False,2024,4,2024-04-01,12316.6,12316.6,223.8,76.97,0.0,False,0.886,0.3677,91.91,True,False,False
KL_0192,Idukki,Munnar,Thodumukku,9.858304,77.441151,rural,134,21.12,False,2024,5,2024-05-01,24875.59,24875.59,226.5,157.36,0.0,False,0.836,0.7426,185.64,True,False,False
KL_0192,Idukki,Munnar,Thodumukku,9.858304,77.441151,rural,134,21.12,False,2024,6,2024-06-01,18952.83,18952.83,226.3,124.27,0.0,False,0.873,0.5658,141.44,False,True,False
KL_0192,Idukki,Munnar,Thodumukku,9.858304,77.441151,rural,134,21.12,False,2024,7,2024-07-01,9910.97,9910.97,228.2,60.43,0.0,False,0.811,0.2958,73.96,False,True,False
KL_0192,Idukki,Munnar,Thodumukku,9.858304,77.441151,rural,134,21.12,False,2024,8,2024-08-01,7843.25,7843.25,213.5,50.94,0.0,False,0.888,0.2341,58.53,False,True,False
KL_0192,Idukki,Munnar,Thodumukku,9.858304,77.441151,rural,134,21.12,False,2024,9,2024-09-01,6207.39,6207.39,226.9,37.49,0.0,False,0.849,0.1853,46.32,False,True,False
KL_0192,Idukki,Munnar,Thodumukku,9.858304,77.441151,rural,134,21.12,False,2024,10,2024-10-01,8660.01,8660.01,218.1,58.11,0.0,False,0.826,0.2585,64.63,False,False,False
KL_0192,Idukki,Munnar,Thodumukku,9.858304,77.441151,rural,134,21.12,False,2024,11,2024-11-01,8066.09,8066.09,237.0,49.95,0.0,False,0.814,0.2408,60.19,False,False,False
KL_0192,Idukki,Munnar,Thodumukku,9.858304,77.441151,rural,134,21.12,False,2024,12,2024-12-01,12657.1,12657.1,252.9,64.26,0.0,False,0.884,0.3778,94.46,False,False,True
KL_0193,Malappuram,Manjeri,Cherapara,11.055127,76.147074,rural,122,24.08,False,2023,1,2023-01-01,4121.25,4121.25,231.0,22.5,0.0,False,0.843,0.1351,33.78,False,False,True
KL_0193,Malappuram,Manjeri,Cherapara,11.055127,76.147074,rural,122,24.08,False,2023,2,2023-02-01,14828.98,14828.98,224.7,94.96,0.0,False,0.826,0.4862,121.55,False,False,True
KL_0193,Malappuram,Manjeri,Cherapara,11.055127,76.147074,rural,122,24.08,False,2023,3,2023-03-01,3893.88,3893.88,238.1,24.17,0.0,False,0.825,0.1277,31.92,True,False,False
KL_0193,Malappuram,Manjeri,Cherapara,11.055127,76.147074,rural,122,24.08,False,2023,4,2023-04-01,3805.95,3805.95,224.6,21.48,0.0,False,0.788,0.1248,31.2,True,False,False
KL_0193,Malappuram,Manjeri,Cherapara,11.055127,76.147074,rural,122,24.08,False,2023,5,2023-05-01,21479.72,21479.72,223.4,145.72,0.0,False,0.858,0.7043,176.06,True,False,False
KL_0193,Malappuram,Manjeri,Cherapara,11.055127,76.147074,rural,122,24.08,False,2023,6,2023-06-01,7331.71,7331.71,225.6,45.73,0.0,False,0.864,0.2404,60.1,False,True,False
KL_0193,Malappuram,Manjeri,Cherapara,11.055127,76.147074,rural,122,24.08,False,2023,7,2023-07-01,9265.1,9265.1,212.2,60.9,0.0,False,0.776,0.3038,75.94,False,True,False
KL_0193,Malappuram,Manjeri,Cherapara,11.055127,76.147074,rural,122,24.08,False,2023,8,2023-08-01,15229.68,15229.68,222.3,103.41,0.0,False,0.796,0.4993,124.83,False,True,False
KL_0193,Malappuram,Manjeri,Cherapara,11.055127,76.147074,rural,122,24.08,False,2023,9,2023-09-01,6613.63,6613.63,233.1,41.02,0.0,False,0.768,0.2168,54.21,False,True,False
KL_0193,Malappuram,Manjeri,Cherapara,11.055127,76.147074,rural,122,24.08,False,2023,10,2023-10-01,10050.13,10050.13,221.1,56.93,0.0,False,0.91,0.3295,82.38,False,False,False
KL_0193,Malappuram,Manjeri,Cherapara,11.055127,76.147074,rural,122,24.08,False,2023,11,2023-11-01,14386.91,14386.91,221.5,84.68,0.0,False,0.881,0.4717,117.93,False,False,False
KL_0193,Malappuram,Manjeri,Cherapara,11.055127,76.147074,rural,122,24.08,False,2023,12,2023-12-01,10857.53,10857.53,236.6,60.93,0.0,False,0.905,0.356,89.0,False,False,True
KL_0193,Malappuram,Manjeri,Cherapara,11.055127,76.147074,rural,122,24.08,False,2024,1,2024-01-01,10638.93,10638.93,226.1,64.87,0.0,False,0.931,0.3488,87.2,False,False,True
KL_0193,Malappuram,Manjeri,Cherapara,11.055127,76.147074,rural,122,24.08,False,2024,2,2024-02-01,10723.58,10723.58,216.1,63.16,0.0,False,0.872,0.3516,87.9,False,False,True
KL_0193,Malappuram,Manjeri,Cherapara,11.055127,76.147074,rural,122,24.08,False,2024,3,2024-03-01,11735.92,11735.92,218.3,78.41,0.0,False,0.847,0.3848,96.2,True,False,False
KL_0193,Malappuram,Manjeri,Cherapara,11.055127,76.147074,rural,122,24.08,False,2024,4,2024-04-01,8276.19,8276.19,245.2,44.79,0.0,False,0.86,0.2714,67.84,True,False,False
KL_0193,Malappuram,Manjeri,Cherapara,11.055127,76.147074,rural,122,24.08,False,2024,5,2024-05-01,8127.19,8127.19,236.6,46.37,0.0,False,0.818,0.2665,66.62,True,False,False
KL_0193,Malappuram,Manjeri,Cherapara,11.055127,76.147074,rural,122,24.08,False,2024,6,2024-06-01,12177.34,12177.34,225.1,67.81,0.0,False,0.81,0.3993,99.81,False,True,False
KL_0193,Malappuram,Manjeri,Cherapara,11.055127,76.147074,rural,122,24.08,False,2024,7,2024-07-01,9444.22,9444.22,218.7,57.92,0.0,False,0.829,0.3096,77.41,False,True,False
KL_0193,Malappuram,Manjeri,Cherapara,11.055127,76.147074,rural,122,24.08,False,2024,8,2024-08-01,6579.5,6579.5,228.8,36.9,0.0,False,0.838,0.2157,53.93,False,True,False
KL_0193,Malappuram,Manjeri,Cherapara,11.055127,76.147074,rural,122,24.08,False,2024,9,2024-09-01,16901.75,16901.75,221.4,102.96,0.0,False,0.767,0.5542,138.54,False,True,False
KL_0193,Malappuram,Manjeri,Cherapara,11.055127,76.147074,rural,122,24.08,False,2024,10,2024-10-01,13282.11,13282.11,238.2,83.95,0.0,False,0.788,0.4355,108.87,False,False,False
KL_0193,Malappuram,Manjeri,Cherapara,11.055127,76.147074,rural,122,24.08,False,2024,11,2024-11-01,12426.08,12426.08,248.0,66.03,0.0,False,0.786,0.4074,101.85,False,False,False
KL_0193,Malappuram,Manjeri,Cherapara,11.055127,76.147074,rural,122,24.08,False,2024,12,2024-12-01,11843.04,11843.04,220.4,81.2,0.0,False,0.784,0.3883,97.07,False,False,True
KL_0194,Thrissur,Kunnamkulam,Kodukavu,10.57287,76.19936,semi-urban,104,2.95,False,2023,1,2023-01-01,14087.2,14087.2,206.4,87.23,0.0,False,0.882,0.5418,135.45,False,False,True
KL_0194,Thrissur,Kunnamkulam,Kodukavu,10.57287,76.19936,semi-urban,104,2.95,False,2023,2,2023-02-01,9966.75,9966.75,226.8,65.78,0.0,False,0.833,0.3833,95.83,False,False,True
KL_0194,Thrissur,Kunnamkulam,Kodukavu,10.57287,76.19936,semi-urban,104,2.95,False,2023,3,2023-03-01,13443.56,13443.56,232.3,75.83,0.0,False,0.84,0.5171,129.26,True,False,False
KL_0194,Thrissur,Kunnamkulam,Kodukavu,10.57287,76.19936,semi-urban,104,2.95,False,2023,4,2023-04-01,15696.17,15696.17,235.7,84.76,0.0,False,0.869,0.6037,150.92,True,False,False
KL_0194,Thrissur,Kunnamkulam,Kodukavu,10.57287,76.19936,semi-urban,104,2.95,False,2023,5,2023-05-01,21972.86,21972.86,230.1,143.87,0.0,False,0.891,0.8451,211.28,True,False,False
KL_0194,Thrissur,Kunnamkulam,Kodukavu,10.57287,76.19936,semi-urban,104,2.95,False,2023,6,2023-06-01,22756.84,22756.84,232.2,142.35,0.0,False,0.873,0.8753,218.82,False,True,False
KL_0194,Thrissur,Kunnamkulam,Kodukavu,10.57287,76.19936,semi-urban,104,2.95,False,2023,7,2023-07-01,16033.19,16033.19,221.6,92.33,0.0,False,0.932,0.6167,154.17,False,True,False
KL_0194,Thrissur,Kunnamkulam,Kodukavu,10.57287,76.19936,semi-urban,104,2.95,False,2023,8,2023-08-01,17421.85,17421.85,228.2,96.73,0.0,False,0.852,0.6701,167.52,False,True,False
KL_0194,Thrissur,Kunnamkulam,Kodukavu,10.57287,76.19936,semi-urban,104,2.95,False,2023,9,2023-09-01,13689.51,13689.51,212.1,88.62,0.0,False,0.86,0.5265,131.63,False,True,False
KL_0194,Thrissur,Kunnamkulam,Kodukavu,10.57287,76.19936,semi-urban,104,2.95,False,2023,10,2023-10-01,14910.12,14910.12,229.0,86.4,0.0,False,0.82,0.5735,143.37,False,False,False
KL_0194,Thrissur,Kunnamkulam,Kodukavu,10.57287,76.19936,semi-urban,104,2.95,False,2023,11,2023-11-01,22016.87,22016.87,223.3,146.41,0.0,False,0.755,0.8468,211.7,False,False,False
KL_0194,Thrissur,Kunnamkulam,Kodukavu,10.57287,76.19936,semi-urban,104,2.95,False,2023,12,2023-12-01,10283.01,10283.01,232.5,57.79,0.0,False,0.854,0.3955,98.88,False,False,True
KL_0194,Thrissur,Kunnamkulam,Kodukavu,10.57287,76.19936,semi-urban,104,2.95,False,2024,1,2024-01-01,11465.17,11465.17,232.3,68.94,0.0,False,0.893,0.441,110.24,False,False,True
KL_0194,Thrissur,Kunnamkulam,Kodukavu,10.57287,76.19936,semi-urban,104,2.95,False,2024,2,2024-02-01,9258.68,9258.68,236.4,49.94,0.0,False,0.813,0.3561,89.03,False,False,True
KL_0194,Thrissur,Kunnamkulam,Kodukavu,10.57287,76.19936,semi-urban,104,2.95,False,2024,3,2024-03-01,19030.1,19030.1,219.9,115.67,0.0,False,0.824,0.7319,182.98,True,False,False
KL_0194,Thrissur,Kunnamkulam,Kodukavu,10.57287,76.19936,semi-urban,104,2.95,False,2024,4,2024-04-01,16495.09,16495.09,236.3,102.85,0.0,False,0.898,0.6344,158.61,True,False,False
KL_0194,Thrissur,Kunnamkulam,Kodukavu,10.57287,76.19936,semi-urban,104,2.95,False,2024,5,2024-05-01,14882.09,14882.09,234.7,88.92,0.0,False,0.848,0.5724,143.1,True,False,False
KL_0194,Thrissur,Kunnamkulam,Kodukavu,10.57287,76.19936,semi-urban,104,2.95,False,2024,6,2024-06-01,23621.43,23621.43,229.2,146.48,0.0,False,0.804,0.9085,227.13,False,True,False
KL_0194,Thrissur,Kunnamkulam,Kodukavu,10.57287,76.19936,semi-urban,104,2.95,False,2024,7,2024-07-01,12205.73,12205.73,225.9,72.96,0.0,False,0.802,0.4695,117.36,False,True,False
KL_0194,Thrissur,Kunnamkulam,Kodukavu,10.57287,76.19936,semi-urban,104,2.95,False,2024,8,2024-08-01,10963.68,10963.68,221.7,69.98,0.0,False,0.883,0.4217,105.42,False,True,False
KL_0194,Thrissur,Kunnamkulam,Kodukavu,10.57287,76.19936,semi-urban,104,2.95,False,2024,9,2024-09-01,9034.05,9034.05,231.7,58.54,0.0,False,0.843,0.3475,86.87,False,True,False
KL_0194,Thrissur,Kunnamkulam,Kodukavu,10.57287,76.19936,semi-urban,104,2.95,False,2024,10,2024-10-01,16461.75,16461.75,228.0,109.58,0.0,False,0.843,0.6331,158.29,False,False,False
KL_0194,Thrissur,Kunnamkulam,Kodukavu,10.57287,76.19936,semi-urban,104,2.95,False,2024,11,2024-11-01,20315.37,20315.37,223.6,134.68,0.0,False,0.781,0.7814,195.34,False,False,False
KL_0194,Thrissur,Kunnamkulam,Kodukavu,10.57287,76.19936,semi-urban,104,2.95,False,2024,12,2024-12-01,10458.39,10458.39,205.5,65.57,0.0,False,0.874,0.4022,100.56,False,False,True
KL_0195,Kozhikode,Ramanattukara,Padamveli,11.28371,76.251478,urban,57,4.66,False,2023,1,2023-01-01,11272.64,14208.42,224.6,107.41,26.04,True,0.902,0.9971,249.27,False,False,True
KL_0195,Kozhikode,Ramanattukara,Padamveli,11.28371,76.251478,urban,57,4.66,False,2023,2,2023-02-01,11981.09,15582.99,224.7,116.98,30.06,True,0.832,1.0935,273.39,False,False,True
KL_0195,Kozhikode,Ramanattukara,Padamveli,11.28371,76.251478,urban,57,4.66,False,2023,3,2023-03-01,11904.66,14554.8,221.5,118.51,22.26,True,0.87,1.0214,255.35,True,False,False
KL_0195,Kozhikode,Ramanattukara,Padamveli,11.28371,76.251478,urban,57,4.66,False,2023,4,2023-04-01,17891.92,24633.29,209.8,207.03,37.68,True,0.83,1.7287,432.16,True,False,False
KL_0195,Kozhikode,Ramanattukara,Padamveli,11.28371,76.251478,urban,57,4.66,False,2023,5,2023-05-01,18474.2,21599.79,229.0,152.9,16.92,True,0.88,1.5158,378.94,True,False,False
KL_0195,Kozhikode,Ramanattukara,Padamveli,11.28371,76.251478,urban,57,4.66,False,2023,6,2023-06-01,17699.52,20763.77,220.4,146.28,17.31,True,0.875,1.4571,364.28,False,True,False
KL_0195,Kozhikode,Ramanattukara,Padamveli,11.28371,76.251478,urban,57,4.66,False,2023,7,2023-07-01,12519.72,16673.16,229.2,125.61,33.18,True,0.831,1.17,292.51,False,True,False
KL_0195,Kozhikode,Ramanattukara,Padamveli,11.28371,76.251478,urban,57,4.66,False,2023,8,2023-08-01,9157.31,10726.12,194.8,96.82,17.13,True,0.744,0.7527,188.18,False,True,False
KL_0195,Kozhikode,Ramanattukara,Padamveli,11.28371,76.251478,urban,57,4.66,False,2023,9,2023-09-01,8384.1,8384.1,229.7,47.14,0.0,False,0.81,0.5884,147.09,False,True,False
KL_0195,Kozhikode,Ramanattukara,Padamveli,11.28371,76.251478,urban,57,4.66,False,2023,10,2023-10-01,13936.36,19651.38,207.9,152.26,41.01,True,0.867,1.379,344.76,False,False,False
KL_0195,Kozhikode,Ramanattukara,Padamveli,11.28371,76.251478,urban,57,4.66,False,2023,11,2023-11-01,5513.56,5513.56,232.9,33.92,0.0,False,0.894,0.3869,96.73,False,False,False
KL_0195,Kozhikode,Ramanattukara,Padamveli,11.28371,76.251478,urban,57,4.66,False,2023,12,2023-12-01,15809.66,15809.66,240.1,84.86,0.0,False,0.82,1.1094,277.36,False,False,True
KL_0195,Kozhikode,Ramanattukara,Padamveli,11.28371,76.251478,urban,57,4.66,False,2024,1,2024-01-01,6727.4,8781.66,229.5,63.61,30.54,True,0.917,0.6163,154.06,False,False,True
KL_0195,Kozhikode,Ramanattukara,Padamveli,11.28371,76.251478,urban,57,4.66,False,2024,2,2024-02-01,12519.71,17884.15,216.6,147.48,42.85,True,0.925,1.255,313.76,False,False,True
KL_0195,Kozhikode,Ramanattukara,Padamveli,11.28371,76.251478,urban,57,4.66,False,2024,3,2024-03-01,4731.17,5842.23,219.0,45.71,23.48,True,0.885,0.41,102.5,True,False,False
KL_0195,Kozhikode,Ramanattukara,Padamveli,11.28371,76.251478,urban,57,4.66,False,2024,4,2024-04-01,10584.13,13270.24,218.3,94.8,25.38,True,0.793,0.9312,232.81,True,False,False
KL_0195,Kozhikode,Ramanattukara,Padamveli,11.28371,76.251478,urban,57,4.66,False,2024,5,2024-05-01,18476.15,23240.32,234.1,173.78,25.79,True,0.886,1.6309,407.72,True,False,False
KL_0195,Kozhikode,Ramanattukara,Padamveli,11.28371,76.251478,urban,57,4.66,False,2024,6,2024-06-01,17553.2,17553.2,228.3,96.48,0.0,False,0.823,1.2318,307.95,False,True,False
KL_0195,Kozhikode,Ramanattukara,Padamveli,11.28371,76.251478,urban,57,4.66,False,2024,7,2024-07-01,7859.04,10262.47,220.6,76.33,30.58,True,0.82,0.7202,180.04,False,True,False
KL_0195,Kozhikode,Ramanattukara,Padamveli,11.28371,76.251478,urban,57,4.66,False,2024,8,2024-08-01,10642.04,10642.04,232.3,63.31,0.0,False,0.873,0.7468,186.7,False,True,False
KL_0195,Kozhikode,Ramanattukara,Padamveli,11.28371,76.251478,urban,57,4.66,False,2024,9,2024-09-01,13281.73,18348.15,216.7,134.23,38.15,True,0.871,1.2876,321.9,False,True,False
KL_0195,Kozhikode,Ramanattukara,Padamveli,11.28371,76.251478,urban,57,4.66,False,2024,10,2024-10-01,16027.67,20152.54,205.7,155.17,25.74,True,0.873,1.4142,353.55,False,False,False
KL_0195,Kozhikode,Ramanattukara,Padamveli,11.28371,76.251478,urban,57,4.66,False,2024,11,2024-11-01,7971.0,10086.07,209.9,76.25,26.53,True,0.883,0.7078,176.95,False,False,False
KL_0195,Kozhikode,Ramanattukara,Padamveli,11.28371,76.251478,urban,57,4.66,False,2024,12,2024-12-01,7821.61,11149.84,208.1,93.0,42.55,True,0.847,0.7824,195.61,False,False,True
KL_0196,Thiruvananthapuram,Varkala,Palliveli,8.49644,77.037145,rural,66,13.97,False,2023,1,2023-01-01,5810.43,5810.43,237.3,34.15,0.0,False,0.778,0.3521,88.04,False,False,True
KL_0196,Thiruvananthapuram,Varkala,Palliveli,8.49644,77.037145,rural,66,13.97,False,2023,2,2023-02-01,3216.81,3216.81,224.8,21.2,0.0,False,0.954,0.195,48.74,False,False,True
KL_0196,Thiruvananthapuram,Varkala,Palliveli,8.49644,77.037145,rural,66,13.97,False,2023,3,2023-03-01,2754.82,2754.82,230.6,17.52,0.0,False,0.83,0.167,41.74,True,False,False
KL_0196,Thiruvananthapuram,Varkala,Palliveli,8.49644,77.037145,rural,66,13.97,False,2023,4,2023-04-01,5297.6,5297.6,239.4,30.47,0.0,False,0.814,0.3211,80.27,True,False,False
KL_0196,Thiruvananthapuram,Varkala,Palliveli,8.49644,77.037145,rural,66,13.97,False,2023,5,2023-05-01,7134.45,7134.45,233.1,39.6,0.0,False,0.789,0.4324,108.1,True,False,False
KL_0196,Thiruvananthapuram,Varkala,Palliveli,8.49644,77.037145,rural,66,13.97,False,2023,6,2023-06-01,6173.3,6173.3,240.5,33.73,0.0,False,0.858,0.3741,93.53,False,True,False
KL_0196,Thiruvananthapuram,Varkala,Palliveli,8.49644,77.037145,rural,66,13.97,False,2023,7,2023-07-01,6645.09,6645.09,233.8,35.63,0.0,False,0.852,0.4027,100.68,False,True,False
KL_0196,Thiruvananthapuram,Varkala,Palliveli,8.49644,77.037145,rural,66,13.97,False,2023,8,2023-08-01,7480.13,7480.13,250.3,43.85,0.0,False,0.844,0.4533,113.34,False,True,False
KL_0196,Thiruvananthapuram,Varkala,Palliveli,8.49644,77.037145,rural,66,13.97,False,2023,9,2023-09-01,5073.41,5073.41,238.0,32.19,0.0,False,0.925,0.3075,76.87,False,True,False
KL_0196,Thiruvananthapuram,Varkala,Palliveli,8.49644,77.037145,rural,66,13.97,False,2023,10,2023-10-01,6473.36,6473.36,233.7,38.52,0.0,False,0.883,0.3923,98.08,False,False,False
KL_0196,Thiruvananthapuram,Varkala,Palliveli,8.49644,77.037145,rural,66,13.97,False,2023,11,2023-11-01,2815.0,2815.0,222.9,16.1,0.0,False,0.799,0.1706,42.65,False,False,False
KL_0196,Thiruvananthapuram,Varkala,Palliveli,8.49644,77.037145,rural,66,13.97,False,2023,12,2023-12-01,3255.61,3255.61,221.2,21.2,0.0,False,0.954,0.1973,49.33,False,False,True
KL_0196,Thiruvananthapuram,Varkala,Palliveli,8.49644,77.037145,rural,66,13.97,False,2024,1,2024-01-01,5377.2,5377.2,214.5,33.93,0.0,False,0.774,0.3259,81.47,False,False,True
KL_0196,Thiruvananthapuram,Varkala,Palliveli,8.49644,77.037145,rural,66,13.97,False,2024,2,2024-02-01,5191.96,5191.96,237.5,29.49,0.0,False,0.844,0.3147,78.67,False,False,True
KL_0196,Thiruvananthapuram,Varkala,Palliveli,8.49644,77.037145,rural,66,13.97,False,2024,3,2024-03-01,6457.28,6457.28,217.3,43.29,0.0,False,0.813,0.3914,97.84,True,False,False
KL_0196,Thiruvananthapuram,Varkala,Palliveli,8.49644,77.037145,rural,66,13.97,False,2024,4,2024-04-01,7357.71,7357.71,234.3,47.48,0.0,False,0.869,0.4459,111.48,True,False,False
KL_0196,Thiruvananthapuram,Varkala,Palliveli,8.49644,77.037145,rural,66,13.97,False,2024,5,2024-05-01,5552.82,5552.82,233.4,35.32,0.0,False,0.882,0.3365,84.13,True,False,False
KL_0196,Thiruvananthapuram,Varkala,Palliveli,8.49644,77.037145,rural,66,13.97,False,2024,6,2024-06-01,5956.81,5956.81,233.5,37.88,0.0,False,0.829,0.361,90.25,False,True,False
KL_0196,Thiruvananthapuram,Varkala,Palliveli,8.49644,77.037145,rural,66,13.97,False,2024,7,2024-07-01,7141.97,7141.97,211.3,45.13,0.0,False,0.903,0.4328,108.21,False,True,False
KL_0196,Thiruvananthapuram,Varkala,Palliveli,8.49644,77.037145,rural,66,13.97,False,2024,8,2024-08-01,3169.38,3169.38,228.8,18.05,0.0,False,0.86,0.1921,48.02,False,True,False
KL_0196,Thiruvananthapuram,Varkala,Palliveli,8.49644,77.037145,rural,66,13.97,False,2024,9,2024-09-01,6816.72,6816.72,220.1,44.33,0.0,False,0.923,0.4131,103.28,False,True,False
KL_0196,Thiruvananthapuram,Varkala,Palliveli,8.49644,77.037145,rural,66,13.97,False,2024,10,2024-10-01,4312.49,4312.49,221.5,24.66,0.0,False,0.896,0.2614,65.34,False,False,False
KL_0196,Thiruvananthapuram,Varkala,Palliveli,8.49644,77.037145,rural,66,13.97,False,2024,11,2024-11-01,4471.9,4471.9,231.5,25.77,0.0,False,0.826,0.271,67.76,False,False,False
KL_0196,Thiruvananthapuram,Varkala,Palliveli,8.49644,77.037145,rural,66,13.97,False,2024,12,2024-12-01,3754.62,3754.62,218.4,23.19,0.0,False,0.903,0.2276,56.89,False,False,True
KL_0197,Kozhikode,Vadakara,Vellimukku,11.36078,76.020298,rural,30,5.93,False,2023,1,2023-01-01,2905.15,2905.15,206.9,20.8,0.0,False,0.818,0.3874,96.84,False,False,True
KL_0197,Kozhikode,Vadakara,Vellimukku,11.36078,76.020298,rural,30,5.93,False,2023,2,2023-02-01,2646.38,2646.38,232.3,15.43,0.0,False,0.881,0.3529,88.21,False,False,True
KL_0197,Kozhikode,Vadakara,Vellimukku,11.36078,76.020298,rural,30,5.93,False,2023,3,2023-03-01,2576.09,2576.09,225.5,16.14,0.0,False,0.876,0.3435,85.87,True,False,False
KL_0197,Kozhikode,Vadakara,Vellimukku,11.36078,76.020298,rural,30,5.93,False,2023,4,2023-04-01,2268.47,2268.47,224.4,14.62,0.0,False,0.824,0.3025,75.62,True,False,False
KL_0197,Kozhikode,Vadakara,Vellimukku,11.36078,76.020298,rural,30,5.93,False,2023,5,2023-05-01,3240.05,3240.05,221.0,21.94,0.0,False,0.75,0.432,108.0,True,False,False
KL_0197,Kozhikode,Vadakara,Vellimukku,11.36078,76.020298,rural,30,5.93,False,2023,6,2023-06-01,3453.77,3453.77,245.2,20.14,0.0,False,0.924,0.4605,115.13,False,True,False
KL_0197,Kozhikode,Vadakara,Vellimukku,11.36078,76.020298,rural,30,5.93,False,2023,7,2023-07-01,1739.31,1739.31,231.7,10.03,0.0,False,0.871,0.2319,57.98,False,True,False
KL_0197,Kozhikode,Vadakara,Vellimukku,11.36078,76.020298,rural,30,5.93,False,2023,8,2023-08-01,1709.7,1709.7,231.7,10.95,0.0,False,0.851,0.228,56.99,False,True,False
KL_0197,Kozhikode,Vadakara,Vellimukku,11.36078,76.020298,rural,30,5.93,False,2023,9,2023-09-01,2050.39,2050.39,225.7,12.57,0.0,False,0.851,0.2734,68.35,False,True,False
KL_0197,Kozhikode,Vadakara,Vellimukku,11.36078,76.020298,rural,30,5.93,False,2023,10,2023-10-01,2183.41,2183.41,228.0,14.35,0.0,False,0.899,0.2911,72.78,False,False,False
KL_0197,Kozhikode,Vadakara,Vellimukku,11.36078,76.020298,rural,30,5.93,False,2023,11,2023-11-01,1973.27,1973.27,225.2,12.22,0.0,False,0.959,0.2631,65.78,False,False,False
KL_0197,Kozhikode,Vadakara,Vellimukku,11.36078,76.020298,rural,30,5.93,False,2023,12,2023-12-01,931.7,931.7,228.7,5.56,0.0,False,0.895,0.1242,31.06,False,False,True
KL_0197,Kozhikode,Vadakara,Vellimukku,11.36078,76.020298,rural,30,5.93,False,2024,1,2024-01-01,2486.25,2486.25,223.4,16.56,0.0,False,0.868,0.3315,82.88,False,False,True
KL_0197,Kozhikode,Vadakara,Vellimukku,11.36078,76.020298,rural,30,5.93,False,2024,2,2024-02-01,2624.85,2624.85,233.4,15.03,0.0,False,0.864,0.35,87.49,False,False,True
KL_0197,Kozhikode,Vadakara,Vellimukku,11.36078,76.020298,rural,30,5.93,False,2024,3,2024-03-01,3729.66,3729.66,238.1,21.61,0.0,False,0.868,0.4973,124.32,True,False,False
KL_0197,Kozhikode,Vadakara,Vellimukku,11.36078,76.020298,rural,30,5.93,False,2024,4,2024-04-01,1551.84,1551.84,235.2,9.64,0.0,False,0.8,0.2069,51.73,True,False,False
KL_0197,Kozhikode,Vadakara,Vellimukku,11.36078,76.020298,rural,30,5.93,False,2024,5,2024-05-01,4147.06,4147.06,235.7,24.11,0.0,False,0.879,0.5529,138.24,True,False,False
KL_0197,Kozhikode,Vadakara,Vellimukku,11.36078,76.020298,rural,30,5.93,False,2024,6,2024-06-01,794.23,794.23,234.8,5.08,0.0,False,0.784,0.1059,26.47,False,True,False
KL_0197,Kozhikode,Vadakara,Vellimukku,11.36078,76.020298,rural,30,5.93,False,2024,7,2024-07-01,1690.4,1690.4,246.6,8.94,0.0,False,0.872,0.2254,56.35,False,True,False
KL_0197,Kozhikode,Vadakara,Vellimukku,11.36078,76.020298,rural,30,5.93,False,2024,8,2024-08-01,1505.96,1505.96,224.9,9.09,0.0,False,0.826,0.2008,50.2,False,True,False
KL_0197,Kozhikode,Vadakara,Vellimukku,11.36078,76.020298,rural,30,5.93,False,2024,9,2024-09-01,2069.62,2069.62,240.4,12.94,0.0,False,0.893,0.2759,68.99,False,True,False
KL_0197,Kozhikode,Vadakara,Vellimukku,11.36078,76.020298,rural,30,5.93,False,2024,10,2024-10-01,2509.25,2509.25,212.2,17.52,0.0,False,0.869,0.3346,83.64,False,False,False
KL_0197,Kozhikode,Vadakara,Vellimukku,11.36078,76.020298,rural,30,5.93,False,2024,11,2024-11-01,957.06,957.06,246.2,5.71,0.0,False,0.832,0.1276,31.9,False,False,False
KL_0197,Kozhikode,Vadakara,Vellimukku,11.36078,76.020298,rural,30,5.93,False,2024,12,2024-12-01,2748.99,2748.99,229.2,15.37,0.0,False,0.799,0.3665,91.63,False,False,True
KL_0198,Palakkad,Mannarkkad,Manapara,11.057879,76.694558,semi-urban,52,4.75,False,2023,1,2023-01-01,7038.66,7038.66,229.6,46.31,0.0,False,0.924,0.5414,135.36,False,False,True
KL_0198,Palakkad,Mannarkkad,Manapara,11.057879,76.694558,semi-urban,52,4.75,False,2023,2,2023-02-01,4288.98,4288.98,233.1,27.38,0.0,False,0.846,0.3299,82.48,False,False,True
KL_0198,Palakkad,Mannarkkad,Manapara,11.057879,76.694558,semi-urban,52,4.75,False,2023,3,2023-03-01,5676.92,5676.92,239.4,33.82,0.0,False,0.937,0.4367,109.17,True,False,False
KL_0198,Palakkad,Mannarkkad,Manapara,11.057879,76.694558,semi-urban,52,4.75,False,2023,4,2023-04-01,8247.36,8247.36,227.1,53.5,0.0,False,0.788,0.6344,158.6,True,False,False
KL_0198,Palakkad,Mannarkkad,Manapara,11.057879,76.694558,semi-urban,52,4.75,False,2023,5,2023-05-01,7783.5,7783.5,220.4,52.66,0.0,False,0.837,0.5987,149.68,True,False,False
KL_0198,Palakkad,Mannarkkad,Manapara,11.057879,76.694558,semi-urban,52,4.75,False,2023,6,2023-06-01,6723.5,6723.5,219.4,40.97,0.0,False,0.737,0.5172,129.3,False,True,False
KL_0198,Palakkad,Mannarkkad,Manapara,11.057879,76.694558,semi-urban,52,4.75,False,2023,7,2023-07-01,9407.54,9407.54,236.2,60.2,0.0,False,0.888,0.7237,180.91,False,True,False
KL_0198,Palakkad,Mannarkkad,Manapara,11.057879,76.694558,semi-urban,52,4.75,False,2023,8,2023-08-01,6840.92,6840.92,220.2,44.6,0.0,False,0.892,0.5262,131.56,False,True,False
KL_0198,Palakkad,Mannarkkad,Manapara,11.057879,76.694558,semi-urban,52,4.75,False,2023,9,2023-09-01,6645.38,6645.38,213.6,39.21,0.0,False,0.82,0.5112,127.8,False,True,False
KL_0198,Palakkad,Mannarkkad,Manapara,11.057879,76.694558,semi-urban,52,4.75,False,2023,10,2023-10-01,9385.69,9385.69,224.7,57.85,0.0,False,0.817,0.722,180.49,False,False,False
KL_0198,Palakkad,Mannarkkad,Manapara,11.057879,76.694558,semi-urban,52,4.75,False,2023,11,2023-11-01,5735.24,5735.24,210.3,41.34,0.0,False,0.831,0.4412,110.29,False,False,False
KL_0198,Palakkad,Mannarkkad,Manapara,11.057879,76.694558,semi-urban,52,4.75,False,2023,12,2023-12-01,8221.34,8221.34,236.6,52.11,0.0,False,0.838,0.6324,158.1,False,False,True
KL_0198,Palakkad,Mannarkkad,Manapara,11.057879,76.694558,semi-urban,52,4.75,False,2024,1,2024-01-01,5827.12,5827.12,226.9,37.62,0.0,False,0.822,0.4482,112.06,False,False,True
KL_0198,Palakkad,Mannarkkad,Manapara,11.057879,76.694558,semi-urban,52,4.75,False,2024,2,2024-02-01,6533.22,6533.22,231.6,38.49,0.0,False,0.904,0.5026,125.64,False,False,True
KL_0198,Palakkad,Mannarkkad,Manapara,11.057879,76.694558,semi-urban,52,4.75,False,2024,3,2024-03-01,7799.34,7799.34,209.1,51.93,0.0,False,0.827,0.5999,149.99,True,False,False
KL_0198,Palakkad,Mannarkkad,Manapara,11.057879,76.694558,semi-urban,52,4.75,False,2024,4,2024-04-01,6381.64,6381.64,231.4,35.93,0.0,False,0.755,0.4909,122.72,True,False,False
KL_0198,Palakkad,Mannarkkad,Manapara,11.057879,76.694558,semi-urban,52,4.75,False,2024,5,2024-05-01,9150.68,9150.68,221.8,52.39,0.0,False,0.837,0.7039,175.97,True,False,False
KL_0198,Palakkad,Mannarkkad,Manapara,11.057879,76.694558,semi-urban,52,4.75,False,2024,6,2024-06-01,7204.87,7204.87,222.2,40.67,0.0,False,0.824,0.5542,138.56,False,True,False
KL_0198,Palakkad,Mannarkkad,Manapara,11.057879,76.694558,semi-urban,52,4.75,False,2024,7,2024-07-01,6760.11,6760.11,249.1,39.61,0.0,False,0.785,0.52,130.0,False,True,False
KL_0198,Palakkad,Mannarkkad,Manapara,11.057879,76.694558,semi-urban,52,4.75,False,2024,8,2024-08-01,7699.79,7699.79,200.6,49.33,0.0,False,0.859,0.5923,148.07,False,True,False
KL_0198,Palakkad,Mannarkkad,Manapara,11.057879,76.694558,semi-urban,52,4.75,False,2024,9,2024-09-01,5922.29,5922.29,221.1,35.78,0.0,False,0.754,0.4556,113.89,False,True,False
KL_0198,Palakkad,Mannarkkad,Manapara,11.057879,76.694558,semi-urban,52,4.75,False,2024,10,2024-10-01,9199.98,9199.98,216.3,53.27,0.0,False,0.869,0.7077,176.92,False,False,False
KL_0198,Palakkad,Mannarkkad,Manapara,11.057879,76.694558,semi-urban,52,4.75,False,2024,11,2024-11-01,7377.17,7377.17,233.1,42.9,0.0,False,0.848,0.5675,141.87,False,False,False
KL_0198,Palakkad,Mannarkkad,Manapara,11.057879,76.694558,semi-urban,52,4.75,False,2024,12,2024-12-01,6509.43,6509.43,220.4,43.73,0.0,False,0.822,0.5007,125.18,False,False,True
KL_0199,Ernakulam,Angamaly,Padamvayal,10.134009,76.477122,rural,183,7.15,False,2023,1,2023-01-01,4665.24,5547.08,237.5,37.17,18.9,True,0.793,0.1212,30.31,False,False,True
KL_0199,Ernakulam,Angamaly,Padamvayal,10.134009,76.477122,rural,183,7.15,False,2023,2,2023-02-01,15269.48,19274.26,210.7,155.87,26.23,True,0.777,0.4213,105.32,False,False,True
KL_0199,Ernakulam,Angamaly,Padamvayal,10.134009,76.477122,rural,183,7.15,False,2023,3,2023-03-01,11864.75,16226.84,219.4,120.97,36.77,True,0.894,0.3547,88.67,True,False,False
KL_0199,Ernakulam,Angamaly,Padamvayal,10.134009,76.477122,rural,183,7.15,False,2023,4,2023-04-01,18629.19,26545.8,221.3,188.21,42.5,True,0.835,0.5802,145.06,True,False,False
KL_0199,Ernakulam,Angamaly,Padamvayal,10.134009,76.477122,rural,183,7.15,False,2023,5,2023-05-01,15166.68,19213.93,219.4,150.96,26.69,True,0.766,0.42,104.99,True,False,False
KL_0199,Ernakulam,Angamaly,Padamvayal,10.134009,76.477122,rural,183,7.15,False,2023,6,2023-06-01,13619.41,13619.41,218.4,85.29,0.0,False,0.849,0.2977,74.42,False,True,False
KL_0199,Ernakulam,Angamaly,Padamvayal,10.134009,76.477122,rural,183,7.15,False,2023,7,2023-07-01,11977.53,11977.53,238.8,75.45,0.0,False,0.836,0.2618,65.45,False,True,False
KL_0199,Ernakulam,Angamaly,Padamvayal,10.134009,76.477122,rural,183,7.15,False,2023,8,2023-08-01,15896.71,21486.53,212.5,160.82,35.16,True,0.921,0.4697,117.41,False,True,False
KL_0199,Ernakulam,Angamaly,Padamvayal,10.134009,76.477122,rural,183,7.15,False,2023,9,2023-09-01,13209.07,18846.48,216.5,140.67,42.68,True,0.829,0.4119,102.99,False,True,False
KL_0199,Ernakulam,Angamaly,Padamvayal,10.134009,76.477122,rural,183,7.15,False,2023,10,2023-10-01,22359.4,26890.37,220.9,187.3,20.26,True,0.899,0.5878,146.94,False,False,False
KL_0199,Ernakulam,Angamaly,Padamvayal,10.134009,76.477122,rural,183,7.15,False,2023,11,2023-11-01,20352.19,26952.64,223.6,214.73,32.43,True,0.839,0.5891,147.28,False,False,False
KL_0199,Ernakulam,Angamaly,Padamvayal,10.134009,76.477122,rural,183,7.15,False,2023,12,2023-12-01,10862.18,10862.18,216.1,71.36,0.0,False,0.791,0.2374,59.36,False,False,True
KL_0199,Ernakulam,Angamaly,Padamvayal,10.134009,76.477122,rural,183,7.15,False,2024,1,2024-01-01,16634.22,21967.17,211.7,167.1,32.06,True,0.874,0.4802,120.04,False,False,True
KL_0199,Ernakulam,Angamaly,Padamvayal,10.134009,76.477122,rural,183,7.15,False,2024,2,2024-02-01,13856.59,17143.45,220.7,121.66,23.72,True,0.911,0.3747,93.68,False,False,True
KL_0199,Ernakulam,Angamaly,Padamvayal,10.134009,76.477122,rural,183,7.15,False,2024,3,2024-03-01,10808.85,13191.16,222.2,105.87,22.04,True,0.895,0.2883,72.08,True,False,False
KL_0199,Ernakulam,Angamaly,Padamvayal,10.134009,76.477122,rural,183,7.15,False,2024,4,2024-04-01,18497.5,18497.5,223.8,115.17,0.0,False,0.866,0.4043,101.08,True,False,False
KL_0199,Ernakulam,Angamaly,Padamvayal,10.134009,76.477122,rural,183,7.15,False,2024,5,2024-05-01,16438.72,19404.29,196.8,157.51,18.04,True,0.9,0.4241,106.03,True,False,False
KL_0199,Ernakulam,Angamaly,Padamvayal,10.134009,76.477122,rural,183,7.15,False,2024,6,2024-06-01,16782.37,22126.34,233.2,158.45,31.84,True,0.859,0.4836,120.91,False,True,False
KL_0199,Ernakulam,Angamaly,Padamvayal,10.134009,76.477122,rural,183,7.15,False,2024,7,2024-07-01,15638.07,22062.18,213.4,170.16,41.08,True,0.854,0.4822,120.56,False,True,False
KL_0199,Ernakulam,Angamaly,Padamvayal,10.134009,76.477122,rural,183,7.15,False,2024,8,2024-08-01,10830.9,10830.9,229.0,65.03,0.0,False,0.776,0.2367,59.19,False,True,False
KL_0199,Ernakulam,Angamaly,Padamvayal,10.134009,76.477122,rural,183,7.15,False,2024,9,2024-09-01,16188.4,22447.2,225.7,175.03,38.66,True,0.861,0.4906,122.66,False,True,False
KL_0199,Ernakulam,Angamaly,Padamvayal,10.134009,76.477122,rural,183,7.15,False,2024,10,2024-10-01,12022.09,12022.09,231.8,66.77,0.0,False,0.925,0.2628,65.69,False,False,False
KL_0199,Ernakulam,Angamaly,Padamvayal,10.134009,76.477122,rural,183,7.15,False,2024,11,2024-11-01,16822.58,21346.2,233.3,150.62,26.89,True,0.768,0.4666,116.65,False,False,False
KL_0199,Ernakulam,Angamaly,Padamvayal,10.134009,76.477122,rural,183,7.15,False,2024,12,2024-12-01,13744.6,19293.74,214.6,137.73,40.37,True,0.784,0.4217,105.43,False,False,True
KL_0200,Palakkad,Palakkad,Thekkemoodu,10.547059,76.519067,rural,104,13.24,False,2023,1,2023-01-01,7082.12,7082.12,233.1,42.93,0.0,False,0.834,0.2724,68.1,False,False,True
KL_0200,Palakkad,Palakkad,Thekkemoodu,10.547059,76.519067,rural,104,13.24,False,2023,2,2023-02-01,5042.39,5042.39,229.5,32.22,0.0,False,0.782,0.1939,48.48,False,False,True
KL_0200,Palakkad,Palakkad,Thekkemoodu,10.547059,76.519067,rural,104,13.24,False,2023,3,2023-03-01,7104.72,7104.72,221.7,42.93,0.0,False,0.884,0.2733,68.31,True,False,False
KL_0200,Palakkad,Palakkad,Thekkemoodu,10.547059,76.519067,rural,104,13.24,False,2023,4,2023-04-01,10778.49,10778.49,230.1,70.85,0.0,False,0.764,0.4146,103.64,True,False,False
KL_0200,Palakkad,Palakkad,Thekkemoodu,10.547059,76.519067,rural,104,13.24,False,2023,5,2023-05-01,5023.15,5023.15,212.2,35.39,0.0,False,0.884,0.1932,48.3,True,False,False
KL_0200,Palakkad,Palakkad,Thekkemoodu,10.547059,76.519067,rural,104,13.24,False,2023,6,2023-06-01,5369.83,5369.83,241.3,33.58,0.0,False,0.9,0.2065,51.63,False,True,False
KL_0200,Palakkad,Palakkad,Thekkemoodu,10.547059,76.519067,rural,104,13.24,False,2023,7,2023-07-01,10769.55,10769.55,200.8,74.92,0.0,False,0.883,0.4142,103.55,False,True,False
KL_0200,Palakkad,Palakkad,Thekkemoodu,10.547059,76.519067,rural,104,13.24,False,2023,8,2023-08-01,9150.2,9150.2,242.8,55.18,0.0,False,0.851,0.3519,87.98,False,True,False
KL_0200,Palakkad,Palakkad,Thekkemoodu,10.547059,76.519067,rural,104,13.24,False,2023,9,2023-09-01,7843.94,7843.94,239.6,47.09,0.0,False,0.877,0.3017,75.42,False,True,False
KL_0200,Palakkad,Palakkad,Thekkemoodu,10.547059,76.519067,rural,104,13.24,False,2023,10,2023-10-01,10487.21,10487.21,227.4,58.99,0.0,False,0.792,0.4034,100.84,False,False,False
KL_0200,Palakkad,Palakkad,Thekkemoodu,10.547059,76.519067,rural,104,13.24,False,2023,11,2023-11-01,12773.4,12773.4,229.1,73.8,0.0,False,0.863,0.4913,122.82,False,False,False
KL_0200,Palakkad,Palakkad,Thekkemoodu,10.547059,76.519067,rural,104,13.24,False,2023,12,2023-12-01,6852.65,6852.65,229.4,40.27,0.0,False,0.819,0.2636,65.89,False,False,True
KL_0200,Palakkad,Palakkad,Thekkemoodu,10.547059,76.519067,rural,104,13.24,False,2024,1,2024-01-01,7375.25,7375.25,230.3,44.52,0.0,False,0.895,0.2837,70.92,False,False,True
KL_0200,Palakkad,Palakkad,Thekkemoodu,10.547059,76.519067,rural,104,13.24,False,2024,2,2024-02-01,8171.19,8171.19,220.6,53.88,0.0,False,0.886,0.3143,78.57,False,False,True
KL_0200,Palakkad,Palakkad,Thekkemoodu,10.547059,76.519067,rural,104,13.24,False,2024,3,2024-03-01,8285.33,8285.33,219.5,56.5,0.0,False,0.809,0.3187,79.67,True,False,False
KL_0200,Palakkad,Palakkad,Thekkemoodu,10.547059,76.519067,rural,104,13.24,False,2024,4,2024-04-01,12898.91,12898.91,237.4,73.22,0.0,False,0.868,0.4961,124.03,True,False,False
KL_0200,Palakkad,Palakkad,Thekkemoodu,10.547059,76.519067,rural,104,13.24,False,2024,5,2024-05-01,6420.64,6420.64,226.9,39.93,0.0,False,0.87,0.2469,61.74,True,False,False
KL_0200,Palakkad,Palakkad,Thekkemoodu,10.547059,76.519067,rural,104,13.24,False,2024,6,2024-06-01,13899.24,13899.24,215.7,82.46,0.0,False,0.826,0.5346,133.65,False,True,False
KL_0200,Palakkad,Palakkad,Thekkemoodu,10.547059,76.519067,rural,104,13.24,False,2024,7,2024-07-01,13629.78,13629.78,215.4,86.19,0.0,False,0.851,0.5242,131.06,False,True,False
KL_0200,Palakkad,Palakkad,Thekkemoodu,10.547059,76.519067,rural,104,13.24,False,2024,8,2024-08-01,7843.46,7843.46,228.3,47.63,0.0,False,0.876,0.3017,75.42,False,True,False
KL_0200,Palakkad,Palakkad,Thekkemoodu,10.547059,76.519067,rural,104,13.24,False,2024,9,2024-09-01,6691.48,6691.48,238.5,36.0,0.0,False,0.827,0.2574,64.34,False,True,False
KL_0200,Palakkad,Palakkad,Thekkemoodu,10.547059,76.519067,rural,104,13.24,False,2024,10,2024-10-01,8636.98,8636.98,221.4,51.3,0.0,False,0.806,0.3322,83.05,False,False,False
KL_0200,Palakkad,Palakkad,Thekkemoodu,10.547059,76.519067,rural,104,13.24,False,2024,11,2024-11-01,7180.92,7180.92,229.4,42.87,0.0,False,0.861,0.2762,69.05,False,False,False
KL_0200,Palakkad,Palakkad,Thekkemoodu,10.547059,76.519067,rural,104,13.24,False,2024,12,2024-12-01,13159.58,13159.58,227.8,87.04,0.0,False,0.924,0.5061,126.53,False,False,True
KL_0201,Pathanamthitta,Adoor,Padamkavu,9.378939,76.997546,rural,195,6.83,False,2023,1,2023-01-01,17547.39,17547.39,226.3,111.04,0.0,False,0.842,0.3599,89.99,False,False,True
KL_0201,Pathanamthitta,Adoor,Padamkavu,9.378939,76.997546,rural,195,6.83,False,2023,2,2023-02-01,7070.44,7070.44,229.0,41.3,0.0,False,0.832,0.145,36.26,False,False,True
KL_0201,Pathanamthitta,Adoor,Padamkavu,9.378939,76.997546,rural,195,6.83,False,2023,3,2023-03-01,19998.36,19998.36,236.9,128.78,0.0,False,0.81,0.4102,102.56,True,False,False
KL_0201,Pathanamthitta,Adoor,Padamkavu,9.378939,76.997546,rural,195,6.83,False,2023,4,2023-04-01,22075.43,22075.43,222.0,145.59,0.0,False,0.908,0.4528,113.21,True,False,False
KL_0201,Pathanamthitta,Adoor,Padamkavu,9.378939,76.997546,rural,195,6.83,False,2023,5,2023-05-01,20105.83,20105.83,245.6,105.47,0.0,False,0.894,0.4124,103.11,True,False,False
KL_0201,Pathanamthitta,Adoor,Padamkavu,9.378939,76.997546,rural,195,6.83,False,2023,6,2023-06-01,25338.14,25338.14,238.7,141.66,0.0,False,0.843,0.5198,129.94,False,True,False
KL_0201,Pathanamthitta,Adoor,Padamkavu,9.378939,76.997546,rural,195,6.83,False,2023,7,2023-07-01,24840.5,24840.5,241.2,139.64,0.0,False,0.811,0.5095,127.39,False,True,False
KL_0201,Pathanamthitta,Adoor,Padamkavu,9.378939,76.997546,rural,195,6.83,False,2023,8,2023-08-01,14383.06,14383.06,233.9,79.51,0.0,False,0.81,0.295,73.76,False,True,False
KL_0201,Pathanamthitta,Adoor,Padamkavu,9.378939,76.997546,rural,195,6.83,False,2023,9,2023-09-01,12341.01,12341.01,221.9,79.2,0.0,False,0.807,0.2531,63.29,False,True,False
KL_0201,Pathanamthitta,Adoor,Padamkavu,9.378939,76.997546,rural,195,6.83,False,2023,10,2023-10-01,16455.96,16455.96,220.3,104.83,0.0,False,0.825,0.3376,84.39,False,False,False
KL_0201,Pathanamthitta,Adoor,Padamkavu,9.378939,76.997546,rural,195,6.83,False,2023,11,2023-11-01,12495.63,12495.63,226.3,70.43,0.0,False,0.822,0.2563,64.08,False,False,False
KL_0201,Pathanamthitta,Adoor,Padamkavu,9.378939,76.997546,rural,195,6.83,False,2023,12,2023-12-01,10823.7,10823.7,215.5,67.09,0.0,False,0.813,0.222,55.51,False,False,True
KL_0201,Pathanamthitta,Adoor,Padamkavu,9.378939,76.997546,rural,195,6.83,False,2024,1,2024-01-01,15639.14,15639.14,233.6,98.31,0.0,False,0.906,0.3208,80.2,False,False,True
KL_0201,Pathanamthitta,Adoor,Padamkavu,9.378939,76.997546,rural,195,6.83,False,2024,2,2024-02-01,13478.16,13478.16,246.1,78.59,0.0,False,0.929,0.2765,69.12,False,False,True
KL_0201,Pathanamthitta,Adoor,Padamkavu,9.378939,76.997546,rural,195,6.83,False,2024,3,2024-03-01,13736.94,13736.94,256.8,81.07,0.0,False,0.796,0.2818,70.45,True,False,False
KL_0201,Pathanamthitta,Adoor,Padamkavu,9.378939,76.997546,rural,195,6.83,False,2024,4,2024-04-01,8153.31,8153.31,231.9,53.68,0.0,False,0.821,0.1672,41.81,True,False,False
KL_0201,Pathanamthitta,Adoor,Padamkavu,9.378939,76.997546,rural,195,6.83,False,2024,5,2024-05-01,24431.47,24431.47,226.9,135.48,0.0,False,0.803,0.5012,125.29,True,False,False
KL_0201,Pathanamthitta,Adoor,Padamkavu,9.378939,76.997546,rural,195,6.83,False,2024,6,2024-06-01,14733.25,14733.25,223.1,88.94,0.0,False,0.866,0.3022,75.56,False,True,False
KL_0201,Pathanamthitta,Adoor,Padamkavu,9.378939,76.997546,rural,195,6.83,False,2024,7,2024-07-01,10689.14,10689.14,235.4,58.0,0.0,False,0.833,0.2193,54.82,False,True,False
KL_0201,Pathanamthitta,Adoor,Padamkavu,9.378939,76.997546,rural,195,6.83,False,2024,8,2024-08-01,12207.96,12207.96,227.4,73.11,0.0,False,0.798,0.2504,62.6,False,True,False
KL_0201,Pathanamthitta,Adoor,Padamkavu,9.378939,76.997546,rural,195,6.83,False,2024,9,2024-09-01,18928.32,18928.32,226.9,116.22,0.0,False,0.933,0.3883,97.07,False,True,False
KL_0201,Pathanamthitta,Adoor,Padamkavu,9.378939,76.997546,rural,195,6.83,False,2024,10,2024-10-01,7685.15,7685.15,214.0,53.22,0.0,False,0.874,0.1576,39.41,False,False,False
KL_0201,Pathanamthitta,Adoor,Padamkavu,9.378939,76.997546,rural,195,6.83,False,2024,11,2024-11-01,27161.86,27161.86,223.6,172.46,0.0,False,0.801,0.5572,139.29,False,False,False
KL_0201,Pathanamthitta,Adoor,Padamkavu,9.378939,76.997546,rural,195,6.83,False,2024,12,2024-12-01,15582.42,15582.42,235.4,92.69,0.0,False,0.925,0.3196,79.91,False,False,True
KL_0202,Pathanamthitta,Pathanamthitta,Kizhaknagar,9.331816,77.041,rural,56,11.63,False,2023,1,2023-01-01,4268.51,4268.51,222.1,25.64,0.0,False,0.793,0.3049,76.22,False,False,True
KL_0202,Pathanamthitta,Pathanamthitta,Kizhaknagar,9.331816,77.041,rural,56,11.63,False,2023,2,2023-02-01,4865.11,4865.11,219.2,28.56,0.0,False,0.881,0.3475,86.88,False,False,True
KL_0202,Pathanamthitta,Pathanamthitta,Kizhaknagar,9.331816,77.041,rural,56,11.63,False,2023,3,2023-03-01,4372.05,4372.05,216.8,28.8,0.0,False,0.971,0.3123,78.07,True,False,False
KL_0202,Pathanamthitta,Pathanamthitta,Kizhaknagar,9.331816,77.041,rural,56,11.63,False,2023,4,2023-04-01,4223.17,4223.17,225.3,24.42,0.0,False,0.843,0.3017,75.41,True,False,False
KL_0202,Pathanamthitta,Pathanamthitta,Kizhaknagar,9.331816,77.041,rural,56,11.63,False,2023,5,2023-05-01,6404.53,6404.53,224.8,40.53,0.0,False,0.836,0.4575,114.37,True,False,False
KL_0202,Pathanamthitta,Pathanamthitta,Kizhaknagar,9.331816,77.041,rural,56,11.63,False,2023,6,2023-06-01,5886.42,5886.42,234.1,32.7,0.0,False,0.858,0.4205,105.11,False,True,False
KL_0202,Pathanamthitta,Pathanamthitta,Kizhaknagar,9.331816,77.041,rural,56,11.63,False,2023,7,2023-07-01,1329.3,1329.3,224.1,8.15,0.0,False,0.961,0.0949,23.74,False,True,False
KL_0202,Pathanamthitta,Pathanamthitta,Kizhaknagar,9.331816,77.041,rural,56,11.63,False,2023,8,2023-08-01,3129.66,3129.66,225.7,20.32,0.0,False,0.924,0.2235,55.89,False,True,False
KL_0202,Pathanamthitta,Pathanamthitta,Kizhaknagar,9.331816,77.041,rural,56,11.63,False,2023,9,2023-09-01,4839.09,4839.09,234.1,29.82,0.0,False,0.828,0.3456,86.41,False,True,False
KL_0202,Pathanamthitta,Pathanamthitta,Kizhaknagar,9.331816,77.041,rural,56,11.63,False,2023,10,2023-10-01,4256.83,4256.83,228.3,24.82,0.0,False,0.865,0.3041,76.01,False,False,False
KL_0202,Pathanamthitta,Pathanamthitta,Kizhaknagar,9.331816,77.041,rural,56,11.63,False,2023,11,2023-11-01,3722.52,3722.52,226.3,22.06,0.0,False,0.896,0.2659,66.47,False,False,False
KL_0202,Pathanamthitta,Pathanamthitta,Kizhaknagar,9.331816,77.041,rural,56,11.63,False,2023,12,2023-12-01,5944.63,5944.63,210.3,39.0,0.0,False,0.829,0.4246,106.15,False,False,True
KL_0202,Pathanamthitta,Pathanamthitta,Kizhaknagar,9.331816,77.041,rural,56,11.63,False,2024,1,2024-01-01,1781.54,1781.54,238.9,11.29,0.0,False,0.793,0.1273,31.81,False,False,True
KL_0202,Pathanamthitta,Pathanamthitta,Kizhaknagar,9.331816,77.041,rural,56,11.63,False,2024,2,2024-02-01,2189.42,2189.42,235.3,12.8,0.0,False,0.904,0.1564,39.1,False,False,True
KL_0202,Pathanamthitta,Pathanamthitta,Kizhaknagar,9.331816,77.041,rural,56,11.63,False,2024,3,2024-03-01,4584.65,4584.65,225.4,26.26,0.0,False,0.875,0.3275,81.87,True,False,False
KL_0202,Pathanamthitta,Pathanamthitta,Kizhaknagar,9.331816,77.041,rural,56,11.63,False,2024,4,2024-04-01,3529.79,3529.79,218.5,23.9,0.0,False,0.866,0.2521,63.03,True,False,False
KL_0202,Pathanamthitta,Pathanamthitta,Kizhaknagar,9.331816,77.041,rural,56,11.63,False,2024,5,2024-05-01,5080.71,5080.71,229.4,32.08,0.0,False,0.905,0.3629,90.73,True,False,False
KL_0202,Pathanamthitta,Pathanamthitta,Kizhaknagar,9.331816,77.041,rural,56,11.63,False,2024,6,2024-06-01,5067.19,5067.19,226.9,33.78,0.0,False,0.793,0.3619,90.49,False,True,False
KL_0202,Pathanamthitta,Pathanamthitta,Kizhaknagar,9.331816,77.041,rural,56,11.63,False,2024,7,2024-07-01,3994.51,3994.51,235.0,24.41,0.0,False,0.838,0.2853,71.33,False,True,False
KL_0202,Pathanamthitta,Pathanamthitta,Kizhaknagar,9.331816,77.041,rural,56,11.63,False,2024,8,2024-08-01,3890.21,3890.21,220.0,23.39,0.0,False,0.982,0.2779,69.47,False,True,False
KL_0202,Pathanamthitta,Pathanamthitta,Kizhaknagar,9.331816,77.041,rural,56,11.63,False,2024,9,2024-09-01,4221.24,4221.24,232.8,23.61,0.0,False,0.878,0.3015,75.38,False,True,False
KL_0202,Pathanamthitta,Pathanamthitta,Kizhaknagar,9.331816,77.041,rural,56,11.63,False,2024,10,2024-10-01,5252.8,5252.8,224.4,34.86,0.0,False,0.881,0.3752,93.8,False,False,False
KL_0202,Pathanamthitta,Pathanamthitta,Kizhaknagar,9.331816,77.041,rural,56,11.63,False,2024,11,2024-11-01,5566.77,5566.77,214.0,37.46,0.0,False,0.855,0.3976,99.41,False,False,False
KL_0202,Pathanamthitta,Pathanamthitta,Kizhaknagar,9.331816,77.041,rural,56,11.63,False,2024,12,2024-12-01,1489.6,1489.6,251.1,8.39,0.0,False,0.758,0.1064,26.6,False,False,True
KL_0203,Wayanad,Meenangadi,Velliveli,11.681161,76.231678,rural,185,8.03,False,2023,1,2023-01-01,8370.56,8370.56,226.6,47.4,0.0,False,0.809,0.181,45.25,False,False,True
KL_0203,Wayanad,Meenangadi,Velliveli,11.681161,76.231678,rural,185,8.03,False,2023,2,2023-02-01,17679.18,17679.18,219.2,105.21,0.0,False,0.896,0.3823,95.56,False,False,True
KL_0203,Wayanad,Meenangadi,Velliveli,11.681161,76.231678,rural,185,8.03,False,2023,3,2023-03-01,4786.87,4786.87,230.2,28.56,0.0,False,0.823,0.1035,25.87,True,False,False
KL_0203,Wayanad,Meenangadi,Velliveli,11.681161,76.231678,rural,185,8.03,False,2023,4,2023-04-01,13909.77,13909.77,236.7,82.05,0.0,False,0.842,0.3008,75.19,True,False,False
KL_0203,Wayanad,Meenangadi,Velliveli,11.681161,76.231678,rural,185,8.03,False,2023,5,2023-05-01,21433.55,21433.55,231.8,129.85,0.0,False,0.865,0.4634,115.86,True,False,False
KL_0203,Wayanad,Meenangadi,Velliveli,11.681161,76.231678,rural,185,8.03,False,2023,6,2023-06-01,18533.76,18533.76,226.4,113.88,0.0,False,0.801,0.4007,100.18,False,True,False
KL_0203,Wayanad,Meenangadi,Velliveli,11.681161,76.231678,rural,185,8.03,False,2023,7,2023-07-01,11753.23,11753.23,231.5,73.48,0.0,False,0.786,0.2541,63.53,False,True,False
KL_0203,Wayanad,Meenangadi,Velliveli,11.681161,76.231678,rural,185,8.03,False,2023,8,2023-08-01,10150.32,10150.32,229.8,62.66,0.0,False,0.849,0.2195,54.87,False,True,False
KL_0203,Wayanad,Meenangadi,Velliveli,11.681161,76.231678,rural,185,8.03,False,2023,9,2023-09-01,18783.74,18783.74,216.2,116.0,0.0,False,0.831,0.4061,101.53,False,True,False
KL_0203,Wayanad,Meenangadi,Velliveli,11.681161,76.231678,rural,185,8.03,False,2023,10,2023-10-01,19407.22,19407.22,222.8,122.17,0.0,False,0.861,0.4196,104.9,False,False,False
KL_0203,Wayanad,Meenangadi,Velliveli,11.681161,76.231678,rural,185,8.03,False,2023,11,2023-11-01,10099.44,10099.44,227.2,65.57,0.0,False,0.778,0.2184,54.59,False,False,False
KL_0203,Wayanad,Meenangadi,Velliveli,11.681161,76.231678,rural,185,8.03,False,2023,12,2023-12-01,11508.77,11508.77,234.2,68.42,0.0,False,0.823,0.2488,62.21,False,False,True
KL_0203,Wayanad,Meenangadi,Velliveli,11.681161,76.231678,rural,185,8.03,False,2024,1,2024-01-01,15895.31,15895.31,228.3,87.17,0.0,False,0.884,0.3437,85.92,False,False,True
KL_0203,Wayanad,Meenangadi,Velliveli,11.681161,76.231678,rural,185,8.03,False,2024,2,2024-02-01,11816.34,11816.34,233.6,75.95,0.0,False,0.997,0.2555,63.87,False,False,True
KL_0203,Wayanad,Meenangadi,Velliveli,11.681161,76.231678,rural,185,8.03,False,2024,3,2024-03-01,23658.69,23658.69,236.9,138.14,0.0,False,0.856,0.5115,127.88,True,False,False
KL_0203,Wayanad,Meenangadi,Velliveli,11.681161,76.231678,rural,185,8.03,False,2024,4,2024-04-01,17386.89,17386.89,217.6,120.85,0.0,False,0.884,0.3759,93.98,True,False,False
KL_0203,Wayanad,Meenangadi,Velliveli,11.681161,76.231678,rural,185,8.03,False,2024,5,2024-05-01,15897.54,15897.54,199.6,114.98,0.0,False,0.874,0.3437,85.93,True,False,False
KL_0203,Wayanad,Meenangadi,Velliveli,11.681161,76.231678,rural,185,8.03,False,2024,6,2024-06-01,14663.02,14663.02,229.4,93.43,0.0,False,0.865,0.317,79.26,False,True,False
KL_0203,Wayanad,Meenangadi,Velliveli,11.681161,76.231678,rural,185,8.03,False,2024,7,2024-07-01,14752.42,14752.42,227.5,93.05,0.0,False,0.884,0.319,79.74,False,True,False
KL_0203,Wayanad,Meenangadi,Velliveli,11.681161,76.231678,rural,185,8.03,False,2024,8,2024-08-01,15686.27,15686.27,236.9,84.83,0.0,False,0.802,0.3392,84.79,False,True,False
KL_0203,Wayanad,Meenangadi,Velliveli,11.681161,76.231678,rural,185,8.03,False,2024,9,2024-09-01,10695.83,10695.83,228.1,71.56,0.0,False,0.832,0.2313,57.82,False,True,False
KL_0203,Wayanad,Meenangadi,Velliveli,11.681161,76.231678,rural,185,8.03,False,2024,10,2024-10-01,16550.9,16550.9,234.7,89.21,0.0,False,0.862,0.3579,89.46,False,False,False
KL_0203,Wayanad,Meenangadi,Velliveli,11.681161,76.231678,rural,185,8.03,False,2024,11,2024-11-01,12736.21,12736.21,230.9,78.0,0.0,False,0.802,0.2754,68.84,False,False,False
KL_0203,Wayanad,Meenangadi,Velliveli,11.681161,76.231678,rural,185,8.03,False,2024,12,2024-12-01,14934.76,14934.76,207.6,98.6,0.0,False,0.872,0.3229,80.73,False,False,True
KL_0204,Malappuram,Ponnani,Thodupara,11.294557,76.374308,urban,197,1.46,False,2023,1,2023-01-01,29205.44,29205.44,220.1,192.11,0.0,False,0.754,0.593,148.25,False,False,True
KL_0204,Malappuram,Ponnani,Thodupara,11.294557,76.374308,urban,197,1.46,False,2023,2,2023-02-01,34107.36,34107.36,227.9,195.88,0.0,False,0.891,0.6925,173.13,False,False,True
KL_0204,Malappuram,Ponnani,Thodupara,11.294557,76.374308,urban,197,1.46,False,2023,3,2023-03-01,38491.83,38491.83,225.0,253.53,0.0,False,0.842,0.7816,195.39,True,False,False
KL_0204,Malappuram,Ponnani,Thodupara,11.294557,76.374308,urban,197,1.46,False,2023,4,2023-04-01,37515.88,37515.88,218.8,222.4,0.0,False,0.885,0.7617,190.44,True,False,False
KL_0204,Malappuram,Ponnani,Thodupara,11.294557,76.374308,urban,197,1.46,False,2023,5,2023-05-01,56614.89,56614.89,231.2,307.94,0.0,False,0.9,1.1495,287.39,True,False,False
KL_0204,Malappuram,Ponnani,Thodupara,11.294557,76.374308,urban,197,1.46,False,2023,6,2023-06-01,35196.87,35196.87,233.0,217.98,0.0,False,0.92,0.7147,178.66,False,True,False
KL_0204,Malappuram,Ponnani,Thodupara,11.294557,76.374308,urban,197,1.46,False,2023,7,2023-07-01,48528.93,48528.93,231.1,266.48,0.0,False,0.863,0.9854,246.34,False,True,False
KL_0204,Malappuram,Ponnani,Thodupara,11.294557,76.374308,urban,197,1.46,False,2023,8,2023-08-01,27592.94,27592.94,238.3,159.93,0.0,False,0.763,0.5603,140.07,False,True,False
KL_0204,Malappuram,Ponnani,Thodupara,11.294557,76.374308,urban,197,1.46,False,2023,9,2023-09-01,47157.44,47157.44,219.4,284.76,0.0,False,0.762,0.9575,239.38,False,True,False
KL_0204,Malappuram,Ponnani,Thodupara,11.294557,76.374308,urban,197,1.46,False,2023,10,2023-10-01,42429.13,42429.13,218.5,256.69,0.0,False,0.787,0.8615,215.38,False,False,False
KL_0204,Malappuram,Ponnani,Thodupara,11.294557,76.374308,urban,197,1.46,False,2023,11,2023-11-01,32513.45,32513.45,222.4,187.03,0.0,False,0.886,0.6602,165.04,False,False,False
KL_0204,Malappuram,Ponnani,Thodupara,11.294557,76.374308,urban,197,1.46,False,2023,12,2023-12-01,37726.68,37726.68,220.7,225.55,0.0,False,0.78,0.766,191.51,False,False,True
KL_0204,Malappuram,Ponnani,Thodupara,11.294557,76.374308,urban,197,1.46,False,2024,1,2024-01-01,40420.18,40420.18,225.0,264.62,0.0,False,0.838,0.8207,205.18,False,False,True
KL_0204,Malappuram,Ponnani,Thodupara,11.294557,76.374308,urban,197,1.46,False,2024,2,2024-02-01,36221.26,36221.26,227.1,224.26,0.0,False,0.829,0.7355,183.86,False,False,True
KL_0204,Malappuram,Ponnani,Thodupara,11.294557,76.374308,urban,197,1.46,False,2024,3,2024-03-01,33391.16,33391.16,224.4,204.77,0.0,False,0.868,0.678,169.5,True,False,False
KL_0204,Malappuram,Ponnani,Thodupara,11.294557,76.374308,urban,197,1.46,False,2024,4,2024-04-01,44808.72,44808.72,237.9,269.01,0.0,False,0.886,0.9098,227.46,True,False,False
KL_0204,Malappuram,Ponnani,Thodupara,11.294557,76.374308,urban,197,1.46,False,2024,5,2024-05-01,32493.91,32493.91,232.5,199.17,0.0,False,0.855,0.6598,164.94,True,False,False
KL_0204,Malappuram,Ponnani,Thodupara,11.294557,76.374308,urban,197,1.46,False,2024,6,2024-06-01,39616.32,39616.32,230.2,257.75,0.0,False,0.89,0.8044,201.1,False,True,False
KL_0204,Malappuram,Ponnani,Thodupara,11.294557,76.374308,urban,197,1.46,False,2024,7,2024-07-01,47993.29,47993.29,229.8,278.68,0.0,False,0.795,0.9745,243.62,False,True,False
KL_0204,Malappuram,Ponnani,Thodupara,11.294557,76.374308,urban,197,1.46,False,2024,8,2024-08-01,40369.29,40369.29,244.1,233.63,0.0,False,0.901,0.8197,204.92,False,True,False
KL_0204,Malappuram,Ponnani,Thodupara,11.294557,76.374308,urban,197,1.46,False,2024,9,2024-09-01,34295.71,34295.71,245.7,178.57,0.0,False,0.857,0.6964,174.09,False,True,False
KL_0204,Malappuram,Ponnani,Thodupara,11.294557,76.374308,urban,197,1.46,False,2024,10,2024-10-01,34075.14,34075.14,253.1,197.89,0.0,False,0.888,0.6919,172.97,False,False,False
KL_0204,Malappuram,Ponnani,Thodupara,11.294557,76.374308,urban,197,1.46,False,2024,11,2024-11-01,38045.45,38045.45,244.8,220.26,0.0,False,0.824,0.7725,193.12,False,False,False
KL_0204,Malappuram,Ponnani,Thodupara,11.294557,76.374308,urban,197,1.46,False,2024,12,2024-12-01,38951.58,38951.58,223.8,240.14,0.0,False,0.747,0.7909,197.72,False,False,True
KL_0205,Malappuram,Manjeri,Vadakkepuram,11.208681,75.933636,urban,44,0.63,False,2023,1,2023-01-01,10274.39,10274.39,231.3,64.91,0.0,False,0.883,0.934,233.51,False,False,True
KL_0205,Malappuram,Manjeri,Vadakkepuram,11.208681,75.933636,urban,44,0.63,False,2023,2,2023-02-01,8266.72,8266.72,224.2,46.49,0.0,False,0.843,0.7515,187.88,False,False,True
KL_0205,Malappuram,Manjeri,Vadakkepuram,11.208681,75.933636,urban,44,0.63,False,2023,3,2023-03-01,9808.71,9808.71,225.3,56.37,0.0,False,0.91,0.8917,222.93,True,False,False
KL_0205,Malappuram,Manjeri,Vadakkepuram,11.208681,75.933636,urban,44,0.63,False,2023,4,2023-04-01,10810.72,10810.72,236.5,61.94,0.0,False,0.871,0.9828,245.7,True,False,False
KL_0205,Malappuram,Manjeri,Vadakkepuram,11.208681,75.933636,urban,44,0.63,False,2023,5,2023-05-01,12314.68,12314.68,228.3,74.9,0.0,False,0.998,1.1195,279.88,True,False,False
KL_0205,Malappuram,Manjeri,Vadakkepuram,11.208681,75.933636,urban,44,0.63,False,2023,6,2023-06-01,7588.79,7588.79,230.5,48.37,0.0,False,0.914,0.6899,172.47,False,True,False
KL_0205,Malappuram,Manjeri,Vadakkepuram,11.208681,75.933636,urban,44,0.63,False,2023,7,2023-07-01,8084.69,8084.69,230.4,46.56,0.0,False,0.838,0.735,183.74,False,True,False
KL_0205,Malappuram,Manjeri,Vadakkepuram,11.208681,75.933636,urban,44,0.63,False,2023,8,2023-08-01,4695.21,4695.21,224.5,31.35,0.0,False,0.771,0.4268,106.71,False,True,False
KL_0205,Malappuram,Manjeri,Vadakkepuram,11.208681,75.933636,urban,44,0.63,False,2023,9,2023-09-01,7127.3,7127.3,230.5,47.21,0.0,False,0.806,0.6479,161.98,False,True,False
KL_0205,Malappuram,Manjeri,Vadakkepuram,11.208681,75.933636,urban,44,0.63,False,2023,10,2023-10-01,9703.8,9703.8,224.2,57.64,0.0,False,0.803,0.8822,220.54,False,False,False
KL_0205,Malappuram,Manjeri,Vadakkepuram,11.208681,75.933636,urban,44,0.63,False,2023,11,2023-11-01,7426.74,7426.74,212.8,44.03,0.0,False,0.824,0.6752,168.79,False,False,False
KL_0205,Malappuram,Manjeri,Vadakkepuram,11.208681,75.933636,urban,44,0.63,False,2023,12,2023-12-01,4523.94,4523.94,224.4,26.89,0.0,False,0.844,0.4113,102.82,False,False,True
KL_0205,Malappuram,Manjeri,Vadakkepuram,11.208681,75.933636,urban,44,0.63,False,2024,1,2024-01-01,7866.38,7866.38,216.5,49.11,0.0,False,0.866,0.7151,178.78,False,False,True
KL_0205,Malappuram,Manjeri,Vadakkepuram,11.208681,75.933636,urban,44,0.63,False,2024,2,2024-02-01,7136.13,7136.13,226.5,39.97,0.0,False,0.919,0.6487,162.18,False,False,True
KL_0205,Malappuram,Manjeri,Vadakkepuram,11.208681,75.933636,urban,44,0.63,False,2024,3,2024-03-01,6927.61,6927.61,230.5,43.46,0.0,False,0.806,0.6298,157.45,True,False,False
KL_0205,Malappuram,Manjeri,Vadakkepuram,11.208681,75.933636,urban,44,0.63,False,2024,4,2024-04-01,12016.81,12016.81,230.8,66.41,0.0,False,0.781,1.0924,273.11,True,False,False
KL_0205,Malappuram,Manjeri,Vadakkepuram,11.208681,75.933636,urban,44,0.63,False,2024,5,2024-05-01,9517.24,9517.24,233.3,51.1,0.0,False,0.892,0.8652,216.3,True,False,False
KL_0205,Malappuram,Manjeri,Vadakkepuram,11.208681,75.933636,urban,44,0.63,False,2024,6,2024-06-01,11019.36,11019.36,217.0,66.49,0.0,False,0.917,1.0018,250.44,False,True,False
KL_0205,Malappuram,Manjeri,Vadakkepuram,11.208681,75.933636,urban,44,0.63,False,2024,7,2024-07-01,14488.69,14488.69,229.6,92.19,0.0,False,0.825,1.3172,329.29,False,True,False
KL_0205,Malappuram,Manjeri,Vadakkepuram,11.208681,75.933636,urban,44,0.63,False,2024,8,2024-08-01,7976.66,7976.66,215.5,49.1,0.0,False,0.902,0.7252,181.29,False,True,False
KL_0205,Malappuram,Manjeri,Vadakkepuram,11.208681,75.933636,urban,44,0.63,False,2024,9,2024-09-01,10184.89,10184.89,234.2,60.48,0.0,False,0.889,0.9259,231.47,False,True,False
KL_0205,Malappuram,Manjeri,Vadakkepuram,11.208681,75.933636,urban,44,0.63,False,2024,10,2024-10-01,10895.58,10895.58,232.9,63.17,0.0,False,0.765,0.9905,247.63,False,False,False
KL_0205,Malappuram,Manjeri,Vadakkepuram,11.208681,75.933636,urban,44,0.63,False,2024,11,2024-11-01,9961.36,9961.36,240.7,58.39,0.0,False,0.818,0.9056,226.39,False,False,False
KL_0205,Malappuram,Manjeri,Vadakkepuram,11.208681,75.933636,urban,44,0.63,False,2024,12,2024-12-01,10798.87,10798.87,220.0,61.9,0.0,False,0.826,0.9817,245.43,False,False,True
KL_0206,Alappuzha,Mavelikkara,Manathara,9.366724,76.50946,rural,127,11.22,False,2023,1,2023-01-01,8028.29,8028.29,233.4,43.12,0.0,False,0.949,0.2529,63.21,False,False,True
KL_0206,Alappuzha,Mavelikkara,Manathara,9.366724,76.50946,rural,127,11.22,False,2023,2,2023-02-01,9344.57,9344.57,223.9,58.26,0.0,False,0.875,0.2943,73.58,False,False,True
KL_0206,Alappuzha,Mavelikkara,Manathara,9.366724,76.50946,rural,127,11.22,False,2023,3,2023-03-01,14797.52,14797.52,233.6,94.09,0.0,False,0.825,0.4661,116.52,True,False,False
KL_0206,Alappuzha,Mavelikkara,Manathara,9.366724,76.50946,rural,127,11.22,False,2023,4,2023-04-01,13713.04,13713.04,248.2,72.67,0.0,False,0.815,0.4319,107.98,True,False,False
KL_0206,Alappuzha,Mavelikkara,Manathara,9.366724,76.50946,rural,127,11.22,False,2023,5,2023-05-01,17897.42,17897.42,229.6,99.16,0.0,False,0.772,0.5637,140.92,True,False,False
KL_0206,Alappuzha,Mavelikkara,Manathara,9.366724,76.50946,rural,127,11.22,False,2023,6,2023-06-01,12630.56,12630.56,222.2,82.79,0.0,False,0.903,0.3978,99.45,False,True,False
KL_0206,Alappuzha,Mavelikkara,Manathara,9.366724,76.50946,rural,127,11.22,False,2023,7,2023-07-01,7647.42,7647.42,222.8,49.69,0.0,False,0.87,0.2409,60.22,False,True,False
KL_0206,Alappuzha,Mavelikkara,Manathara,9.366724,76.50946,rural,127,11.22,False,2023,8,2023-08-01,7042.1,7042.1,232.6,42.23,0.0,False,0.881,0.2218,55.45,False,True,False
KL_0206,Alappuzha,Mavelikkara,Manathara,9.366724,76.50946,rural,127,11.22,False,2023,9,2023-09-01,9325.47,9325.47,229.0,59.78,0.0,False,0.786,0.2937,73.43,False,True,False
KL_0206,Alappuzha,Mavelikkara,Manathara,9.366724,76.50946,rural,127,11.22,False,2023,10,2023-10-01,7960.21,7960.21,241.5,44.39,0.0,False,0.887,0.2507,62.68,False,False,False
KL_0206,Alappuzha,Mavelikkara,Manathara,9.366724,76.50946,rural,127,11.22,False,2023,11,2023-11-01,13684.4,13684.4,239.1,81.47,0.0,False,0.838,0.431,107.75,False,False,False
KL_0206,Alappuzha,Mavelikkara,Manathara,9.366724,76.50946,rural,127,11.22,False,2023,12,2023-12-01,10559.5,10559.5,226.6,66.45,0.0,False,0.814,0.3326,83.15,False,False,True
KL_0206,Alappuzha,Mavelikkara,Manathara,9.366724,76.50946,rural,127,11.22,False,2024,1,2024-01-01,12030.18,12030.18,236.1,67.96,0.0,False,0.876,0.3789,94.73,False,False,True
KL_0206,Alappuzha,Mavelikkara,Manathara,9.366724,76.50946,rural,127,11.22,False,2024,2,2024-02-01,14531.39,14531.39,226.0,93.02,0.0,False,0.79,0.4577,114.42,False,False,True
KL_0206,Alappuzha,Mavelikkara,Manathara,9.366724,76.50946,rural,127,11.22,False,2024,3,2024-03-01,7240.65,7240.65,232.8,39.13,0.0,False,0.859,0.2281,57.01,True,False,False
KL_0206,Alappuzha,Mavelikkara,Manathara,9.366724,76.50946,rural,127,11.22,False,2024,4,2024-04-01,11087.28,11087.28,234.9,72.03,0.0,False,0.837,0.3492,87.3,True,False,False
KL_0206,Alappuzha,Mavelikkara,Manathara,9.366724,76.50946,rural,127,11.22,False,2024,5,2024-05-01,15709.08,15709.08,239.8,90.8,0.0,False,0.904,0.4948,123.69,True,False,False
KL_0206,Alappuzha,Mavelikkara,Manathara,9.366724,76.50946,rural,127,11.22,False,2024,6,2024-06-01,14088.46,14088.46,206.1,87.68,0.0,False,0.895,0.4437,110.93,False,True,False
KL_0206,Alappuzha,Mavelikkara,Manathara,9.366724,76.50946,rural,127,11.22,False,2024,7,2024-07-01,7446.97,7446.97,228.6,45.96,0.0,False,0.855,0.2346,58.64,False,True,False
KL_0206,Alappuzha,Mavelikkara,Manathara,9.366724,76.50946,rural,127,11.22,False,2024,8,2024-08-01,6876.52,6876.52,220.9,42.3,0.0,False,0.864,0.2166,54.15,False,True,False
KL_0206,Alappuzha,Mavelikkara,Manathara,9.366724,76.50946,rural,127,11.22,False,2024,9,2024-09-01,10894.3,10894.3,219.1,64.47,0.0,False,0.88,0.3431,85.78,False,True,False
KL_0206,Alappuzha,Mavelikkara,Manathara,9.366724,76.50946,rural,127,11.22,False,2024,10,2024-10-01,13387.31,13387.31,230.1,86.93,0.0,False,0.85,0.4216,105.41,False,False,False
KL_0206,Alappuzha,Mavelikkara,Manathara,9.366724,76.50946,rural,127,11.22,False,2024,11,2024-11-01,5349.13,5349.13,234.0,30.53,0.0,False,0.809,0.1685,42.12,False,False,False
KL_0206,Alappuzha,Mavelikkara,Manathara,9.366724,76.50946,rural,127,11.22,False,2024,12,2024-12-01,12909.9,12909.9,224.7,84.67,0.0,False,0.826,0.4066,101.65,False,False,True
KL_0207,Alappuzha,Haripad,Kottathara,9.496908,76.652927,semi-urban,37,5.94,False,2023,1,2023-01-01,3154.61,3154.61,227.6,20.6,0.0,False,0.789,0.341,85.26,False,False,True
KL_0207,Alappuzha,Haripad,Kottathara,9.496908,76.652927,semi-urban,37,5.94,False,2023,2,2023-02-01,3971.12,3971.12,227.0,26.3,0.0,False,0.896,0.4293,107.33,False,False,True
KL_0207,Alappuzha,Haripad,Kottathara,9.496908,76.652927,semi-urban,37,5.94,False,2023,3,2023-03-01,5287.31,5287.31,215.0,34.24,0.0,False,0.87,0.5716,142.9,True,False,False
KL_0207,Alappuzha,Haripad,Kottathara,9.496908,76.652927,semi-urban,37,5.94,False,2023,4,2023-04-01,5017.22,5017.22,222.9,32.52,0.0,False,0.829,0.5424,135.6,True,False,False
KL_0207,Alappuzha,Haripad,Kottathara,9.496908,76.652927,semi-urban,37,5.94,False,2023,5,2023-05-01,7694.6,7694.6,228.2,49.27,0.0,False,0.814,0.8318,207.96,True,False,False
KL_0207,Alappuzha,Haripad,Kottathara,9.496908,76.652927,semi-urban,37,5.94,False,2023,6,2023-06-01,5358.03,5358.03,219.1,34.57,0.0,False,0.862,0.5792,144.81,False,True,False
KL_0207,Alappuzha,Haripad,Kottathara,9.496908,76.652927,semi-urban,37,5.94,False,2023,7,2023-07-01,3914.27,3914.27,215.9,24.3,0.0,False,0.779,0.4232,105.79,False,True,False
KL_0207,Alappuzha,Haripad,Kottathara,9.496908,76.652927,semi-urban,37,5.94,False,2023,8,2023-08-01,2176.09,2176.09,228.8,13.94,0.0,False,0.797,0.2353,58.81,False,True,False
KL_0207,Alappuzha,Haripad,Kottathara,9.496908,76.652927,semi-urban,37,5.94,False,2023,9,2023-09-01,3535.42,3535.42,228.5,19.45,0.0,False,0.849,0.3822,95.55,False,True,False
KL_0207,Alappuzha,Haripad,Kottathara,9.496908,76.652927,semi-urban,37,5.94,False,2023,10,2023-10-01,7810.71,7810.71,232.6,42.16,0.0,False,0.972,0.8444,211.1,False,False,False
KL_0207,Alappuzha,Haripad,Kottathara,9.496908,76.652927,semi-urban,37,5.94,False,2023,11,2023-11-01,4881.06,4881.06,220.9,32.85,0.0,False,0.873,0.5277,131.92,False,False,False
KL_0207,Alappuzha,Haripad,Kottathara,9.496908,76.652927,semi-urban,37,5.94,False,2023,12,2023-12-01,4522.4,4522.4,222.5,25.5,0.0,False,0.859,0.4889,122.23,False,False,True
KL_0207,Alappuzha,Haripad,Kottathara,9.496908,76.652927,semi-urban,37,5.94,False,2024,1,2024-01-01,4814.73,4814.73,220.0,29.0,0.0,False,0.791,0.5205,130.13,False,False,True
KL_0207,Alappuzha,Haripad,Kottathara,9.496908,76.652927,semi-urban,37,5.94,False,2024,2,2024-02-01,5445.89,5445.89,229.4,33.26,0.0,False,0.803,0.5887,147.19,False,False,True
KL_0207,Alappuzha,Haripad,Kottathara,9.496908,76.652927,semi-urban,37,5.94,False,2024,3,2024-03-01,4070.63,4070.63,237.6,24.7,0.0,False,0.918,0.4401,110.02,True,False,False
KL_0207,Alappuzha,Haripad,Kottathara,9.496908,76.652927,semi-urban,37,5.94,False,2024,4,2024-04-01,3278.77,3278.77,225.3,21.82,0.0,False,0.827,0.3545,88.62,True,False,False
KL_0207,Alappuzha,Haripad,Kottathara,9.496908,76.652927,semi-urban,37,5.94,False,2024,5,2024-05-01,8056.34,8056.34,218.7,52.99,0.0,False,0.854,0.871,217.74,True,False,False
KL_0207,Alappuzha,Haripad,Kottathara,9.496908,76.652927,semi-urban,37,5.94,False,2024,6,2024-06-01,6281.38,6281.38,227.6,34.85,0.0,False,0.88,0.6791,169.77,False,True,False
KL_0207,Alappuzha,Haripad,Kottathara,9.496908,76.652927,semi-urban,37,5.94,False,2024,7,2024-07-01,5739.23,5739.23,231.5,34.44,0.0,False,0.829,0.6205,155.11,False,True,False
KL_0207,Alappuzha,Haripad,Kottathara,9.496908,76.652927,semi-urban,37,5.94,False,2024,8,2024-08-01,5554.6,5554.6,211.1,36.92,0.0,False,0.825,0.6005,150.12,False,True,False
KL_0207,Alappuzha,Haripad,Kottathara,9.496908,76.652927,semi-urban,37,5.94,False,2024,9,2024-09-01,6343.98,6343.98,214.1,44.62,0.0,False,0.764,0.6858,171.46,False,True,False
KL_0207,Alappuzha,Haripad,Kottathara,9.496908,76.652927,semi-urban,37,5.94,False,2024,10,2024-10-01,6944.09,6944.09,224.1,39.62,0.0,False,0.789,0.7507,187.68,False,False,False
KL_0207,Alappuzha,Haripad,Kottathara,9.496908,76.652927,semi-urban,37,5.94,False,2024,11,2024-11-01,6382.98,6382.98,222.4,37.94,0.0,False,0.879,0.6901,172.51,False,False,False
KL_0207,Alappuzha,Haripad,Kottathara,9.496908,76.652927,semi-urban,37,5.94,False,2024,12,2024-12-01,4191.84,4191.84,224.6,27.01,0.0,False,0.828,0.4532,113.29,False,False,True
KL_0208,Kasaragod,Kanhangad,Nallavayal,12.473778,75.132057,semi-urban,100,5.61,False,2023,1,2023-01-01,13438.98,13438.98,215.2,78.84,0.0,False,0.883,0.5376,134.39,False,False,True
KL_0208,Kasaragod,Kanhangad,Nallavayal,12.473778,75.132057,semi-urban,100,5.61,False,2023,2,2023-02-01,12031.49,12031.49,243.5,73.82,0.0,False,0.771,0.4813,120.31,False,False,True
KL_0208,Kasaragod,Kanhangad,Nallavayal,12.473778,75.132057,semi-urban,100,5.61,False,2023,3,2023-03-01,15990.07,15990.07,239.0,88.94,0.0,False,0.891,0.6396,159.9,True,False,False
KL_0208,Kasaragod,Kanhangad,Nallavayal,12.473778,75.132057,semi-urban,100,5.61,False,2023,4,2023-04-01,21726.78,21726.78,233.7,131.68,0.0,False,0.848,0.8691,217.27,True,False,False
KL_0208,Kasaragod,Kanhangad,Nallavayal,12.473778,75.132057,semi-urban,100,5.61,False,2023,5,2023-05-01,14184.74,14184.74,234.6,85.94,0.0,False,0.776,0.5674,141.85,True,False,False
KL_0208,Kasaragod,Kanhangad,Nallavayal,12.473778,75.132057,semi-urban,100,5.61,False,2023,6,2023-06-01,14465.26,14465.26,220.7,95.28,0.0,False,0.906,0.5786,144.65,False,True,False
KL_0208,Kasaragod,Kanhangad,Nallavayal,12.473778,75.132057,semi-urban,100,5.61,False,2023,7,2023-07-01,9503.77,9503.77,228.3,54.36,0.0,False,0.78,0.3802,95.04,False,True,False
KL_0208,Kasaragod,Kanhangad,Nallavayal,12.473778,75.132057,semi-urban,100,5.61,False,2023,8,2023-08-01,10362.08,10362.08,234.7,60.92,0.0,False,0.904,0.4145,103.62,False,True,False
KL_0208,Kasaragod,Kanhangad,Nallavayal,12.473778,75.132057,semi-urban,100,5.61,False,2023,9,2023-09-01,20824.48,20824.48,220.0,128.21,0.0,False,0.848,0.833,208.24,False,True,False
KL_0208,Kasaragod,Kanhangad,Nallavayal,12.473778,75.132057,semi-urban,100,5.61,False,2023,10,2023-10-01,20668.92,20668.92,231.7,125.29,0.0,False,0.805,0.8268,206.69,False,False,False
KL_0208,Kasaragod,Kanhangad,Nallavayal,12.473778,75.132057,semi-urban,100,5.61,False,2023,11,2023-11-01,20354.27,20354.27,217.7,122.22,0.0,False,0.942,0.8142,203.54,False,False,False
KL_0208,Kasaragod,Kanhangad,Nallavayal,12.473778,75.132057,semi-urban,100,5.61,False,2023,12,2023-12-01,13441.38,13441.38,227.3,81.48,0.0,False,0.87,0.5377,134.41,False,False,True
KL_0208,Kasaragod,Kanhangad,Nallavayal,12.473778,75.132057,semi-urban,100,5.61,False,2024,1,2024-01-01,9801.56,9801.56,237.4,53.63,0.0,False,0.911,0.3921,98.02,False,False,True
KL_0208,Kasaragod,Kanhangad,Nallavayal,12.473778,75.132057,semi-urban,100,5.61,False,2024,2,2024-02-01,12673.72,12673.72,230.5,75.03,0.0,False,0.872,0.5069,126.74,False,False,True
KL_0208,Kasaragod,Kanhangad,Nallavayal,12.473778,75.132057,semi-urban,100,5.61,False,2024,3,2024-03-01,12443.15,12443.15,220.1,71.71,0.0,False,0.839,0.4977,124.43,True,False,False
KL_0208,Kasaragod,Kanhangad,Nallavayal,12.473778,75.132057,semi-urban,100,5.61,False,2024,4,2024-04-01,19454.7,19454.7,232.4,124.99,0.0,False,0.806,0.7782,194.55,True,False,False
KL_0208,Kasaragod,Kanhangad,Nallavayal,12.473778,75.132057,semi-urban,100,5.61,False,2024,5,2024-05-01,26540.3,26540.3,249.3,140.02,0.0,False,0.841,1.0616,265.4,True,False,False
KL_0208,Kasaragod,Kanhangad,Nallavayal,12.473778,75.132057,semi-urban,100,5.61,False,2024,6,2024-06-01,17023.44,17023.44,209.0,108.82,0.0,False,0.858,0.6809,170.23,False,True,False
KL_0208,Kasaragod,Kanhangad,Nallavayal,12.473778,75.132057,semi-urban,100,5.61,False,2024,7,2024-07-01,23181.71,23181.71,226.7,147.47,0.0,False,0.891,0.9273,231.82,False,True,False
KL_0208,Kasaragod,Kanhangad,Nallavayal,12.473778,75.132057,semi-urban,100,5.61,False,2024,8,2024-08-01,14995.92,14995.92,229.1,85.5,0.0,False,0.83,0.5998,149.96,False,True,False
KL_0208,Kasaragod,Kanhangad,Nallavayal,12.473778,75.132057,semi-urban,100,5.61,False,2024,9,2024-09-01,11463.59,11463.59,229.6,71.96,0.0,False,0.876,0.4585,114.64,False,True,False
KL_0208,Kasaragod,Kanhangad,Nallavayal,12.473778,75.132057,semi-urban,100,5.61,False,2024,10,2024-10-01,19709.88,19709.88,235.3,114.35,0.0,False,0.934,0.7884,197.1,False,False,False
KL_0208,Kasaragod,Kanhangad,Nallavayal,12.473778,75.132057,semi-urban,100,5.61,False,2024,11,2024-11-01,19225.58,19225.58,216.3,115.49,0.0,False,0.858,0.769,192.26,False,False,False
KL_0208,Kasaragod,Kanhangad,Nallavayal,12.473778,75.132057,semi-urban,100,5.61,False,2024,12,2024-12-01,12219.74,12219.74,235.5,74.34,0.0,False,0.752,0.4888,122.2,False,False,True
KL_0209,Kottayam,Pala,Manjamoodu,9.801129,76.617462,rural,148,9.23,False,2023,1,2023-01-01,8864.29,8864.29,233.6,52.27,0.0,False,0.852,0.2396,59.89,False,False,True
KL_0209,Kottayam,Pala,Manjamoodu,9.801129,76.617462,rural,148,9.23,False,2023,2,2023-02-01,4473.48,4473.48,222.2,25.66,0.0,False,0.845,0.1209,30.23,False,False,True
KL_0209,Kottayam,Pala,Manjamoodu,9.801129,76.617462,rural,148,9.23,False,2023,3,2023-03-01,9790.1,9790.1,229.5,56.18,0.0,False,0.844,0.2646,66.15,True,False,False
KL_0209,Kottayam,Pala,Manjamoodu,9.801129,76.617462,rural,148,9.23,False,2023,4,2023-04-01,15243.77,15243.77,217.9,93.85,0.0,False,0.77,0.412,103.0,True,False,False
KL_0209,Kottayam,Pala,Manjamoodu,9.801129,76.617462,rural,148,9.23,False,2023,5,2023-05-01,20561.25,20561.25,231.1,113.44,0.0,False,0.864,0.5557,138.93,True,False,False
KL_0209,Kottayam,Pala,Manjamoodu,9.801129,76.617462,rural,148,9.23,False,2023,6,2023-06-01,13177.5,13177.5,226.0,73.09,0.0,False,0.823,0.3561,89.04,False,True,False
KL_0209,Kottayam,Pala,Manjamoodu,9.801129,76.617462,rural,148,9.23,False,2023,7,2023-07-01,13027.97,13027.97,233.2,69.85,0.0,False,0.845,0.3521,88.03,False,True,False
KL_0209,Kottayam,Pala,Manjamoodu,9.801129,76.617462,rural,148,9.23,False,2023,8,2023-08-01,13571.65,13571.65,231.6,84.22,0.0,False,0.897,0.3668,91.7,False,True,False
KL_0209,Kottayam,Pala,Manjamoodu,9.801129,76.617462,rural,148,9.23,False,2023,9,2023-09-01,10328.27,10328.27,233.8,62.12,0.0,False,0.809,0.2791,69.79,False,True,False
KL_0209,Kottayam,Pala,Manjamoodu,9.801129,76.617462,rural,148,9.23,False,2023,10,2023-10-01,20345.53,20345.53,232.7,110.34,0.0,False,0.845,0.5499,137.47,False,False,False
KL_0209,Kottayam,Pala,Manjamoodu,9.801129,76.617462,rural,148,9.23,False,2023,11,2023-11-01,14865.67,14865.67,228.1,98.26,0.0,False,0.84,0.4018,100.44,False,False,False
KL_0209,Kottayam,Pala,Manjamoodu,9.801129,76.617462,rural,148,9.23,False,2023,12,2023-12-01,10607.35,10607.35,216.8,71.39,0.0,False,0.842,0.2867,71.67,False,False,True
KL_0209,Kottayam,Pala,Manjamoodu,9.801129,76.617462,rural,148,9.23,False,2024,1,2024-01-01,11577.43,11577.43,225.3,77.42,0.0,False,0.828,0.3129,78.23,False,False,True
KL_0209,Kottayam,Pala,Manjamoodu,9.801129,76.617462,rural,148,9.23,False,2024,2,2024-02-01,13746.85,13746.85,226.4,89.92,0.0,False,0.831,0.3715,92.88,False,False,True
KL_0209,Kottayam,Pala,Manjamoodu,9.801129,76.617462,rural,148,9.23,False,2024,3,2024-03-01,12981.93,12981.93,231.6,72.83,0.0,False,0.934,0.3509,87.72,True,False,False
KL_0209,Kottayam,Pala,Manjamoodu,9.801129,76.617462,rural,148,9.23,False,2024,4,2024-04-01,11050.46,11050.46,223.4,64.69,0.0,False,0.829,0.2987,74.67,True,False,False
KL_0209,Kottayam,Pala,Manjamoodu,9.801129,76.617462,rural,148,9.23,False,2024,5,2024-05-01,10915.32,10915.32,224.9,71.76,0.0,False,0.864,0.295,73.75,True,False,False
KL_0209,Kottayam,Pala,Manjamoodu,9.801129,76.617462,rural,148,9.23,False,2024,6,2024-06-01,14989.55,14989.55,218.0,98.68,0.0,False,0.855,0.4051,101.28,False,True,False
KL_0209,Kottayam,Pala,Manjamoodu,9.801129,76.617462,rural,148,9.23,False,2024,7,2024-07-01,18377.59,18377.59,224.2,119.8,0.0,False,0.854,0.4967,124.17,False,True,False
KL_0209,Kottayam,Pala,Manjamoodu,9.801129,76.617462,rural,148,9.23,False,2024,8,2024-08-01,10957.06,10957.06,231.8,70.69,0.0,False,0.874,0.2961,74.03,False,True,False
KL_0209,Kottayam,Pala,Manjamoodu,9.801129,76.617462,rural,148,9.23,False,2024,9,2024-09-01,17311.2,17311.2,247.7,103.05,0.0,False,0.818,0.4679,116.97,False,True,False
KL_0209,Kottayam,Pala,Manjamoodu,9.801129,76.617462,rural,148,9.23,False,2024,10,2024-10-01,12905.03,12905.03,234.0,78.28,0.0,False,0.92,0.3488,87.2,False,False,False
KL_0209,Kottayam,Pala,Manjamoodu,9.801129,76.617462,rural,148,9.23,False,2024,11,2024-11-01,8731.63,8731.63,225.1,56.63,0.0,False,0.804,0.236,59.0,False,False,False
KL_0209,Kottayam,Pala,Manjamoodu,9.801129,76.617462,rural,148,9.23,False,2024,12,2024-12-01,6011.14,6011.14,215.1,40.13,0.0,False,0.842,0.1625,40.62,False,False,True
KL_0210,Alappuzha,Haripad,Thoduthara,9.294342,76.661684,semi-urban,15,9.69,False,2023,1,2023-01-01,2156.54,2156.54,231.7,12.01,0.0,False,0.791,0.5751,143.77,False,False,True
KL_0210,Alappuzha,Haripad,Thoduthara,9.294342,76.661684,semi-urban,15,9.69,False,2023,2,2023-02-01,1964.54,1964.54,241.2,11.69,0.0,False,0.895,0.5239,130.97,False,False,True
KL_0210,Alappuzha,Haripad,Thoduthara,9.294342,76.661684,semi-urban,15,9.69,False,2023,3,2023-03-01,1378.78,1378.78,233.9,8.68,0.0,False,0.804,0.3677,91.92,True,False,False
KL_0210,Alappuzha,Haripad,Thoduthara,9.294342,76.661684,semi-urban,15,9.69,False,2023,4,2023-04-01,2712.88,2712.88,231.7,14.73,0.0,False,0.888,0.7234,180.86,True,False,False
KL_0210,Alappuzha,Haripad,Thoduthara,9.294342,76.661684,semi-urban,15,9.69,False,2023,5,2023-05-01,2375.39,2375.39,241.8,12.57,0.0,False,0.863,0.6334,158.36,True,False,False
KL_0210,Alappuzha,Haripad,Thoduthara,9.294342,76.661684,semi-urban,15,9.69,False,2023,6,2023-06-01,3686.45,3686.45,241.1,20.7,0.0,False,0.859,0.9831,245.76,False,True,False
KL_0210,Alappuzha,Haripad,Thoduthara,9.294342,76.661684,semi-urban,15,9.69,False,2023,7,2023-07-01,1873.66,1873.66,225.5,10.64,0.0,False,0.906,0.4996,124.91,False,True,False
KL_0210,Alappuzha,Haripad,Thoduthara,9.294342,76.661684,semi-urban,15,9.69,False,2023,8,2023-08-01,2140.02,2140.02,225.9,12.27,0.0,False,0.82,0.5707,142.67,False,True,False
KL_0210,Alappuzha,Haripad,Thoduthara,9.294342,76.661684,semi-urban,15,9.69,False,2023,9,2023-09-01,981.21,981.21,215.1,5.88,0.0,False,0.923,0.2617,65.41,False,True,False
KL_0210,Alappuzha,Haripad,Thoduthara,9.294342,76.661684,semi-urban,15,9.69,False,2023,10,2023-10-01,1933.41,1933.41,234.2,11.02,0.0,False,0.831,0.5156,128.89,False,False,False
KL_0210,Alappuzha,Haripad,Thoduthara,9.294342,76.661684,semi-urban,15,9.69,False,2023,11,2023-11-01,2922.67,2922.67,225.6,19.48,0.0,False,0.872,0.7794,194.84,False,False,False
KL_0210,Alappuzha,Haripad,Thoduthara,9.294342,76.661684,semi-urban,15,9.69,False,2023,12,2023-12-01,2251.74,2251.74,235.3,13.17,0.0,False,0.84,0.6005,150.12,False,False,True
KL_0210,Alappuzha,Haripad,Thoduthara,9.294342,76.661684,semi-urban,15,9.69,False,2024,1,2024-01-01,1546.15,1546.15,214.0,10.8,0.0,False,0.881,0.4123,103.08,False,False,True
KL_0210,Alappuzha,Haripad,Thoduthara,9.294342,76.661684,semi-urban,15,9.69,False,2024,2,2024-02-01,2699.98,2699.98,246.5,13.71,0.0,False,0.8,0.72,180.0,False,False,True
KL_0210,Alappuzha,Haripad,Thoduthara,9.294342,76.661684,semi-urban,15,9.69,False,2024,3,2024-03-01,1771.97,1771.97,224.6,10.77,0.0,False,0.855,0.4725,118.13,True,False,False
KL_0210,Alappuzha,Haripad,Thoduthara,9.294342,76.661684,semi-urban,15,9.69,False,2024,4,2024-04-01,2442.99,2442.99,218.8,14.9,0.0,False,0.851,0.6515,162.87,True,False,False
KL_0210,Alappuzha,Haripad,Thoduthara,9.294342,76.661684,semi-urban,15,9.69,False,2024,5,2024-05-01,1478.98,1478.98,228.6,9.68,0.0,False,0.872,0.3944,98.6,True,False,False
KL_0210,Alappuzha,Haripad,Thoduthara,9.294342,76.661684,semi-urban,15,9.69,False,2024,6,2024-06-01,2830.38,2830.38,224.4,16.82,0.0,False,0.87,0.7548,188.69,False,True,False
KL_0210,Alappuzha,Haripad,Thoduthara,9.294342,76.661684,semi-urban,15,9.69,False,2024,7,2024-07-01,1259.65,1259.65,243.9,7.08,0.0,False,0.807,0.3359,83.98,False,True,False
KL_0210,Alappuzha,Haripad,Thoduthara,9.294342,76.661684,semi-urban,15,9.69,False,2024,8,2024-08-01,1953.05,1953.05,220.5,11.38,0.0,False,0.915,0.5208,130.2,False,True,False
KL_0210,Alappuzha,Haripad,Thoduthara,9.294342,76.661684,semi-urban,15,9.69,False,2024,9,2024-09-01,2168.69,2168.69,219.5,13.41,0.0,False,0.847,0.5783,144.58,False,True,False
KL_0210,Alappuzha,Haripad,Thoduthara,9.294342,76.661684,semi-urban,15,9.69,False,2024,10,2024-10-01,2761.02,2761.02,222.2,17.81,0.0,False,0.887,0.7363,184.07,False,False,False
KL_0210,Alappuzha,Haripad,Thoduthara,9.294342,76.661684,semi-urban,15,9.69,False,2024,11,2024-11-01,2824.06,2824.06,222.5,16.96,0.0,False,0.787,0.7531,188.27,False,False,False
KL_0210,Alappuzha,Haripad,Thoduthara,9.294342,76.661684,semi-urban,15,9.69,False,2024,12,2024-12-01,1820.2,1820.2,228.7,10.18,0.0,False,0.829,0.4854,121.35,False,False,True
KL_0211,Palakkad,Palakkad,Manjanagar,11.108225,76.273178,semi-urban,113,2.39,False,2023,1,2023-01-01,7529.43,7529.43,225.8,48.82,0.0,False,0.904,0.2665,66.63,False,False,True
KL_0211,Palakkad,Palakkad,Manjanagar,11.108225,76.273178,semi-urban,113,2.39,False,2023,2,2023-02-01,13693.34,13693.34,226.8,90.26,0.0,False,0.932,0.4847,121.18,False,False,True
KL_0211,Palakkad,Palakkad,Manjanagar,11.108225,76.273178,semi-urban,113,2.39,False,2023,3,2023-03-01,20066.08,20066.08,232.8,126.08,0.0,False,0.871,0.7103,177.58,True,False,False
KL_0211,Palakkad,Palakkad,Manjanagar,11.108225,76.273178,semi-urban,113,2.39,False,2023,4,2023-04-01,27914.63,27914.63,224.6,162.86,0.0,False,0.846,0.9881,247.03,True,False,False
KL_0211,Palakkad,Palakkad,Manjanagar,11.108225,76.273178,semi-urban,113,2.39,False,2023,5,2023-05-01,17849.22,17849.22,220.5,106.7,0.0,False,0.797,0.6318,157.96,True,False,False
KL_0211,Palakkad,Palakkad,Manjanagar,11.108225,76.273178,semi-urban,113,2.39,False,2023,6,2023-06-01,16449.01,16449.01,227.1,105.16,0.0,False,0.89,0.5823,145.57,False,True,False
KL_0211,Palakkad,Palakkad,Manjanagar,11.108225,76.273178,semi-urban,113,2.39,False,2023,7,2023-07-01,10067.34,10067.34,230.9,57.86,0.0,False,0.865,0.3564,89.09,False,True,False
KL_0211,Palakkad,Palakkad,Manjanagar,11.108225,76.273178,semi-urban,113,2.39,False,2023,8,2023-08-01,17661.77,17661.77,231.6,114.07,0.0,False,0.732,0.6252,156.3,False,True,False
KL_0211,Palakkad,Palakkad,Manjanagar,11.108225,76.273178,semi-urban,113,2.39,False,2023,9,2023-09-01,15157.11,15157.11,226.0,94.34,0.0,False,0.763,0.5365,134.13,False,True,False
KL_0211,Palakkad,Palakkad,Manjanagar,11.108225,76.273178,semi-urban,113,2.39,False,2023,10,2023-10-01,19896.76,19896.76,228.5,127.71,0.0,False,0.868,0.7043,176.08,False,False,False
KL_0211,Palakkad,Palakkad,Manjanagar,11.108225,76.273178,semi-urban,113,2.39,False,2023,11,2023-11-01,14516.92,14516.92,219.7,97.79,0.0,False,0.808,0.5139,128.47,False,False,False
KL_0211,Palakkad,Palakkad,Manjanagar,11.108225,76.273178,semi-urban,113,2.39,False,2023,12,2023-12-01,11320.97,11320.97,223.8,76.17,0.0,False,0.798,0.4007,100.19,False,False,True
KL_0211,Palakkad,Palakkad,Manjanagar,11.108225,76.273178,semi-urban,113,2.39,False,2024,1,2024-01-01,16984.37,16984.37,243.1,89.8,0.0,False,0.845,0.6012,150.3,False,False,True
KL_0211,Palakkad,Palakkad,Manjanagar,11.108225,76.273178,semi-urban,113,2.39,False,2024,2,2024-02-01,14493.99,14493.99,222.9,97.62,0.0,False,0.867,0.5131,128.27,False,False,True
KL_0211,Palakkad,Palakkad,Manjanagar,11.108225,76.273178,semi-urban,113,2.39,False,2024,3,2024-03-01,15982.92,15982.92,230.3,87.74,0.0,False,0.922,0.5658,141.44,True,False,False
KL_0211,Palakkad,Palakkad,Manjanagar,11.108225,76.273178,semi-urban,113,2.39,False,2024,4,2024-04-01,19112.67,19112.67,222.0,116.51,0.0,False,0.809,0.6766,169.14,True,False,False
KL_0211,Palakkad,Palakkad,Manjanagar,11.108225,76.273178,semi-urban,113,2.39,False,2024,5,2024-05-01,25596.39,25596.39,218.6,152.45,0.0,False,0.872,0.9061,226.52,True,False,False
KL_0211,Palakkad,Palakkad,Manjanagar,11.108225,76.273178,semi-urban,113,2.39,False,2024,6,2024-06-01,21867.41,21867.41,220.9,145.81,0.0,False,0.799,0.7741,193.52,False,True,False
KL_0211,Palakkad,Palakkad,Manjanagar,11.108225,76.273178,semi-urban,113,2.39,False,2024,7,2024-07-01,13591.0,13591.0,230.6,89.34,0.0,False,0.825,0.4811,120.27,False,True,False
KL_0211,Palakkad,Palakkad,Manjanagar,11.108225,76.273178,semi-urban,113,2.39,False,2024,8,2024-08-01,14589.45,14589.45,217.8,96.29,0.0,False,0.859,0.5164,129.11,False,True,False
KL_0211,Palakkad,Palakkad,Manjanagar,11.108225,76.273178,semi-urban,113,2.39,False,2024,9,2024-09-01,15164.36,15164.36,213.9,95.65,0.0,False,0.843,0.5368,134.2,False,True,False
KL_0211,Palakkad,Palakkad,Manjanagar,11.108225,76.273178,semi-urban,113,2.39,False,2024,10,2024-10-01,9387.81,9387.81,226.3,62.58,0.0,False,0.782,0.3323,83.08,False,False,False
KL_0211,Palakkad,Palakkad,Manjanagar,11.108225,76.273178,semi-urban,113,2.39,False,2024,11,2024-11-01,18101.53,18101.53,237.8,99.63,0.0,False,0.876,0.6408,160.19,False,False,False
KL_0211,Palakkad,Palakkad,Manjanagar,11.108225,76.273178,semi-urban,113,2.39,False,2024,12,2024-12-01,12893.66,12893.66,228.7,75.05,0.0,False,0.887,0.4564,114.1,False,False,True
KL_0212,Kottayam,Pala,Manjapara,9.642985,76.48587,rural,176,17.81,False,2023,1,2023-01-01,8537.28,8537.28,219.0,51.86,0.0,False,0.968,0.194,48.51,False,False,True
KL_0212,Kottayam,Pala,Manjapara,9.642985,76.48587,rural,176,17.81,False,2023,2,2023-02-01,11206.58,11206.58,236.5,68.12,0.0,False,0.861,0.2547,63.67,False,False,True
KL_0212,Kottayam,Pala,Manjapara,9.642985,76.48587,rural,176,17.81,False,2023,3,2023-03-01,18645.25,18645.25,215.4,112.98,0.0,False,0.859,0.4238,105.94,True,False,False
KL_0212,Kottayam,Pala,Manjapara,9.642985,76.48587,rural,176,17.81,False,2023,4,2023-04-01,24533.64,24533.64,216.9,149.29,0.0,False,0.865,0.5576,139.4,True,False,False
KL_0212,Kottayam,Pala,Manjapara,9.642985,76.48587,rural,176,17.81,False,2023,5,2023-05-01,14270.53,14270.53,216.7,94.92,0.0,False,0.782,0.3243,81.08,True,False,False
KL_0212,Kottayam,Pala,Manjapara,9.642985,76.48587,rural,176,17.81,False,2023,6,2023-06-01,14236.0,14236.0,215.7,92.43,0.0,False,0.785,0.3235,80.89,False,True,False
KL_0212,Kottayam,Pala,Manjapara,9.642985,76.48587,rural,176,17.81,False,2023,7,2023-07-01,19310.14,19310.14,229.7,123.87,0.0,False,0.846,0.4389,109.72,False,True,False
KL_0212,Kottayam,Pala,Manjapara,9.642985,76.48587,rural,176,17.81,False,2023,8,2023-08-01,11362.91,11362.91,241.8,60.08,0.0,False,0.735,0.2582,64.56,False,True,False
KL_0212,Kottayam,Pala,Manjapara,9.642985,76.48587,rural,176,17.81,False,2023,9,2023-09-01,21775.03,21775.03,225.3,145.31,0.0,False,0.793,0.4949,123.72,False,True,False
KL_0212,Kottayam,Pala,Manjapara,9.642985,76.48587,rural,176,17.81,False,2023,10,2023-10-01,11616.13,11616.13,227.0,71.19,0.0,False,0.825,0.264,66.0,False,False,False
KL_0212,Kottayam,Pala,Manjapara,9.642985,76.48587,rural,176,17.81,False,2023,11,2023-11-01,23628.41,23628.41,239.7,135.33,0.0,False,0.9,0.537,134.25,False,False,False
KL_0212,Kottayam,Pala,Manjapara,9.642985,76.48587,rural,176,17.81,False,2023,12,2023-12-01,7223.64,7223.64,227.5,42.66,0.0,False,0.863,0.1642,41.04,False,False,True
KL_0212,Kottayam,Pala,Manjapara,9.642985,76.48587,rural,176,17.81,False,2024,1,2024-01-01,12099.12,12099.12,242.0,74.78,0.0,False,0.774,0.275,68.74,False,False,True
KL_0212,Kottayam,Pala,Manjapara,9.642985,76.48587,rural,176,17.81,False,2024,2,2024-02-01,6318.77,6318.77,224.9,40.11,0.0,False,0.848,0.1436,35.9,False,False,True
KL_0212,Kottayam,Pala,Manjapara,9.642985,76.48587,rural,176,17.81,False,2024,3,2024-03-01,16555.02,16555.02,243.0,95.05,0.0,False,0.879,0.3763,94.06,True,False,False
KL_0212,Kottayam,Pala,Manjapara,9.642985,76.48587,rural,176,17.81,False,2024,4,2024-04-01,11002.39,11002.39,232.5,62.2,0.0,False,0.886,0.2501,62.51,True,False,False
KL_0212,Kottayam,Pala,Manjapara,9.642985,76.48587,rural,176,17.81,False,2024,5,2024-05-01,16408.91,16408.91,227.1,98.66,0.0,False,0.902,0.3729,93.23,True,False,False
KL_0212,Kottayam,Pala,Manjapara,9.642985,76.48587,rural,176,17.81,False,2024,6,2024-06-01,14338.98,14338.98,222.7,98.26,0.0,False,0.91,0.3259,81.47,False,True,False
KL_0212,Kottayam,Pala,Manjapara,9.642985,76.48587,rural,176,17.81,False,2024,7,2024-07-01,19446.71,19446.71,209.0,128.01,0.0,False,0.878,0.442,110.49,False,True,False
KL_0212,Kottayam,Pala,Manjapara,9.642985,76.48587,rural,176,17.81,False,2024,8,2024-08-01,21121.93,21121.93,226.9,131.16,0.0,False,0.874,0.48,120.01,False,True,False
KL_0212,Kottayam,Pala,Manjapara,9.642985,76.48587,rural,176,17.81,False,2024,9,2024-09-01,13300.91,13300.91,242.9,70.8,0.0,False,0.862,0.3023,75.57,False,True,False
KL_0212,Kottayam,Pala,Manjapara,9.642985,76.48587,rural,176,17.81,False,2024,10,2024-10-01,24213.37,24213.37,224.0,138.48,0.0,False,0.892,0.5503,137.58,False,False,False
KL_0212,Kottayam,Pala,Manjapara,9.642985,76.48587,rural,176,17.81,False,2024,11,2024-11-01,9673.46,9673.46,229.7,60.2,0.0,False,0.811,0.2199,54.96,False,False,False
KL_0212,Kottayam,Pala,Manjapara,9.642985,76.48587,rural,176,17.81,False,2024,12,2024-12-01,14863.39,14863.39,247.3,83.65,0.0,False,0.84,0.3378,84.45,False,False,True
KL_0213,Alappuzha,Mavelikkara,Nallapuram,9.177813,76.730354,semi-urban,100,4.45,False,2023,1,2023-01-01,8066.35,8066.35,215.2,53.8,0.0,False,0.815,0.3227,80.66,False,False,True
KL_0213,Alappuzha,Mavelikkara,Nallapuram,9.177813,76.730354,semi-urban,100,4.45,False,2023,2,2023-02-01,11932.45,11932.45,220.1,78.45,0.0,False,0.872,0.4773,119.32,False,False,True
KL_0213,Alappuzha,Mavelikkara,Nallapuram,9.177813,76.730354,semi-urban,100,4.45,False,2023,3,2023-03-01,10629.79,10629.79,217.8,61.95,0.0,False,0.837,0.4252,106.3,True,False,False
KL_0213,Alappuzha,Mavelikkara,Nallapuram,9.177813,76.730354,semi-urban,100,4.45,False,2023,4,2023-04-01,10005.92,10005.92,213.2,63.11,0.0,False,0.901,0.4002,100.06,True,False,False
KL_0213,Alappuzha,Mavelikkara,Nallapuram,9.177813,76.730354,semi-urban,100,4.45,False,2023,5,2023-05-01,15859.6,15859.6,229.2,87.83,0.0,False,0.853,0.6344,158.6,True,False,False
KL_0213,Alappuzha,Mavelikkara,Nallapuram,9.177813,76.730354,semi-urban,100,4.45,False,2023,6,2023-06-01,22668.95,22668.95,238.8,130.68,0.0,False,0.903,0.9068,226.69,False,True,False
KL_0213,Alappuzha,Mavelikkara,Nallapuram,9.177813,76.730354,semi-urban,100,4.45,False,2023,7,2023-07-01,8695.02,8695.02,229.3,50.06,0.0,False,0.744,0.3478,86.95,False,True,False
KL_0213,Alappuzha,Mavelikkara,Nallapuram,9.177813,76.730354,semi-urban,100,4.45,False,2023,8,2023-08-01,11091.07,11091.07,234.3,61.61,0.0,False,0.814,0.4436,110.91,False,True,False
KL_0213,Alappuzha,Mavelikkara,Nallapuram,9.177813,76.730354,semi-urban,100,4.45,False,2023,9,2023-09-01,7851.79,7851.79,212.8,46.66,0.0,False,0.897,0.3141,78.52,False,True,False
KL_0213,Alappuzha,Mavelikkara,Nallapuram,9.177813,76.730354,semi-urban,100,4.45,False,2023,10,2023-10-01,17098.01,17098.01,239.8,97.8,0.0,False,0.851,0.6839,170.98,False,False,False
KL_0213,Alappuzha,Mavelikkara,Nallapuram,9.177813,76.730354,semi-urban,100,4.45,False,2023,11,2023-11-01,16502.96,16502.96,239.5,94.56,0.0,False,0.903,0.6601,165.03,False,False,False
KL_0213,Alappuzha,Mavelikkara,Nallapuram,9.177813,76.730354,semi-urban,100,4.45,False,2023,12,2023-12-01,13401.8,13401.8,243.1,72.22,0.0,False,0.863,0.5361,134.02,False,False,True
KL_0213,Alappuzha,Mavelikkara,Nallapuram,9.177813,76.730354,semi-urban,100,4.45,False,2024,1,2024-01-01,12764.42,12764.42,227.6,74.8,0.0,False,0.803,0.5106,127.64,False,False,True
KL_0213,Alappuzha,Mavelikkara,Nallapuram,9.177813,76.730354,semi-urban,100,4.45,False,2024,2,2024-02-01,16380.06,16380.06,211.6,117.55,0.0,False,0.94,0.6552,163.8,False,False,True
KL_0213,Alappuzha,Mavelikkara,Nallapuram,9.177813,76.730354,semi-urban,100,4.45,False,2024,3,2024-03-01,14885.71,14885.71,222.9,99.28,0.0,False,0.817,0.5954,148.86,True,False,False
KL_0213,Alappuzha,Mavelikkara,Nallapuram,9.177813,76.730354,semi-urban,100,4.45,False,2024,4,2024-04-01,21099.78,21099.78,229.1,125.73,0.0,False,0.813,0.844,211.0,True,False,False
KL_0213,Alappuzha,Mavelikkara,Nallapuram,9.177813,76.730354,semi-urban,100,4.45,False,2024,5,2024-05-01,21504.94,21504.94,225.5,125.26,0.0,False,0.891,0.8602,215.05,True,False,False
KL_0213,Alappuzha,Mavelikkara,Nallapuram,9.177813,76.730354,semi-urban,100,4.45,False,2024,6,2024-06-01,18741.09,18741.09,223.5,123.68,0.0,False,0.804,0.7496,187.41,False,True,False
KL_0213,Alappuzha,Mavelikkara,Nallapuram,9.177813,76.730354,semi-urban,100,4.45,False,2024,7,2024-07-01,13733.69,13733.69,235.7,74.63,0.0,False,0.785,0.5493,137.34,False,True,False
KL_0213,Alappuzha,Mavelikkara,Nallapuram,9.177813,76.730354,semi-urban,100,4.45,False,2024,8,2024-08-01,12572.99,12572.99,224.2,83.44,0.0,False,0.812,0.5029,125.73,False,True,False
KL_0213,Alappuzha,Mavelikkara,Nallapuram,9.177813,76.730354,semi-urban,100,4.45,False,2024,9,2024-09-01,13202.25,13202.25,234.5,77.98,0.0,False,0.891,0.5281,132.02,False,True,False
KL_0213,Alappuzha,Mavelikkara,Nallapuram,9.177813,76.730354,semi-urban,100,4.45,False,2024,10,2024-10-01,17112.31,17112.31,226.0,94.84,0.0,False,0.957,0.6845,171.12,False,False,False
KL_0213,Alappuzha,Mavelikkara,Nallapuram,9.177813,76.730354,semi-urban,100,4.45,False,2024,11,2024-11-01,16146.85,16146.85,230.8,91.7,0.0,False,0.85,0.6459,161.47,False,False,False
KL_0213,Alappuzha,Mavelikkara,Nallapuram,9.177813,76.730354,semi-urban,100,4.45,False,2024,12,2024-12-01,9047.09,9047.09,229.3,56.57,0.0,False,0.814,0.3619,90.47,False,False,True
KL_0214,Idukki,Thodupuzha,Puzhanagar,9.581017,77.491072,urban,135,2.3,False,2023,1,2023-01-01,28439.93,28439.93,245.5,170.15,0.0,False,0.912,0.8427,210.67,False,False,True
KL_0214,Idukki,Thodupuzha,Puzhanagar,9.581017,77.491072,urban,135,2.3,False,2023,2,2023-02-01,19382.14,19382.14,218.6,113.06,0.0,False,0.819,0.5743,143.57,False,False,True
KL_0214,Idukki,Thodupuzha,Puzhanagar,9.581017,77.491072,urban,135,2.3,False,2023,3,2023-03-01,27150.58,37340.47,217.8,286.8,37.53,True,0.828,1.1064,276.6,True,False,False
KL_0214,Idukki,Thodupuzha,Puzhanagar,9.581017,77.491072,urban,135,2.3,False,2023,4,2023-04-01,24509.18,29710.83,207.2,256.07,21.22,True,0.871,0.8803,220.08,True,False,False
KL_0214,Idukki,Thodupuzha,Puzhanagar,9.581017,77.491072,urban,135,2.3,False,2023,5,2023-05-01,34192.97,43697.21,217.5,310.74,27.8,True,0.907,1.2947,323.68,True,False,False
KL_0214,Idukki,Thodupuzha,Puzhanagar,9.581017,77.491072,urban,135,2.3,False,2023,6,2023-06-01,24907.48,32389.52,222.1,233.69,30.04,True,0.854,0.9597,239.92,False,True,False
KL_0214,Idukki,Thodupuzha,Puzhanagar,9.581017,77.491072,urban,135,2.3,False,2023,7,2023-07-01,26633.14,26633.14,241.7,138.36,0.0,False,0.832,0.7891,197.28,False,True,False
KL_0214,Idukki,Thodupuzha,Puzhanagar,9.581017,77.491072,urban,135,2.3,False,2023,8,2023-08-01,21614.73,27711.04,217.9,209.75,28.2,True,0.966,0.8211,205.27,False,True,False
KL_0214,Idukki,Thodupuzha,Puzhanagar,9.581017,77.491072,urban,135,2.3,False,2023,9,2023-09-01,28928.98,36061.53,206.1,309.4,24.66,True,0.816,1.0685,267.12,False,True,False
KL_0214,Idukki,Thodupuzha,Puzhanagar,9.581017,77.491072,urban,135,2.3,False,2023,10,2023-10-01,19335.89,23850.94,217.5,179.28,23.35,True,0.822,0.7067,176.67,False,False,False
KL_0214,Idukki,Thodupuzha,Puzhanagar,9.581017,77.491072,urban,135,2.3,False,2023,11,2023-11-01,28345.81,36940.05,221.3,263.04,30.32,True,0.831,1.0945,273.63,False,False,False
KL_0214,Idukki,Thodupuzha,Puzhanagar,9.581017,77.491072,urban,135,2.3,False,2023,12,2023-12-01,23471.82,33135.27,249.3,227.45,41.17,True,0.878,0.9818,245.45,False,False,True
KL_0214,Idukki,Thodupuzha,Puzhanagar,9.581017,77.491072,urban,135,2.3,False,2024,1,2024-01-01,23063.55,32619.5,211.1,268.23,41.43,True,0.827,0.9665,241.63,False,False,True
KL_0214,Idukki,Thodupuzha,Puzhanagar,9.581017,77.491072,urban,135,2.3,False,2024,2,2024-02-01,23686.58,33507.51,218.7,263.22,41.46,True,0.891,0.9928,248.2,False,False,True
KL_0214,Idukki,Thodupuzha,Puzhanagar,9.581017,77.491072,urban,135,2.3,False,2024,3,2024-03-01,30832.45,30832.45,232.0,181.11,0.0,False,0.847,0.9136,228.39,True,False,False
KL_0214,Idukki,Thodupuzha,Puzhanagar,9.581017,77.491072,urban,135,2.3,False,2024,4,2024-04-01,29623.68,42683.04,204.2,323.48,44.08,True,0.834,1.2647,316.17,True,False,False
KL_0214,Idukki,Thodupuzha,Puzhanagar,9.581017,77.491072,urban,135,2.3,False,2024,5,2024-05-01,37487.64,46235.98,210.7,355.85,23.34,True,0.822,1.37,342.49,True,False,False
KL_0214,Idukki,Thodupuzha,Puzhanagar,9.581017,77.491072,urban,135,2.3,False,2024,6,2024-06-01,29390.18,41543.99,216.2,297.5,41.35,True,0.849,1.2309,307.73,False,True,False
KL_0214,Idukki,Thodupuzha,Puzhanagar,9.581017,77.491072,urban,135,2.3,False,2024,7,2024-07-01,32016.43,39108.43,217.6,312.82,22.15,True,0.872,1.1588,289.69,False,True,False
KL_0214,Idukki,Thodupuzha,Puzhanagar,9.581017,77.491072,urban,135,2.3,False,2024,8,2024-08-01,22735.4,28417.47,216.4,211.54,24.99,True,0.848,0.842,210.5,False,True,False
KL_0214,Idukki,Thodupuzha,Puzhanagar,9.581017,77.491072,urban,135,2.3,False,2024,9,2024-09-01,20922.55,25415.65,233.6,169.53,21.47,True,0.862,0.7531,188.26,False,True,False
KL_0214,Idukki,Thodupuzha,Puzhanagar,9.581017,77.491072,urban,135,2.3,False,2024,10,2024-10-01,27943.39,37426.57,214.3,313.37,33.94,True,0.811,1.1089,277.23,False,False,False
KL_0214,Idukki,Thodupuzha,Puzhanagar,9.581017,77.491072,urban,135,2.3,False,2024,11,2024-11-01,23470.01,32926.14,207.5,270.04,40.29,True,0.814,0.9756,243.9,False,False,False
KL_0214,Idukki,Thodupuzha,Puzhanagar,9.581017,77.491072,urban,135,2.3,False,2024,12,2024-12-01,32147.04,44024.05,225.5,303.64,36.95,True,0.85,1.3044,326.1,False,False,True
KL_0215,Thrissur,Thrissur,Pallikavu,10.356109,76.30001,rural,27,12.51,False,2023,1,2023-01-01,1270.49,1737.15,220.4,12.37,36.73,True,0.856,0.2574,64.34,False,False,True
KL_0215,Thrissur,Thrissur,Pallikavu,10.356109,76.30001,rural,27,12.51,False,2023,2,2023-02-01,1107.5,1593.91,213.6,11.46,43.92,True,0.852,0.2361,59.03,False,False,True
KL_0215,Thrissur,Thrissur,Pallikavu,10.356109,76.30001,rural,27,12.51,False,2023,3,2023-03-01,2159.12,2991.89,216.9,23.06,38.57,True,0.82,0.4432,110.81,True,False,False
KL_0215,Thrissur,Thrissur,Pallikavu,10.356109,76.30001,rural,27,12.51,False,2023,4,2023-04-01,3201.67,4599.8,221.9,33.68,43.67,True,0.854,0.6815,170.36,True,False,False
KL_0215,Thrissur,Thrissur,Pallikavu,10.356109,76.30001,rural,27,12.51,False,2023,5,2023-05-01,2127.65,2804.3,220.6,19.79,31.8,True,0.851,0.4155,103.86,True,False,False
KL_0215,Thrissur,Thrissur,Pallikavu,10.356109,76.30001,rural,27,12.51,False,2023,6,2023-06-01,2341.44,2983.47,214.9,23.13,27.42,True,0.844,0.442,110.5,False,True,False
KL_0215,Thrissur,Thrissur,Pallikavu,10.356109,76.30001,rural,27,12.51,False,2023,7,2023-07-01,2159.41,3021.28,215.7,23.21,39.91,True,0.817,0.4476,111.9,False,True,False
KL_0215,Thrissur,Thrissur,Pallikavu,10.356109,76.30001,rural,27,12.51,False,2023,8,2023-08-01,2634.69,3172.85,235.4,21.13,20.43,True,0.876,0.4701,117.51,False,True,False
KL_0215,Thrissur,Thrissur,Pallikavu,10.356109,76.30001,rural,27,12.51,False,2023,9,2023-09-01,2762.31,3498.82,232.2,27.08,26.66,True,0.849,0.5183,129.59,False,True,False
KL_0215,Thrissur,Thrissur,Pallikavu,10.356109,76.30001,rural,27,12.51,False,2023,10,2023-10-01,2381.04,2381.04,211.6,14.11,0.0,False,0.812,0.3527,88.19,False,False,False
KL_0215,Thrissur,Thrissur,Pallikavu,10.356109,76.30001,rural,27,12.51,False,2023,11,2023-11-01,3132.11,4027.67,220.6,29.57,28.59,True,0.844,0.5967,149.17,False,False,False
KL_0215,Thrissur,Thrissur,Pallikavu,10.356109,76.30001,rural,27,12.51,False,2023,12,2023-12-01,2120.89,2667.96,212.0,20.21,25.79,True,0.821,0.3953,98.81,False,False,True
KL_0215,Thrissur,Thrissur,Pallikavu,10.356109,76.30001,rural,27,12.51,False,2024,1,2024-01-01,1484.87,1756.57,221.2,13.85,18.3,True,0.85,0.2602,65.06,False,False,True
KL_0215,Thrissur,Thrissur,Pallikavu,10.356109,76.30001,rural,27,12.51,False,2024,2,2024-02-01,2247.63,2247.63,222.1,14.05,0.0,False,0.921,0.333,83.25,False,False,True
KL_0215,Thrissur,Thrissur,Pallikavu,10.356109,76.30001,rural,27,12.51,False,2024,3,2024-03-01,1633.75,1888.56,206.5,15.21,15.6,True,0.857,0.2798,69.95,True,False,False
KL_0215,Thrissur,Thrissur,Pallikavu,10.356109,76.30001,rural,27,12.51,False,2024,4,2024-04-01,2962.57,3434.05,215.3,25.64,15.91,True,0.86,0.5087,127.19,True,False,False
KL_0215,Thrissur,Thrissur,Pallikavu,10.356109,76.30001,rural,27,12.51,False,2024,5,2024-05-01,2418.53,3207.06,236.7,23.05,32.6,True,0.921,0.4751,118.78,True,False,False
KL_0215,Thrissur,Thrissur,Pallikavu,10.356109,76.30001,rural,27,12.51,False,2024,6,2024-06-01,2327.73,2692.15,233.0,19.05,15.66,True,0.864,0.3988,99.71,False,True,False
KL_0215,Thrissur,Thrissur,Pallikavu,10.356109,76.30001,rural,27,12.51,False,2024,7,2024-07-01,2330.82,2330.82,233.2,14.01,0.0,False,0.872,0.3453,86.33,False,True,False
KL_0215,Thrissur,Thrissur,Pallikavu,10.356109,76.30001,rural,27,12.51,False,2024,8,2024-08-01,802.56,1032.86,208.2,7.8,28.7,True,0.857,0.153,38.25,False,True,False
KL_0215,Thrissur,Thrissur,Pallikavu,10.356109,76.30001,rural,27,12.51,False,2024,9,2024-09-01,2818.42,3922.46,205.3,30.15,39.17,True,0.831,0.5811,145.28,False,True,False
KL_0215,Thrissur,Thrissur,Pallikavu,10.356109,76.30001,rural,27,12.51,False,2024,10,2024-10-01,1549.26,1929.21,228.4,14.56,24.52,True,0.872,0.2858,71.45,False,False,False
KL_0215,Thrissur,Thrissur,Pallikavu,10.356109,76.30001,rural,27,12.51,False,2024,11,2024-11-01,1848.54,2385.64,221.9,17.91,29.06,True,0.935,0.3534,88.36,False,False,False
KL_0215,Thrissur,Thrissur,Pallikavu,10.356109,76.30001,rural,27,12.51,False,2024,12,2024-12-01,2770.09,3643.11,213.1,30.32,31.52,True,0.784,0.5397,134.93,False,False,True
KL_0216,Kozhikode,Kozhikode,Koduveli,11.223213,76.045892,rural,163,7.65,False,2023,1,2023-01-01,13313.94,13313.94,243.6,72.95,0.0,False,0.827,0.3267,81.68,False,False,True
KL_0216,Kozhikode,Kozhikode,Koduveli,11.223213,76.045892,rural,163,7.65,False,2023,2,2023-02-01,15126.71,15126.71,215.4,101.91,0.0,False,0.807,0.3712,92.8,False,False,True
KL_0216,Kozhikode,Kozhikode,Koduveli,11.223213,76.045892,rural,163,7.65,False,2023,3,2023-03-01,11363.77,11363.77,218.9,66.02,0.0,False,0.813,0.2789,69.72,True,False,False
KL_0216,Kozhikode,Kozhikode,Koduveli,11.223213,76.045892,rural,163,7.65,False,2023,4,2023-04-01,16976.01,16976.01,222.6,98.23,0.0,False,0.911,0.4166,104.15,True,False,False
KL_0216,Kozhikode,Kozhikode,Koduveli,11.223213,76.045892,rural,163,7.65,False,2023,5,2023-05-01,17910.27,17910.27,232.5,109.41,0.0,False,0.842,0.4395,109.88,True,False,False
KL_0216,Kozhikode,Kozhikode,Koduveli,11.223213,76.045892,rural,163,7.65,False,2023,6,2023-06-01,21446.56,21446.56,239.0,118.37,0.0,False,0.886,0.5263,131.57,False,True,False
KL_0216,Kozhikode,Kozhikode,Koduveli,11.223213,76.045892,rural,163,7.65,False,2023,7,2023-07-01,11103.44,11103.44,209.5,74.71,0.0,False,0.817,0.2725,68.12,False,True,False
KL_0216,Kozhikode,Kozhikode,Koduveli,11.223213,76.045892,rural,163,7.65,False,2023,8,2023-08-01,12729.77,12729.77,222.6,85.71,0.0,False,0.818,0.3124,78.1,False,True,False
KL_0216,Kozhikode,Kozhikode,Koduveli,11.223213,76.045892,rural,163,7.65,False,2023,9,2023-09-01,12394.56,12394.56,229.5,69.15,0.0,False,0.799,0.3042,76.04,False,True,False
KL_0216,Kozhikode,Kozhikode,Koduveli,11.223213,76.045892,rural,163,7.65,False,2023,10,2023-10-01,12802.73,12802.73,220.3,75.26,0.0,False,0.922,0.3142,78.54,False,False,False
KL_0216,Kozhikode,Kozhikode,Koduveli,11.223213,76.045892,rural,163,7.65,False,2023,11,2023-11-01,9449.57,9449.57,232.6,57.23,0.0,False,0.889,0.2319,57.97,False,False,False
KL_0216,Kozhikode,Kozhikode,Koduveli,11.223213,76.045892,rural,163,7.65,False,2023,12,2023-12-01,16027.63,16027.63,227.1,98.92,0.0,False,0.797,0.3933,98.33,False,False,True
KL_0216,Kozhikode,Kozhikode,Koduveli,11.223213,76.045892,rural,163,7.65,False,2024,1,2024-01-01,13357.38,13357.38,223.4,91.02,0.0,False,0.907,0.3278,81.95,False,False,True
KL_0216,Kozhikode,Kozhikode,Koduveli,11.223213,76.045892,rural,163,7.65,False,2024,2,2024-02-01,18539.56,18539.56,213.6,115.34,0.0,False,0.837,0.455,113.74,False,False,True
KL_0216,Kozhikode,Kozhikode,Koduveli,11.223213,76.045892,rural,163,7.65,False,2024,3,2024-03-01,12523.33,12523.33,225.4,73.04,0.0,False,0.873,0.3073,76.83,True,False,False
KL_0216,Kozhikode,Kozhikode,Koduveli,11.223213,76.045892,rural,163,7.65,False,2024,4,2024-04-01,14310.65,14310.65,214.6,89.58,0.0,False,0.852,0.3512,87.8,True,False,False
KL_0216,Kozhikode,Kozhikode,Koduveli,11.223213,76.045892,rural,163,7.65,False,2024,5,2024-05-01,12072.06,12072.06,228.5,67.82,0.0,False,0.778,0.2962,74.06,True,False,False
KL_0216,Kozhikode,Kozhikode,Koduveli,11.223213,76.045892,rural,163,7.65,False,2024,6,2024-06-01,14197.02,14197.02,226.0,95.3,0.0,False,0.809,0.3484,87.1,False,True,False
KL_0216,Kozhikode,Kozhikode,Koduveli,11.223213,76.045892,rural,163,7.65,False,2024,7,2024-07-01,10792.93,10792.93,224.1,68.21,0.0,False,0.918,0.2649,66.21,False,True,False
KL_0216,Kozhikode,Kozhikode,Koduveli,11.223213,76.045892,rural,163,7.65,False,2024,8,2024-08-01,11958.68,11958.68,223.0,71.32,0.0,False,0.897,0.2935,73.37,False,True,False
KL_0216,Kozhikode,Kozhikode,Koduveli,11.223213,76.045892,rural,163,7.65,False,2024,9,2024-09-01,11649.3,11649.3,226.8,72.2,0.0,False,0.799,0.2859,71.47,False,True,False
KL_0216,Kozhikode,Kozhikode,Koduveli,11.223213,76.045892,rural,163,7.65,False,2024,10,2024-10-01,10102.61,10102.61,227.3,64.76,0.0,False,0.86,0.2479,61.98,False,False,False
KL_0216,Kozhikode,Kozhikode,Koduveli,11.223213,76.045892,rural,163,7.65,False,2024,11,2024-11-01,13264.93,13264.93,244.9,71.0,0.0,False,0.839,0.3255,81.38,False,False,False
KL_0216,Kozhikode,Kozhikode,Koduveli,11.223213,76.045892,rural,163,7.65,False,2024,12,2024-12-01,12909.64,12909.64,219.2,89.39,0.0,False,0.907,0.3168,79.2,False,False,True
KL_0217,Kasaragod,Kanhangad,Vadakkekavu,12.687492,74.906985,semi-urban,103,5.85,False,2023,1,2023-01-01,15585.47,15585.47,235.1,91.71,0.0,False,0.84,0.6053,151.32,False,False,True
KL_0217,Kasaragod,Kanhangad,Vadakkekavu,12.687492,74.906985,semi-urban,103,5.85,False,2023,2,2023-02-01,8378.65,8378.65,214.1,53.03,0.0,False,0.812,0.3254,81.35,False,False,True
KL_0217,Kasaragod,Kanhangad,Vadakkekavu,12.687492,74.906985,semi-urban,103,5.85,False,2023,3,2023-03-01,17418.53,17418.53,226.4,104.87,0.0,False,0.887,0.6764,169.11,True,False,False
KL_0217,Kasaragod,Kanhangad,Vadakkekavu,12.687492,74.906985,semi-urban,103,5.85,False,2023,4,2023-04-01,27888.85,27888.85,229.7,164.77,0.0,False,0.909,1.0831,270.77,True,False,False
KL_0217,Kasaragod,Kanhangad,Vadakkekavu,12.687492,74.906985,semi-urban,103,5.85,False,2023,5,2023-05-01,18237.61,18237.61,218.4,117.23,0.0,False,0.87,0.7083,177.06,True,False,False
KL_0217,Kasaragod,Kanhangad,Vadakkekavu,12.687492,74.906985,semi-urban,103,5.85,False,2023,6,2023-06-01,23206.74,23206.74,212.4,164.69,0.0,False,0.879,0.9012,225.31,False,True,False
KL_0217,Kasaragod,Kanhangad,Vadakkekavu,12.687492,74.906985,semi-urban,103,5.85,False,2023,7,2023-07-01,14363.4,14363.4,231.0,92.82,0.0,False,0.79,0.5578,139.45,False,True,False
KL_0217,Kasaragod,Kanhangad,Vadakkekavu,12.687492,74.906985,semi-urban,103,5.85,False,2023,8,2023-08-01,14647.72,14647.72,235.2,80.56,0.0,False,0.786,0.5688,142.21,False,True,False
KL_0217,Kasaragod,Kanhangad,Vadakkekavu,12.687492,74.906985,semi-urban,103,5.85,False,2023,9,2023-09-01,14042.99,14042.99,232.2,90.39,0.0,False,0.783,0.5454,136.34,False,True,False
KL_0217,Kasaragod,Kanhangad,Vadakkekavu,12.687492,74.906985,semi-urban,103,5.85,False,2023,10,2023-10-01,16267.54,16267.54,232.5,90.98,0.0,False,0.903,0.6317,157.94,False,False,False
KL_0217,Kasaragod,Kanhangad,Vadakkekavu,12.687492,74.906985,semi-urban,103,5.85,False,2023,11,2023-11-01,13811.02,13811.02,235.1,80.82,0.0,False,0.831,0.5364,134.09,False,False,False
KL_0217,Kasaragod,Kanhangad,Vadakkekavu,12.687492,74.906985,semi-urban,103,5.85,False,2023,12,2023-12-01,15150.42,15150.42,247.4,92.44,0.0,False,0.891,0.5884,147.09,False,False,True
KL_0217,Kasaragod,Kanhangad,Vadakkekavu,12.687492,74.906985,semi-urban,103,5.85,False,2024,1,2024-01-01,13049.33,13049.33,232.2,72.39,0.0,False,0.82,0.5068,126.69,False,False,True
KL_0217,Kasaragod,Kanhangad,Vadakkekavu,12.687492,74.906985,semi-urban,103,5.85,False,2024,2,2024-02-01,10369.34,10369.34,237.5,56.45,0.0,False,0.849,0.4027,100.67,False,False,True
KL_0217,Kasaragod,Kanhangad,Vadakkekavu,12.687492,74.906985,semi-urban,103,5.85,False,2024,3,2024-03-01,5306.72,5306.72,214.2,33.94,0.0,False,0.81,0.2061,51.52,True,False,False
KL_0217,Kasaragod,Kanhangad,Vadakkekavu,12.687492,74.906985,semi-urban,103,5.85,False,2024,4,2024-04-01,13860.35,13860.35,227.7,84.8,0.0,False,0.834,0.5383,134.57,True,False,False
KL_0217,Kasaragod,Kanhangad,Vadakkekavu,12.687492,74.906985,semi-urban,103,5.85,False,2024,5,2024-05-01,18801.82,18801.82,235.2,107.92,0.0,False,0.765,0.7302,182.54,True,False,False
KL_0217,Kasaragod,Kanhangad,Vadakkekavu,12.687492,74.906985,semi-urban,103,5.85,False,2024,6,2024-06-01,20517.2,20517.2,216.6,136.97,0.0,False,0.834,0.7968,199.2,False,True,False
KL_0217,Kasaragod,Kanhangad,Vadakkekavu,12.687492,74.906985,semi-urban,103,5.85,False,2024,7,2024-07-01,13975.62,13975.62,219.2,93.95,0.0,False,0.83,0.5427,135.69,False,True,False
KL_0217,Kasaragod,Kanhangad,Vadakkekavu,12.687492,74.906985,semi-urban,103,5.85,False,2024,8,2024-08-01,7078.86,7078.86,228.0,46.84,0.0,False,0.765,0.2749,68.73,False,True,False
KL_0217,Kasaragod,Kanhangad,Vadakkekavu,12.687492,74.906985,semi-urban,103,5.85,False,2024,9,2024-09-01,14276.14,14276.14,231.7,79.84,0.0,False,0.871,0.5544,138.6,False,True,False
KL_0217,Kasaragod,Kanhangad,Vadakkekavu,12.687492,74.906985,semi-urban,103,5.85,False,2024,10,2024-10-01,14832.52,14832.52,230.9,95.62,0.0,False,0.879,0.576,144.01,False,False,False
KL_0217,Kasaragod,Kanhangad,Vadakkekavu,12.687492,74.906985,semi-urban,103,5.85,False,2024,11,2024-11-01,15248.19,15248.19,223.9,89.49,0.0,False,0.817,0.5922,148.04,False,False,False
KL_0217,Kasaragod,Kanhangad,Vadakkekavu,12.687492,74.906985,semi-urban,103,5.85,False,2024,12,2024-12-01,16111.23,16111.23,237.3,102.07,0.0,False,0.79,0.6257,156.42,False,False,True
KL_0218,Kollam,Karunagappally,Vellithara,8.690442,76.761529,rural,57,19.47,False,2023,1,2023-01-01,5039.16,5039.16,228.5,30.81,0.0,False,0.937,0.3536,88.41,False,False,True
KL_0218,Kollam,Karunagappally,Vellithara,8.690442,76.761529,rural,57,19.47,False,2023,2,2023-02-01,5713.63,5713.63,221.8,39.19,0.0,False,0.863,0.401,100.24,False,False,True
KL_0218,Kollam,Karunagappally,Vellithara,8.690442,76.761529,rural,57,19.47,False,2023,3,2023-03-01,5256.11,5256.11,215.7,33.51,0.0,False,0.731,0.3688,92.21,True,False,False
KL_0218,Kollam,Karunagappally,Vellithara,8.690442,76.761529,rural,57,19.47,False,2023,4,2023-04-01,5866.61,5866.61,236.4,33.9,0.0,False,0.829,0.4117,102.92,True,False,False
KL_0218,Kollam,Karunagappally,Vellithara,8.690442,76.761529,rural,57,19.47,False,2023,5,2023-05-01,6047.48,6047.48,223.5,36.04,0.0,False,0.817,0.4244,106.1,True,False,False
KL_0218,Kollam,Karunagappally,Vellithara,8.690442,76.761529,rural,57,19.47,False,2023,6,2023-06-01,3298.15,3298.15,236.3,19.09,0.0,False,0.814,0.2314,57.86,False,True,False
KL_0218,Kollam,Karunagappally,Vellithara,8.690442,76.761529,rural,57,19.47,False,2023,7,2023-07-01,5133.79,5133.79,245.7,31.15,0.0,False,0.905,0.3603,90.07,False,True,False
KL_0218,Kollam,Karunagappally,Vellithara,8.690442,76.761529,rural,57,19.47,False,2023,8,2023-08-01,4103.8,4103.8,221.1,25.18,0.0,False,0.863,0.288,72.0,False,True,False
KL_0218,Kollam,Karunagappally,Vellithara,8.690442,76.761529,rural,57,19.47,False,2023,9,2023-09-01,3419.32,3419.32,217.0,22.83,0.0,False,0.882,0.24,59.99,False,True,False
KL_0218,Kollam,Karunagappally,Vellithara,8.690442,76.761529,rural,57,19.47,False,2023,10,2023-10-01,4636.87,4636.87,232.4,27.93,0.0,False,0.843,0.3254,81.35,False,False,False
KL_0218,Kollam,Karunagappally,Vellithara,8.690442,76.761529,rural,57,19.47,False,2023,11,2023-11-01,6124.44,6124.44,222.8,36.73,0.0,False,0.893,0.4298,107.45,False,False,False
KL_0218,Kollam,Karunagappally,Vellithara,8.690442,76.761529,rural,57,19.47,False,2023,12,2023-12-01,3444.01,3444.01,226.2,20.28,0.0,False,0.831,0.2417,60.42,False,False,True
KL_0218,Kollam,Karunagappally,Vellithara,8.690442,76.761529,rural,57,19.47,False,2024,1,2024-01-01,2357.25,2357.25,232.3,13.2,0.0,False,0.862,0.1654,41.36,False,False,True
KL_0218,Kollam,Karunagappally,Vellithara,8.690442,76.761529,rural,57,19.47,False,2024,2,2024-02-01,3578.89,3578.89,221.2,23.32,0.0,False,0.874,0.2512,62.79,False,False,True
KL_0218,Kollam,Karunagappally,Vellithara,8.690442,76.761529,rural,57,19.47,False,2024,3,2024-03-01,2807.16,2807.16,213.0,19.19,0.0,False,0.819,0.197,49.25,True,False,False
KL_0218,Kollam,Karunagappally,Vellithara,8.690442,76.761529,rural,57,19.47,False,2024,4,2024-04-01,6065.6,6065.6,234.3,35.19,0.0,False,0.745,0.4257,106.41,True,False,False
KL_0218,Kollam,Karunagappally,Vellithara,8.690442,76.761529,rural,57,19.47,False,2024,5,2024-05-01,8448.48,8448.48,215.1,52.0,0.0,False,0.765,0.5929,148.22,True,False,False
KL_0218,Kollam,Karunagappally,Vellithara,8.690442,76.761529,rural,57,19.47,False,2024,6,2024-06-01,10266.93,10266.93,246.5,53.32,0.0,False,0.966,0.7205,180.12,False,True,False
KL_0218,Kollam,Karunagappally,Vellithara,8.690442,76.761529,rural,57,19.47,False,2024,7,2024-07-01,3659.43,3659.43,225.3,21.4,0.0,False,0.883,0.2568,64.2,False,True,False
KL_0218,Kollam,Karunagappally,Vellithara,8.690442,76.761529,rural,57,19.47,False,2024,8,2024-08-01,4341.91,4341.91,234.7,23.65,0.0,False,0.885,0.3047,76.17,False,True,False
KL_0218,Kollam,Karunagappally,Vellithara,8.690442,76.761529,rural,57,19.47,False,2024,9,2024-09-01,3285.98,3285.98,225.2,21.91,0.0,False,0.921,0.2306,57.65,False,True,False
KL_0218,Kollam,Karunagappally,Vellithara,8.690442,76.761529,rural,57,19.47,False,2024,10,2024-10-01,2845.66,2845.66,232.4,16.66,0.0,False,0.794,0.1997,49.92,False,False,False
KL_0218,Kollam,Karunagappally,Vellithara,8.690442,76.761529,rural,57,19.47,False,2024,11,2024-11-01,2769.22,2769.22,235.2,16.27,0.0,False,0.814,0.1943,48.58,False,False,False
KL_0218,Kollam,Karunagappally,Vellithara,8.690442,76.761529,rural,57,19.47,False,2024,12,2024-12-01,3069.02,3069.02,234.5,17.94,0.0,False,0.795,0.2154,53.84,False,False,True
KL_0219,Thiruvananthapuram,Attingal,Kizhakmoodu,8.348575,76.853163,semi-urban,64,4.29,False,2023,1,2023-01-01,7451.6,7451.6,233.1,48.81,0.0,False,0.968,0.4657,116.43,False,False,True
KL_0219,Thiruvananthapuram,Attingal,Kizhakmoodu,8.348575,76.853163,semi-urban,64,4.29,False,2023,2,2023-02-01,7485.73,7485.73,233.9,41.0,0.0,False,0.8,0.4679,116.96,False,False,True
KL_0219,Thiruvananthapuram,Attingal,Kizhakmoodu,8.348575,76.853163,semi-urban,64,4.29,False,2023,3,2023-03-01,5662.02,5662.02,233.6,30.75,0.0,False,0.913,0.3539,88.47,True,False,False
KL_0219,Thiruvananthapuram,Attingal,Kizhakmoodu,8.348575,76.853163,semi-urban,64,4.29,False,2023,4,2023-04-01,11663.72,11663.72,222.9,74.26,0.0,False,0.817,0.729,182.25,True,False,False
KL_0219,Thiruvananthapuram,Attingal,Kizhakmoodu,8.348575,76.853163,semi-urban,64,4.29,False,2023,5,2023-05-01,6648.64,6648.64,232.2,37.11,0.0,False,0.854,0.4155,103.88,True,False,False
KL_0219,Thiruvananthapuram,Attingal,Kizhakmoodu,8.348575,76.853163,semi-urban,64,4.29,False,2023,6,2023-06-01,9414.98,9414.98,227.3,55.54,0.0,False,0.914,0.5884,147.11,False,True,False
KL_0219,Thiruvananthapuram,Attingal,Kizhakmoodu,8.348575,76.853163,semi-urban,64,4.29,False,2023,7,2023-07-01,4514.13,4514.13,212.7,26.81,0.0,False,0.864,0.2821,70.53,False,True,False
KL_0219,Thiruvananthapuram,Attingal,Kizhakmoodu,8.348575,76.853163,semi-urban,64,4.29,False,2023,8,2023-08-01,11854.79,11854.79,228.4,74.04,0.0,False,0.843,0.7409,185.23,False,True,False
KL_0219,Thiruvananthapuram,Attingal,Kizhakmoodu,8.348575,76.853163,semi-urban,64,4.29,False,2023,9,2023-09-01,7222.8,7222.8,223.9,42.46,0.0,False,0.963,0.4514,112.86,False,True,False
KL_0219,Thiruvananthapuram,Attingal,Kizhakmoodu,8.348575,76.853163,semi-urban,64,4.29,False,2023,10,2023-10-01,11547.32,11547.32,224.4,71.35,0.0,False,0.758,0.7217,180.43,False,False,False
KL_0219,Thiruvananthapuram,Attingal,Kizhakmoodu,8.348575,76.853163,semi-urban,64,4.29,False,2023,11,2023-11-01,11787.28,11787.28,243.1,61.54,0.0,False,0.803,0.7367,184.18,False,False,False
KL_0219,Thiruvananthapuram,Attingal,Kizhakmoodu,8.348575,76.853163,semi-urban,64,4.29,False,2023,12,2023-12-01,4248.15,4248.15,223.2,27.2,0.0,False,0.835,0.2655,66.38,False,False,True
KL_0219,Thiruvananthapuram,Attingal,Kizhakmoodu,8.348575,76.853163,semi-urban,64,4.29,False,2024,1,2024-01-01,8456.42,8456.42,223.1,50.43,0.0,False,0.902,0.5285,132.13,False,False,True
KL_0219,Thiruvananthapuram,Attingal,Kizhakmoodu,8.348575,76.853163,semi-urban,64,4.29,False,2024,2,2024-02-01,9008.14,9008.14,223.6,50.56,0.0,False,0.825,0.563,140.75,False,False,True
KL_0219,Thiruvananthapuram,Attingal,Kizhakmoodu,8.348575,76.853163,semi-urban,64,4.29,False,2024,3,2024-03-01,6426.13,6426.13,217.7,41.97,0.0,False,0.898,0.4016,100.41,True,False,False
KL_0219,Thiruvananthapuram,Attingal,Kizhakmoodu,8.348575,76.853163,semi-urban,64,4.29,False,2024,4,2024-04-01,15262.87,15262.87,229.0,97.82,0.0,False,0.764,0.9539,238.48,True,False,False
KL_0219,Thiruvananthapuram,Attingal,Kizhakmoodu,8.348575,76.853163,semi-urban,64,4.29,False,2024,5,2024-05-01,13362.82,13362.82,219.2,81.19,0.0,False,0.907,0.8352,208.79,True,False,False
KL_0219,Thiruvananthapuram,Attingal,Kizhakmoodu,8.348575,76.853163,semi-urban,64,4.29,False,2024,6,2024-06-01,14644.67,14644.67,224.5,87.5,0.0,False,0.895,0.9153,228.82,False,True,False
KL_0219,Thiruvananthapuram,Attingal,Kizhakmoodu,8.348575,76.853163,semi-urban,64,4.29,False,2024,7,2024-07-01,9575.28,9575.28,222.0,56.17,0.0,False,0.796,0.5985,149.61,False,True,False
KL_0219,Thiruvananthapuram,Attingal,Kizhakmoodu,8.348575,76.853163,semi-urban,64,4.29,False,2024,8,2024-08-01,5484.33,5484.33,225.8,31.73,0.0,False,0.848,0.3428,85.69,False,True,False
KL_0219,Thiruvananthapuram,Attingal,Kizhakmoodu,8.348575,76.853163,semi-urban,64,4.29,False,2024,9,2024-09-01,12172.67,12172.67,225.9,69.28,0.0,False,0.837,0.7608,190.2,False,True,False
KL_0219,Thiruvananthapuram,Attingal,Kizhakmoodu,8.348575,76.853163,semi-urban,64,4.29,False,2024,10,2024-10-01,14665.72,14665.72,229.2,81.6,0.0,False,0.873,0.9166,229.15,False,False,False
KL_0219,Thiruvananthapuram,Attingal,Kizhakmoodu,8.348575,76.853163,semi-urban,64,4.29,False,2024,11,2024-11-01,8765.36,8765.36,239.7,55.86,0.0,False,0.908,0.5478,136.96,False,False,False
KL_0219,Thiruvananthapuram,Attingal,Kizhakmoodu,8.348575,76.853163,semi-urban,64,4.29,False,2024,12,2024-12-01,7139.28,7139.28,218.8,41.88,0.0,False,0.816,0.4462,111.55,False,False,True
KL_0220,Thrissur,Kodungallur,Vellimukku,10.467547,76.302863,urban,122,2.55,False,2023,1,2023-01-01,26595.43,26595.43,217.6,173.59,0.0,False,0.868,0.872,218.0,False,False,True
KL_0220,Thrissur,Kodungallur,Vellimukku,10.467547,76.302863,urban,122,2.55,False,2023,2,2023-02-01,22295.34,22295.34,214.2,133.66,0.0,False,0.862,0.731,182.75,False,False,True
KL_0220,Thrissur,Kodungallur,Vellimukku,10.467547,76.302863,urban,122,2.55,False,2023,3,2023-03-01,17104.67,17104.67,241.9,94.44,0.0,False,0.856,0.5608,140.2,True,False,False
KL_0220,Thrissur,Kodungallur,Vellimukku,10.467547,76.302863,urban,122,2.55,False,2023,4,2023-04-01,33419.04,33419.04,236.0,184.06,0.0,False,0.923,1.0957,273.93,True,False,False
KL_0220,Thrissur,Kodungallur,Vellimukku,10.467547,76.302863,urban,122,2.55,False,2023,5,2023-05-01,39694.94,39694.94,213.1,262.4,0.0,False,0.858,1.3015,325.37,True,False,False
KL_0220,Thrissur,Kodungallur,Vellimukku,10.467547,76.302863,urban,122,2.55,False,2023,6,2023-06-01,35663.26,35663.26,237.5,218.82,0.0,False,0.789,1.1693,292.32,False,True,False
KL_0220,Thrissur,Kodungallur,Vellimukku,10.467547,76.302863,urban,122,2.55,False,2023,7,2023-07-01,21941.65,21941.65,231.2,137.93,0.0,False,0.887,0.7194,179.85,False,True,False
KL_0220,Thrissur,Kodungallur,Vellimukku,10.467547,76.302863,urban,122,2.55,False,2023,8,2023-08-01,16829.11,16829.11,228.3,97.96,0.0,False,0.93,0.5518,137.94,False,True,False
KL_0220,Thrissur,Kodungallur,Vellimukku,10.467547,76.302863,urban,122,2.55,False,2023,9,2023-09-01,23225.65,23225.65,245.6,130.71,0.0,False,0.857,0.7615,190.37,False,True,False
KL_0220,Thrissur,Kodungallur,Vellimukku,10.467547,76.302863,urban,122,2.55,False,2023,10,2023-10-01,22159.73,22159.73,216.4,146.72,0.0,False,0.918,0.7265,181.64,False,False,False
KL_0220,Thrissur,Kodungallur,Vellimukku,10.467547,76.302863,urban,122,2.55,False,2023,11,2023-11-01,31163.44,31163.44,220.5,208.64,0.0,False,0.829,1.0218,255.44,False,False,False
KL_0220,Thrissur,Kodungallur,Vellimukku,10.467547,76.302863,urban,122,2.55,False,2023,12,2023-12-01,21178.59,21178.59,216.2,129.61,0.0,False,0.871,0.6944,173.6,False,False,True
KL_0220,Thrissur,Kodungallur,Vellimukku,10.467547,76.302863,urban,122,2.55,False,2024,1,2024-01-01,22397.54,22397.54,230.6,132.24,0.0,False,0.772,0.7343,183.59,False,False,True
KL_0220,Thrissur,Kodungallur,Vellimukku,10.467547,76.302863,urban,122,2.55,False,2024,2,2024-02-01,26083.49,26083.49,242.2,161.58,0.0,False,0.82,0.8552,213.8,False,False,True
KL_0220,Thrissur,Kodungallur,Vellimukku,10.467547,76.302863,urban,122,2.55,False,2024,3,2024-03-01,30249.98,30249.98,233.6,163.31,0.0,False,0.858,0.9918,247.95,True,False,False
KL_0220,Thrissur,Kodungallur,Vellimukku,10.467547,76.302863,urban,122,2.55,False,2024,4,2024-04-01,25450.23,25450.23,215.1,153.66,0.0,False,0.883,0.8344,208.61,True,False,False
KL_0220,Thrissur,Kodungallur,Vellimukku,10.467547,76.302863,urban,122,2.55,False,2024,5,2024-05-01,23609.78,23609.78,229.5,154.43,0.0,False,0.872,0.7741,193.52,True,False,False
KL_0220,Thrissur,Kodungallur,Vellimukku,10.467547,76.302863,urban,122,2.55,False,2024,6,2024-06-01,26519.94,26519.94,224.2,172.36,0.0,False,0.914,0.8695,217.38,False,True,False
KL_0220,Thrissur,Kodungallur,Vellimukku,10.467547,76.302863,urban,122,2.55,False,2024,7,2024-07-01,24611.94,24611.94,218.4,159.52,0.0,False,0.774,0.8069,201.74,False,True,False
KL_0220,Thrissur,Kodungallur,Vellimukku,10.467547,76.302863,urban,122,2.55,False,2024,8,2024-08-01,25500.43,25500.43,224.8,162.82,0.0,False,0.923,0.8361,209.02,False,True,False
KL_0220,Thrissur,Kodungallur,Vellimukku,10.467547,76.302863,urban,122,2.55,False,2024,9,2024-09-01,28139.23,28139.23,246.4,150.84,0.0,False,0.814,0.9226,230.65,False,True,False
KL_0220,Thrissur,Kodungallur,Vellimukku,10.467547,76.302863,urban,122,2.55,False,2024,10,2024-10-01,30097.18,30097.18,215.2,209.18,0.0,False,0.789,0.9868,246.7,False,False,False
KL_0220,Thrissur,Kodungallur,Vellimukku,10.467547,76.302863,urban,122,2.55,False,2024,11,2024-11-01,24100.35,24100.35,220.7,151.5,0.0,False,0.902,0.7902,197.54,False,False,False
KL_0220,Thrissur,Kodungallur,Vellimukku,10.467547,76.302863,urban,122,2.55,False,2024,12,2024-12-01,18038.2,18038.2,230.7,111.5,0.0,False,0.794,0.5914,147.85,False,False,True
KL_0221,Thiruvananthapuram,Attingal,Melanagar,8.595025,76.920341,rural,80,24.96,False,2023,1,2023-01-01,2303.3,2303.3,234.7,13.17,0.0,False,0.921,0.1152,28.79,False,False,True
KL_0221,Thiruvananthapuram,Attingal,Melanagar,8.595025,76.920341,rural,80,24.96,False,2023,2,2023-02-01,6164.46,6164.46,216.3,41.81,0.0,False,0.741,0.3082,77.06,False,False,True
KL_0221,Thiruvananthapuram,Attingal,Melanagar,8.595025,76.920341,rural,80,24.96,False,2023,3,2023-03-01,6322.15,6322.15,214.6,42.92,0.0,False,0.812,0.3161,79.03,True,False,False
KL_0221,Thiruvananthapuram,Attingal,Melanagar,8.595025,76.920341,rural,80,24.96,False,2023,4,2023-04-01,7603.06,7603.06,236.7,43.51,0.0,False,0.894,0.3802,95.04,True,False,False
KL_0221,Thiruvananthapuram,Attingal,Melanagar,8.595025,76.920341,rural,80,24.96,False,2023,5,2023-05-01,7375.84,7375.84,231.5,44.19,0.0,False,0.884,0.3688,92.2,True,False,False
KL_0221,Thiruvananthapuram,Attingal,Melanagar,8.595025,76.920341,rural,80,24.96,False,2023,6,2023-06-01,9274.15,9274.15,229.3,53.73,0.0,False,0.718,0.4637,115.93,False,True,False
KL_0221,Thiruvananthapuram,Attingal,Melanagar,8.595025,76.920341,rural,80,24.96,False,2023,7,2023-07-01,4570.85,4570.85,239.1,28.68,0.0,False,0.817,0.2285,57.14,False,True,False
KL_0221,Thiruvananthapuram,Attingal,Melanagar,8.595025,76.920341,rural,80,24.96,False,2023,8,2023-08-01,7529.19,7529.19,224.3,51.05,0.0,False,0.764,0.3765,94.11,False,True,False
KL_0221,Thiruvananthapuram,Attingal,Melanagar,8.595025,76.920341,rural,80,24.96,False,2023,9,2023-09-01,6608.8,6608.8,219.9,39.66,0.0,False,0.857,0.3304,82.61,False,True,False
KL_0221,Thiruvananthapuram,Attingal,Melanagar,8.595025,76.920341,rural,80,24.96,False,2023,10,2023-10-01,6243.28,6243.28,231.7,37.33,0.0,False,0.853,0.3122,78.04,False,False,False
KL_0221,Thiruvananthapuram,Attingal,Melanagar,8.595025,76.920341,rural,80,24.96,False,2023,11,2023-11-01,8217.7,8217.7,207.2,58.37,0.0,False,0.838,0.4109,102.72,False,False,False
KL_0221,Thiruvananthapuram,Attingal,Melanagar,8.595025,76.920341,rural,80,24.96,False,2023,12,2023-12-01,7220.32,7220.32,231.1,47.01,0.0,False,0.845,0.361,90.25,False,False,True
KL_0221,Thiruvananthapuram,Attingal,Melanagar,8.595025,76.920341,rural,80,24.96,False,2024,1,2024-01-01,6112.83,6112.83,247.4,31.42,0.0,False,0.795,0.3056,76.41,False,False,True
KL_0221,Thiruvananthapuram,Attingal,Melanagar,8.595025,76.920341,rural,80,24.96,False,2024,2,2024-02-01,5055.86,5055.86,231.0,28.75,0.0,False,0.813,0.2528,63.2,False,False,True
KL_0221,Thiruvananthapuram,Attingal,Melanagar,8.595025,76.920341,rural,80,24.96,False,2024,3,2024-03-01,5529.07,5529.07,229.8,31.83,0.0,False,0.903,0.2765,69.11,True,False,False
KL_0221,Thiruvananthapuram,Attingal,Melanagar,8.595025,76.920341,rural,80,24.96,False,2024,4,2024-04-01,7505.0,7505.0,244.0,46.93,0.0,False,0.826,0.3752,93.81,True,False,False
KL_0221,Thiruvananthapuram,Attingal,Melanagar,8.595025,76.920341,rural,80,24.96,False,2024,5,2024-05-01,7053.34,7053.34,244.5,37.75,0.0,False,0.821,0.3527,88.17,True,False,False
KL_0221,Thiruvananthapuram,Attingal,Melanagar,8.595025,76.920341,rural,80,24.96,False,2024,6,2024-06-01,6578.37,6578.37,228.6,40.29,0.0,False,0.907,0.3289,82.23,False,True,False
KL_0221,Thiruvananthapuram,Attingal,Melanagar,8.595025,76.920341,rural,80,24.96,False,2024,7,2024-07-01,3951.7,3951.7,231.2,25.12,0.0,False,0.791,0.1976,49.4,False,True,False
KL_0221,Thiruvananthapuram,Attingal,Melanagar,8.595025,76.920341,rural,80,24.96,False,2024,8,2024-08-01,6340.88,6340.88,218.2,42.13,0.0,False,0.924,0.317,79.26,False,True,False
KL_0221,Thiruvananthapuram,Attingal,Melanagar,8.595025,76.920341,rural,80,24.96,False,2024,9,2024-09-01,4970.44,4970.44,225.0,30.33,0.0,False,0.928,0.2485,62.13,False,True,False
KL_0221,Thiruvananthapuram,Attingal,Melanagar,8.595025,76.920341,rural,80,24.96,False,2024,10,2024-10-01,8339.88,8339.88,222.1,56.44,0.0,False,0.799,0.417,104.25,False,False,False
KL_0221,Thiruvananthapuram,Attingal,Melanagar,8.595025,76.920341,rural,80,24.96,False,2024,11,2024-11-01,2946.58,2946.58,224.7,17.32,0.0,False,0.896,0.1473,36.83,False,False,False
KL_0221,Thiruvananthapuram,Attingal,Melanagar,8.595025,76.920341,rural,80,24.96,False,2024,12,2024-12-01,4550.31,4550.31,213.3,30.33,0.0,False,0.742,0.2275,56.88,False,False,True
KL_0222,Ernakulam,Angamaly,Puzhaveli,9.894774,76.727838,rural,28,9.56,False,2023,1,2023-01-01,1987.39,1987.39,229.2,11.65,0.0,False,0.855,0.2839,70.98,False,False,True
KL_0222,Ernakulam,Angamaly,Puzhaveli,9.894774,76.727838,rural,28,9.56,False,2023,2,2023-02-01,2826.88,2826.88,218.9,19.69,0.0,False,0.8,0.4038,100.96,False,False,True
KL_0222,Ernakulam,Angamaly,Puzhaveli,9.894774,76.727838,rural,28,9.56,False,2023,3,2023-03-01,2840.98,2840.98,236.2,17.57,0.0,False,0.875,0.4059,101.46,True,False,False
KL_0222,Ernakulam,Angamaly,Puzhaveli,9.894774,76.727838,rural,28,9.56,False,2023,4,2023-04-01,3194.37,3194.37,224.6,20.72,0.0,False,0.866,0.4563,114.08,True,False,False
KL_0222,Ernakulam,Angamaly,Puzhaveli,9.894774,76.727838,rural,28,9.56,False,2023,5,2023-05-01,1006.31,1006.31,235.8,6.17,0.0,False,0.836,0.1438,35.94,True,False,False
KL_0222,Ernakulam,Angamaly,Puzhaveli,9.894774,76.727838,rural,28,9.56,False,2023,6,2023-06-01,1985.91,1985.91,240.4,10.64,0.0,False,0.795,0.2837,70.93,False,True,False
KL_0222,Ernakulam,Angamaly,Puzhaveli,9.894774,76.727838,rural,28,9.56,False,2023,7,2023-07-01,1424.24,1424.24,242.4,7.65,0.0,False,0.896,0.2035,50.87,False,True,False
KL_0222,Ernakulam,Angamaly,Puzhaveli,9.894774,76.727838,rural,28,9.56,False,2023,8,2023-08-01,2399.36,2399.36,214.5,15.56,0.0,False,0.848,0.3428,85.69,False,True,False
KL_0222,Ernakulam,Angamaly,Puzhaveli,9.894774,76.727838,rural,28,9.56,False,2023,9,2023-09-01,1733.94,1733.94,227.6,10.94,0.0,False,0.815,0.2477,61.93,False,True,False
KL_0222,Ernakulam,Angamaly,Puzhaveli,9.894774,76.727838,rural,28,9.56,False,2023,10,2023-10-01,2494.33,2494.33,218.0,16.85,0.0,False,0.824,0.3563,89.08,False,False,False
KL_0222,Ernakulam,Angamaly,Puzhaveli,9.894774,76.727838,rural,28,9.56,False,2023,11,2023-11-01,2208.39,2208.39,238.6,12.2,0.0,False,0.845,0.3155,78.87,False,False,False
KL_0222,Ernakulam,Angamaly,Puzhaveli,9.894774,76.727838,rural,28,9.56,False,2023,12,2023-12-01,1780.71,1780.71,216.0,11.21,0.0,False,0.845,0.2544,63.6,False,False,True
KL_0222,Ernakulam,Angamaly,Puzhaveli,9.894774,76.727838,rural,28,9.56,False,2024,1,2024-01-01,990.62,990.62,242.2,6.05,0.0,False,0.865,0.1415,35.38,False,False,True
KL_0222,Ernakulam,Angamaly,Puzhaveli,9.894774,76.727838,rural,28,9.56,False,2024,2,2024-02-01,1496.06,1496.06,225.2,9.34,0.0,False,0.898,0.2137,53.43,False,False,True
KL_0222,Ernakulam,Angamaly,Puzhaveli,9.894774,76.727838,rural,28,9.56,False,2024,3,2024-03-01,2912.65,2912.65,228.6,18.64,0.0,False,0.902,0.4161,104.02,True,False,False
KL_0222,Ernakulam,Angamaly,Puzhaveli,9.894774,76.727838,rural,28,9.56,False,2024,4,2024-04-01,2872.96,2872.96,216.4,20.18,0.0,False,0.839,0.4104,102.61,True,False,False
KL_0222,Ernakulam,Angamaly,Puzhaveli,9.894774,76.727838,rural,28,9.56,False,2024,5,2024-05-01,2682.07,2682.07,212.5,17.17,0.0,False,0.871,0.3832,95.79,True,False,False
KL_0222,Ernakulam,Angamaly,Puzhaveli,9.894774,76.727838,rural,28,9.56,False,2024,6,2024-06-01,1489.56,1489.56,224.0,8.99,0.0,False,0.84,0.2128,53.2,False,True,False
KL_0222,Ernakulam,Angamaly,Puzhaveli,9.894774,76.727838,rural,28,9.56,False,2024,7,2024-07-01,2100.07,2100.07,215.8,12.36,0.0,False,0.911,0.3,75.0,False,True,False
KL_0222,Ernakulam,Angamaly,Puzhaveli,9.894774,76.727838,rural,28,9.56,False,2024,8,2024-08-01,2432.37,2432.37,237.4,13.02,0.0,False,0.843,0.3475,86.87,False,True,False
KL_0222,Ernakulam,Angamaly,Puzhaveli,9.894774,76.727838,rural,28,9.56,False,2024,9,2024-09-01,2314.02,2314.02,229.9,13.86,0.0,False,0.856,0.3306,82.64,False,True,False
KL_0222,Ernakulam,Angamaly,Puzhaveli,9.894774,76.727838,rural,28,9.56,False,2024,10,2024-10-01,3421.63,3421.63,231.9,19.78,0.0,False,0.849,0.4888,122.2,False,False,False
KL_0222,Ernakulam,Angamaly,Puzhaveli,9.894774,76.727838,rural,28,9.56,False,2024,11,2024-11-01,877.51,877.51,215.2,6.18,0.0,False,0.873,0.1254,31.34,False,False,False
KL_0222,Ernakulam,Angamaly,Puzhaveli,9.894774,76.727838,rural,28,9.56,False,2024,12,2024-12-01,1437.1,1437.1,238.1,7.97,0.0,False,0.882,0.2053,51.32,False,False,True
KL_0223,Thrissur,Kodungallur,Manjathara,10.659563,76.325862,rural,133,7.31,False,2023,1,2023-01-01,9190.89,9190.89,234.3,53.46,0.0,False,0.919,0.2764,69.1,False,False,True
KL_0223,Thrissur,Kodungallur,Manjathara,10.659563,76.325862,rural,133,7.31,False,2023,2,2023-02-01,5923.19,5923.19,220.0,38.68,0.0,False,0.911,0.1781,44.54,False,False,True
KL_0223,Thrissur,Kodungallur,Manjathara,10.659563,76.325862,rural,133,7.31,False,2023,3,2023-03-01,12420.13,12420.13,229.2,76.36,0.0,False,0.852,0.3735,93.38,True,False,False
KL_0223,Thrissur,Kodungallur,Manjathara,10.659563,76.325862,rural,133,7.31,False,2023,4,2023-04-01,14034.18,14034.18,219.7,92.79,0.0,False,0.848,0.4221,105.52,True,False,False
KL_0223,Thrissur,Kodungallur,Manjathara,10.659563,76.325862,rural,133,7.31,False,2023,5,2023-05-01,10215.59,10215.59,227.4,60.52,0.0,False,0.839,0.3072,76.81,True,False,False
KL_0223,Thrissur,Kodungallur,Manjathara,10.659563,76.325862,rural,133,7.31,False,2023,6,2023-06-01,12851.79,12851.79,228.4,77.71,0.0,False,0.9,0.3865,96.63,False,True,False
KL_0223,Thrissur,Kodungallur,Manjathara,10.659563,76.325862,rural,133,7.31,False,2023,7,2023-07-01,12081.39,12081.39,223.4,67.87,0.0,False,0.862,0.3634,90.84,False,True,False
KL_0223,Thrissur,Kodungallur,Manjathara,10.659563,76.325862,rural,133,7.31,False,2023,8,2023-08-01,4796.81,4796.81,227.6,30.15,0.0,False,0.973,0.1443,36.07,False,True,False
KL_0223,Thrissur,Kodungallur,Manjathara,10.659563,76.325862,rural,133,7.31,False,2023,9,2023-09-01,14083.62,14083.62,243.5,72.59,0.0,False,0.847,0.4236,105.89,False,True,False
KL_0223,Thrissur,Kodungallur,Manjathara,10.659563,76.325862,rural,133,7.31,False,2023,10,2023-10-01,12628.42,12628.42,216.8,73.59,0.0,False,0.926,0.3798,94.95,False,False,False
KL_0223,Thrissur,Kodungallur,Manjathara,10.659563,76.325862,rural,133,7.31,False,2023,11,2023-11-01,7699.78,7699.78,229.8,43.75,0.0,False,0.927,0.2316,57.89,False,False,False
KL_0223,Thrissur,Kodungallur,Manjathara,10.659563,76.325862,rural,133,7.31,False,2023,12,2023-12-01,7911.75,7911.75,238.8,44.11,0.0,False,0.925,0.2379,59.49,False,False,True
KL_0223,Thrissur,Kodungallur,Manjathara,10.659563,76.325862,rural,133,7.31,False,2024,1,2024-01-01,10234.92,10234.92,233.2,55.71,0.0,False,0.834,0.3078,76.95,False,False,True
KL_0223,Thrissur,Kodungallur,Manjathara,10.659563,76.325862,rural,133,7.31,False,2024,2,2024-02-01,11470.92,11470.92,233.8,67.56,0.0,False,0.846,0.345,86.25,False,False,True
KL_0223,Thrissur,Kodungallur,Manjathara,10.659563,76.325862,rural,133,7.31,False,2024,3,2024-03-01,12817.77,12817.77,230.4,82.22,0.0,False,0.842,0.3855,96.37,True,False,False
KL_0223,Thrissur,Kodungallur,Manjathara,10.659563,76.325862,rural,133,7.31,False,2024,4,2024-04-01,18665.39,18665.39,219.2,112.21,0.0,False,0.924,0.5614,140.34,True,False,False
KL_0223,Thrissur,Kodungallur,Manjathara,10.659563,76.325862,rural,133,7.31,False,2024,5,2024-05-01,17299.96,17299.96,230.4,109.22,0.0,False,0.827,0.5203,130.07,True,False,False
KL_0223,Thrissur,Kodungallur,Manjathara,10.659563,76.325862,rural,133,7.31,False,2024,6,2024-06-01,14054.59,14054.59,244.2,80.66,0.0,False,0.821,0.4227,105.67,False,True,False
KL_0223,Thrissur,Kodungallur,Manjathara,10.659563,76.325862,rural,133,7.31,False,2024,7,2024-07-01,11694.5,11694.5,222.3,77.7,0.0,False,0.885,0.3517,87.93,False,True,False
KL_0223,Thrissur,Kodungallur,Manjathara,10.659563,76.325862,rural,133,7.31,False,2024,8,2024-08-01,9931.14,9931.14,231.4,56.06,0.0,False,0.784,0.2987,74.67,False,True,False
KL_0223,Thrissur,Kodungallur,Manjathara,10.659563,76.325862,rural,133,7.31,False,2024,9,2024-09-01,16087.39,16087.39,235.9,95.67,0.0,False,0.888,0.4838,120.96,False,True,False
KL_0223,Thrissur,Kodungallur,Manjathara,10.659563,76.325862,rural,133,7.31,False,2024,10,2024-10-01,10742.29,10742.29,229.4,62.97,0.0,False,0.793,0.3231,80.77,False,False,False
KL_0223,Thrissur,Kodungallur,Manjathara,10.659563,76.325862,rural,133,7.31,False,2024,11,2024-11-01,16391.67,16391.67,223.3,109.09,0.0,False,0.829,0.493,123.25,False,False,False
KL_0223,Thrissur,Kodungallur,Manjathara,10.659563,76.325862,rural,133,7.31,False,2024,12,2024-12-01,15318.02,15318.02,232.7,98.17,0.0,False,0.908,0.4607,115.17,False,False,True
KL_0224,Kollam,Karunagappally,Manapara,8.99634,76.381951,rural,173,20.72,False,2023,1,2023-01-01,17871.47,17871.47,227.5,112.38,0.0,False,0.822,0.4132,103.3,False,False,True
KL_0224,Kollam,Karunagappally,Manapara,8.99634,76.381951,rural,173,20.72,False,2023,2,2023-02-01,9691.04,9691.04,231.2,59.15,0.0,False,0.865,0.2241,56.02,False,False,True
KL_0224,Kollam,Karunagappally,Manapara,8.99634,76.381951,rural,173,20.72,False,2023,3,2023-03-01,18167.13,18167.13,227.8,111.35,0.0,False,0.91,0.42,105.01,True,False,False
KL_0224,Kollam,Karunagappally,Manapara,8.99634,76.381951,rural,173,20.72,False,2023,4,2023-04-01,21772.2,21772.2,213.7,131.8,0.0,False,0.793,0.5034,125.85,True,False,False
KL_0224,Kollam,Karunagappally,Manapara,8.99634,76.381951,rural,173,20.72,False,2023,5,2023-05-01,17974.96,17974.96,213.2,124.63,0.0,False,0.859,0.4156,103.9,True,False,False
KL_0224,Kollam,Karunagappally,Manapara,8.99634,76.381951,rural,173,20.72,False,2023,6,2023-06-01,18631.72,18631.72,226.3,117.19,0.0,False,0.882,0.4308,107.7,False,True,False
KL_0224,Kollam,Karunagappally,Manapara,8.99634,76.381951,rural,173,20.72,False,2023,7,2023-07-01,5884.99,5884.99,228.4,33.52,0.0,False,0.779,0.1361,34.02,False,True,False
KL_0224,Kollam,Karunagappally,Manapara,8.99634,76.381951,rural,173,20.72,False,2023,8,2023-08-01,7474.11,7474.11,222.7,50.43,0.0,False,0.798,0.1728,43.2,False,True,False
KL_0224,Kollam,Karunagappally,Manapara,8.99634,76.381951,rural,173,20.72,False,2023,9,2023-09-01,14105.38,14105.38,233.0,90.24,0.0,False,0.931,0.3261,81.53,False,True,False
KL_0224,Kollam,Karunagappally,Manapara,8.99634,76.381951,rural,173,20.72,False,2023,10,2023-10-01,18187.34,18187.34,242.2,104.89,0.0,False,0.793,0.4205,105.13,False,False,False
KL_0224,Kollam,Karunagappally,Manapara,8.99634,76.381951,rural,173,20.72,False,2023,11,2023-11-01,11413.52,11413.52,227.6,69.16,0.0,False,0.833,0.2639,65.97,False,False,False
KL_0224,Kollam,Karunagappally,Manapara,8.99634,76.381951,rural,173,20.72,False,2023,12,2023-12-01,12064.96,12064.96,227.1,72.7,0.0,False,0.749,0.279,69.74,False,False,True
KL_0224,Kollam,Karunagappally,Manapara,8.99634,76.381951,rural,173,20.72,False,2024,1,2024-01-01,12089.83,12089.83,228.4,70.28,0.0,False,0.811,0.2795,69.88,False,False,True
KL_0224,Kollam,Karunagappally,Manapara,8.99634,76.381951,rural,173,20.72,False,2024,2,2024-02-01,14203.11,14203.11,229.3,93.44,0.0,False,0.889,0.3284,82.1,False,False,True
KL_0224,Kollam,Karunagappally,Manapara,8.99634,76.381951,rural,173,20.72,False,2024,3,2024-03-01,7001.82,7001.82,215.3,47.71,0.0,False,0.898,0.1619,40.47,True,False,False
KL_0224,Kollam,Karunagappally,Manapara,8.99634,76.381951,rural,173,20.72,False,2024,4,2024-04-01,36239.24,36239.24,221.3,239.57,0.0,False,0.89,0.8379,209.48,True,False,False
KL_0224,Kollam,Karunagappally,Manapara,8.99634,76.381951,rural,173,20.72,False,2024,5,2024-05-01,17076.35,17076.35,216.1,104.31,0.0,False,0.848,0.3948,98.71,True,False,False
KL_0224,Kollam,Karunagappally,Manapara,8.99634,76.381951,rural,173,20.72,False,2024,6,2024-06-01,19942.21,19942.21,224.1,130.4,0.0,False,0.796,0.4611,115.27,False,True,False
KL_0224,Kollam,Karunagappally,Manapara,8.99634,76.381951,rural,173,20.72,False,2024,7,2024-07-01,12543.89,12543.89,213.3,75.64,0.0,False,0.871,0.29,72.51,False,True,False
KL_0224,Kollam,Karunagappally,Manapara,8.99634,76.381951,rural,173,20.72,False,2024,8,2024-08-01,10609.91,10609.91,226.5,69.23,0.0,False,0.828,0.2453,61.33,False,True,False
KL_0224,Kollam,Karunagappally,Manapara,8.99634,76.381951,rural,173,20.72,False,2024,9,2024-09-01,20667.58,20667.58,228.4,118.79,0.0,False,0.77,0.4779,119.47,False,True,False
KL_0224,Kollam,Karunagappally,Manapara,8.99634,76.381951,rural,173,20.72,False,2024,10,2024-10-01,14802.45,14802.45,233.2,93.33,0.0,False,0.851,0.3423,85.56,False,False,False
KL_0224,Kollam,Karunagappally,Manapara,8.99634,76.381951,rural,173,20.72,False,2024,11,2024-11-01,10451.24,10451.24,222.6,65.46,0.0,False,0.914,0.2416,60.41,False,False,False
KL_0224,Kollam,Karunagappally,Manapara,8.99634,76.381951,rural,173,20.72,False,2024,12,2024-12-01,10318.03,10318.03,236.2,61.91,0.0,False,0.906,0.2386,59.64,False,False,True
KL_0225,Kollam,Paravur,Kizhakthara,8.757889,76.6977,semi-urban,199,10.11,False,2023,1,2023-01-01,13833.88,13833.88,230.1,86.06,0.0,False,0.909,0.2781,69.52,False,False,True
KL_0225,Kollam,Paravur,Kizhakthara,8.757889,76.6977,semi-urban,199,10.11,False,2023,2,2023-02-01,36265.81,36265.81,230.0,226.35,0.0,False,0.865,0.729,182.24,False,False,True
KL_0225,Kollam,Paravur,Kizhakthara,8.757889,76.6977,semi-urban,199,10.11,False,2023,3,2023-03-01,21440.54,21440.54,237.1,119.25,0.0,False,0.804,0.431,107.74,True,False,False
KL_0225,Kollam,Paravur,Kizhakthara,8.757889,76.6977,semi-urban,199,10.11,False,2023,4,2023-04-01,34553.4,34553.4,225.0,225.66,0.0,False,0.879,0.6945,173.64,True,False,False
KL_0225,Kollam,Paravur,Kizhakthara,8.757889,76.6977,semi-urban,199,10.11,False,2023,5,2023-05-01,37522.08,37522.08,210.7,255.19,0.0,False,0.858,0.7542,188.55,True,False,False
KL_0225,Kollam,Paravur,Kizhakthara,8.757889,76.6977,semi-urban,199,10.11,False,2023,6,2023-06-01,22620.88,22620.88,217.7,132.7,0.0,False,0.837,0.4547,113.67,False,True,False
KL_0225,Kollam,Paravur,Kizhakthara,8.757889,76.6977,semi-urban,199,10.11,False,2023,7,2023-07-01,24444.29,24444.29,227.5,151.04,0.0,False,0.883,0.4913,122.84,False,True,False
KL_0225,Kollam,Paravur,Kizhakthara,8.757889,76.6977,semi-urban,199,10.11,False,2023,8,2023-08-01,7694.54,7694.54,226.5,43.05,0.0,False,0.873,0.1547,38.67,False,True,False
KL_0225,Kollam,Paravur,Kizhakthara,8.757889,76.6977,semi-urban,199,10.11,False,2023,9,2023-09-01,20266.38,20266.38,228.8,116.41,0.0,False,0.819,0.4074,101.84,False,True,False
KL_0225,Kollam,Paravur,Kizhakthara,8.757889,76.6977,semi-urban,199,10.11,False,2023,10,2023-10-01,28371.54,28371.54,234.4,163.56,0.0,False,0.817,0.5703,142.57,False,False,False
KL_0225,Kollam,Paravur,Kizhakthara,8.757889,76.6977,semi-urban,199,10.11,False,2023,11,2023-11-01,22835.32,22835.32,230.3,147.99,0.0,False,0.792,0.459,114.75,False,False,False
KL_0225,Kollam,Paravur,Kizhakthara,8.757889,76.6977,semi-urban,199,10.11,False,2023,12,2023-12-01,9402.12,9402.12,213.8,55.95,0.0,False,0.863,0.189,47.25,False,False,True
KL_0225,Kollam,Paravur,Kizhakthara,8.757889,76.6977,semi-urban,199,10.11,False,2024,1,2024-01-01,20795.18,20795.18,238.7,124.38,0.0,False,0.895,0.418,104.5,False,False,True
KL_0225,Kollam,Paravur,Kizhakthara,8.757889,76.6977,semi-urban,199,10.11,False,2024,2,2024-02-01,40143.68,40143.68,229.6,224.03,0.0,False,0.82,0.8069,201.73,False,False,True
KL_0225,Kollam,Paravur,Kizhakthara,8.757889,76.6977,semi-urban,199,10.11,False,2024,3,2024-03-01,27804.95,27804.95,243.3,167.38,0.0,False,0.797,0.5589,139.72,True,False,False
KL_0225,Kollam,Paravur,Kizhakthara,8.757889,76.6977,semi-urban,199,10.11,False,2024,4,2024-04-01,33382.43,33382.43,222.4,211.58,0.0,False,0.875,0.671,167.75,True,False,False
KL_0225,Kollam,Paravur,Kizhakthara,8.757889,76.6977,semi-urban,199,10.11,False,2024,5,2024-05-01,35096.14,35096.14,239.0,193.08,0.0,False,0.929,0.7055,176.36,True,False,False
KL_0225,Kollam,Paravur,Kizhakthara,8.757889,76.6977,semi-urban,199,10.11,False,2024,6,2024-06-01,22499.59,22499.59,234.4,126.72,0.0,False,0.95,0.4523,113.06,False,True,False
KL_0225,Kollam,Paravur,Kizhakthara,8.757889,76.6977,semi-urban,199,10.11,False,2024,7,2024-07-01,30460.7,30460.7,232.2,174.06,0.0,False,0.926,0.6123,153.07,False,True,False
KL_0225,Kollam,Paravur,Kizhakthara,8.757889,76.6977,semi-urban,199,10.11,False,2024,8,2024-08-01,18835.57,18835.57,219.8,116.37,0.0,False,0.848,0.3786,94.65,False,True,False
KL_0225,Kollam,Paravur,Kizhakthara,8.757889,76.6977,semi-urban,199,10.11,False,2024,9,2024-09-01,31115.49,31115.49,222.6,193.2,0.0,False,0.805,0.6254,156.36,False,True,False
KL_0225,Kollam,Paravur,Kizhakthara,8.757889,76.6977,semi-urban,199,10.11,False,2024,10,2024-10-01,27667.34,27667.34,222.8,174.35,0.0,False,0.88,0.5561,139.03,False,False,False
KL_0225,Kollam,Paravur,Kizhakthara,8.757889,76.6977,semi-urban,199,10.11,False,2024,11,2024-11-01,25276.54,25276.54,227.4,169.01,0.0,False,0.846,0.5081,127.02,False,False,False
KL_0225,Kollam,Paravur,Kizhakthara,8.757889,76.6977,semi-urban,199,10.11,False,2024,12,2024-12-01,29052.74,29052.74,227.1,178.3,0.0,False,0.84,0.584,145.99,False,False,True
KL_0226,Pathanamthitta,Mallappally,Nallakavu,9.206873,76.916942,rural,178,19.47,False,2023,1,2023-01-01,17871.9,17871.9,218.4,120.46,0.0,False,0.945,0.4016,100.4,False,False,True
KL_0226,Pathanamthitta,Mallappally,Nallakavu,9.206873,76.916942,rural,178,19.47,False,2023,2,2023-02-01,17205.97,17205.97,224.5,113.69,0.0,False,0.919,0.3867,96.66,False,False,True
KL_0226,Pathanamthitta,Mallappally,Nallakavu,9.206873,76.916942,rural,178,19.47,False,2023,3,2023-03-01,13619.74,13619.74,237.3,75.08,0.0,False,0.882,0.3061,76.52,True,False,False
KL_0226,Pathanamthitta,Mallappally,Nallakavu,9.206873,76.916942,rural,178,19.47,False,2023,4,2023-04-01,16104.86,16104.86,228.1,94.78,0.0,False,0.845,0.3619,90.48,True,False,False
KL_0226,Pathanamthitta,Mallappally,Nallakavu,9.206873,76.916942,rural,178,19.47,False,2023,5,2023-05-01,17950.65,17950.65,211.9,122.53,0.0,False,0.85,0.4034,100.85,True,False,False
KL_0226,Pathanamthitta,Mallappally,Nallakavu,9.206873,76.916942,rural,178,19.47,False,2023,6,2023-06-01,13449.58,13449.58,240.6,82.3,0.0,False,0.773,0.3022,75.56,False,True,False
KL_0226,Pathanamthitta,Mallappally,Nallakavu,9.206873,76.916942,rural,178,19.47,False,2023,7,2023-07-01,8928.67,8928.67,227.2,50.09,0.0,False,0.902,0.2006,50.16,False,True,False
KL_0226,Pathanamthitta,Mallappally,Nallakavu,9.206873,76.916942,rural,178,19.47,False,2023,8,2023-08-01,14992.61,14992.61,230.8,88.92,0.0,False,0.915,0.3369,84.23,False,True,False
KL_0226,Pathanamthitta,Mallappally,Nallakavu,9.206873,76.916942,rural,178,19.47,False,2023,9,2023-09-01,15801.52,15801.52,219.3,107.67,0.0,False,0.812,0.3551,88.77,False,True,False
KL_0226,Pathanamthitta,Mallappally,Nallakavu,9.206873,76.916942,rural,178,19.47,False,2023,10,2023-10-01,20062.08,20062.08,227.2,122.6,0.0,False,0.819,0.4508,112.71,False,False,False
KL_0226,Pathanamthitta,Mallappally,Nallakavu,9.206873,76.916942,rural,178,19.47,False,2023,11,2023-11-01,21960.01,21960.01,225.4,146.11,0.0,False,0.899,0.4935,123.37,False,False,False
KL_0226,Pathanamthitta,Mallappally,Nallakavu,9.206873,76.916942,rural,178,19.47,False,2023,12,2023-12-01,14743.79,14743.79,228.9,82.43,0.0,False,0.834,0.3313,82.83,False,False,True
KL_0226,Pathanamthitta,Mallappally,Nallakavu,9.206873,76.916942,rural,178,19.47,False,2024,1,2024-01-01,13782.06,13782.06,234.2,83.11,0.0,False,0.907,0.3097,77.43,False,False,True
KL_0226,Pathanamthitta,Mallappally,Nallakavu,9.206873,76.916942,rural,178,19.47,False,2024,2,2024-02-01,15964.06,15964.06,229.4,98.5,0.0,False,0.811,0.3587,89.69,False,False,True
KL_0226,Pathanamthitta,Mallappally,Nallakavu,9.206873,76.916942,rural,178,19.47,False,2024,3,2024-03-01,15632.41,15632.41,221.8,96.54,0.0,False,0.834,0.3513,87.82,True,False,False
KL_0226,Pathanamthitta,Mallappally,Nallakavu,9.206873,76.916942,rural,178,19.47,False,2024,4,2024-04-01,20649.48,20649.48,221.0,141.67,0.0,False,0.876,0.464,116.01,True,False,False
KL_0226,Pathanamthitta,Mallappally,Nallakavu,9.206873,76.916942,rural,178,19.47,False,2024,5,2024-05-01,11078.36,11078.36,233.6,67.6,0.0,False,0.834,0.249,62.24,True,False,False
KL_0226,Pathanamthitta,Mallappally,Nallakavu,9.206873,76.916942,rural,178,19.47,False,2024,6,2024-06-01,21488.13,21488.13,214.5,126.37,0.0,False,0.831,0.4829,120.72,False,True,False
KL_0226,Pathanamthitta,Mallappally,Nallakavu,9.206873,76.916942,rural,178,19.47,False,2024,7,2024-07-01,15455.61,15455.61,234.3,85.92,0.0,False,0.83,0.3473,86.83,False,True,False
KL_0226,Pathanamthitta,Mallappally,Nallakavu,9.206873,76.916942,rural,178,19.47,False,2024,8,2024-08-01,9336.24,9336.24,233.1,51.47,0.0,False,0.885,0.2098,52.45,False,True,False
KL_0226,Pathanamthitta,Mallappally,Nallakavu,9.206873,76.916942,rural,178,19.47,False,2024,9,2024-09-01,12692.65,12692.65,234.6,68.81,0.0,False,0.898,0.2852,71.31,False,True,False
KL_0226,Pathanamthitta,Mallappally,Nallakavu,9.206873,76.916942,rural,178,19.47,False,2024,10,2024-10-01,18187.61,18187.61,236.3,102.77,0.0,False,0.875,0.4087,102.18,False,False,False
KL_0226,Pathanamthitta,Mallappally,Nallakavu,9.206873,76.916942,rural,178,19.47,False,2024,11,2024-11-01,9644.35,9644.35,243.8,54.94,0.0,False,0.815,0.2167,54.18,False,False,False
KL_0226,Pathanamthitta,Mallappally,Nallakavu,9.206873,76.916942,rural,178,19.47,False,2024,12,2024-12-01,14001.16,14001.16,233.9,76.37,0.0,False,0.918,0.3146,78.66,False,False,True
KL_0227,Ernakulam,Perumbavoor,Vellinagar,9.938683,76.592464,rural,105,20.64,False,2023,1,2023-01-01,11760.84,11760.84,232.1,67.67,0.0,False,0.863,0.448,112.01,False,False,True
KL_0227,Ernakulam,Perumbavoor,Vellinagar,9.938683,76.592464,rural,105,20.64,False,2023,2,2023-02-01,4592.6,4592.6,233.8,27.96,0.0,False,0.903,0.175,43.74,False,False,True
KL_0227,Ernakulam,Perumbavoor,Vellinagar,9.938683,76.592464,rural,105,20.64,False,2023,3,2023-03-01,6863.98,6863.98,214.9,43.72,0.0,False,0.785,0.2615,65.37,True,False,False
KL_0227,Ernakulam,Perumbavoor,Vellinagar,9.938683,76.592464,rural,105,20.64,False,2023,4,2023-04-01,15817.53,15817.53,248.8,86.85,0.0,False,0.908,0.6026,150.64,True,False,False
KL_0227,Ernakulam,Perumbavoor,Vellinagar,9.938683,76.592464,rural,105,20.64,False,2023,5,2023-05-01,9244.35,9244.35,222.6,59.62,0.0,False,0.831,0.3522,88.04,True,False,False
KL_0227,Ernakulam,Perumbavoor,Vellinagar,9.938683,76.592464,rural,105,20.64,False,2023,6,2023-06-01,8666.21,8666.21,224.5,58.03,0.0,False,0.828,0.3301,82.54,False,True,False
KL_0227,Ernakulam,Perumbavoor,Vellinagar,9.938683,76.592464,rural,105,20.64,False,2023,7,2023-07-01,10747.04,10747.04,236.6,59.81,0.0,False,0.87,0.4094,102.35,False,True,False
KL_0227,Ernakulam,Perumbavoor,Vellinagar,9.938683,76.592464,rural,105,20.64,False,2023,8,2023-08-01,9272.34,9272.34,227.0,51.6,0.0,False,0.747,0.3532,88.31,False,True,False
KL_0227,Ernakulam,Perumbavoor,Vellinagar,9.938683,76.592464,rural,105,20.64,False,2023,9,2023-09-01,5855.18,5855.18,230.2,31.84,0.0,False,0.867,0.2231,55.76,False,True,False
KL_0227,Ernakulam,Perumbavoor,Vellinagar,9.938683,76.592464,rural,105,20.64,False,2023,10,2023-10-01,13997.36,13997.36,239.6,77.55,0.0,False,0.836,0.5332,133.31,False,False,False
KL_0227,Ernakulam,Perumbavoor,Vellinagar,9.938683,76.592464,rural,105,20.64,False,2023,11,2023-11-01,7704.71,7704.71,235.0,44.42,0.0,False,0.921,0.2935,73.38,False,False,False
KL_0227,Ernakulam,Perumbavoor,Vellinagar,9.938683,76.592464,rural,105,20.64,False,2023,12,2023-12-01,11316.54,11316.54,221.0,68.97,0.0,False,0.864,0.4311,107.78,False,False,True
KL_0227,Ernakulam,Perumbavoor,Vellinagar,9.938683,76.592464,rural,105,20.64,False,2024,1,2024-01-01,6509.49,6509.49,218.7,38.39,0.0,False,0.8,0.248,62.0,False,False,True
KL_0227,Ernakulam,Perumbavoor,Vellinagar,9.938683,76.592464,rural,105,20.64,False,2024,2,2024-02-01,7694.41,7694.41,239.0,44.64,0.0,False,0.81,0.2931,73.28,False,False,True
KL_0227,Ernakulam,Perumbavoor,Vellinagar,9.938683,76.592464,rural,105,20.64,False,2024,3,2024-03-01,3651.37,3651.37,237.7,21.49,0.0,False,0.727,0.1391,34.77,True,False,False
KL_0227,Ernakulam,Perumbavoor,Vellinagar,9.938683,76.592464,rural,105,20.64,False,2024,4,2024-04-01,7237.1,7237.1,234.6,39.9,0.0,False,0.971,0.2757,68.92,True,False,False
KL_0227,Ernakulam,Perumbavoor,Vellinagar,9.938683,76.592464,rural,105,20.64,False,2024,5,2024-05-01,14077.06,14077.06,221.2,85.28,0.0,False,0.725,0.5363,134.07,True,False,False
KL_0227,Ernakulam,Perumbavoor,Vellinagar,9.938683,76.592464,rural,105,20.64,False,2024,6,2024-06-01,6925.82,6925.82,232.7,40.39,0.0,False,0.823,0.2638,65.96,False,True,False
KL_0227,Ernakulam,Perumbavoor,Vellinagar,9.938683,76.592464,rural,105,20.64,False,2024,7,2024-07-01,10023.78,10023.78,223.0,57.76,0.0,False,0.887,0.3819,95.46,False,True,False
KL_0227,Ernakulam,Perumbavoor,Vellinagar,9.938683,76.592464,rural,105,20.64,False,2024,8,2024-08-01,5283.67,5283.67,239.6,31.68,0.0,False,0.923,0.2013,50.32,False,True,False
KL_0227,Ernakulam,Perumbavoor,Vellinagar,9.938683,76.592464,rural,105,20.64,False,2024,9,2024-09-01,6926.04,6926.04,214.6,47.33,0.0,False,0.94,0.2638,65.96,False,True,False
KL_0227,Ernakulam,Perumbavoor,Vellinagar,9.938683,76.592464,rural,105,20.64,False,2024,10,2024-10-01,10126.41,10126.41,237.4,55.63,0.0,False,0.845,0.3858,96.44,False,False,False
KL_0227,Ernakulam,Perumbavoor,Vellinagar,9.938683,76.592464,rural,105,20.64,False,2024,11,2024-11-01,7675.9,7675.9,220.1,52.41,0.0,False,0.875,0.2924,73.1,False,False,False
KL_0227,Ernakulam,Perumbavoor,Vellinagar,9.938683,76.592464,rural,105,20.64,False,2024,12,2024-12-01,5099.82,5099.82,229.7,29.15,0.0,False,0.835,0.1943,48.57,False,False,True
KL_0228,Palakkad,Ottappalam,Kallapara,10.934998,76.296229,rural,29,21.62,False,2023,1,2023-01-01,1447.07,1447.07,227.7,8.57,0.0,False,0.772,0.1996,49.9,False,False,True
KL_0228,Palakkad,Ottappalam,Kallapara,10.934998,76.296229,rural,29,21.62,False,2023,2,2023-02-01,2666.54,2666.54,235.4,17.28,0.0,False,0.798,0.3678,91.95,False,False,True
KL_0228,Palakkad,Ottappalam,Kallapara,10.934998,76.296229,rural,29,21.62,False,2023,3,2023-03-01,1861.49,1861.49,212.3,13.39,0.0,False,0.764,0.2568,64.19,True,False,False
KL_0228,Palakkad,Ottappalam,Kallapara,10.934998,76.296229,rural,29,21.62,False,2023,4,2023-04-01,1960.77,1960.77,221.4,11.36,0.0,False,0.866,0.2705,67.61,True,False,False
KL_0228,Palakkad,Ottappalam,Kallapara,10.934998,76.296229,rural,29,21.62,False,2023,5,2023-05-01,2742.3,2742.3,240.0,16.59,0.0,False,0.833,0.3782,94.56,True,False,False
KL_0228,Palakkad,Ottappalam,Kallapara,10.934998,76.296229,rural,29,21.62,False,2023,6,2023-06-01,2075.81,2075.81,202.1,13.59,0.0,False,0.841,0.2863,71.58,False,True,False
KL_0228,Palakkad,Ottappalam,Kallapara,10.934998,76.296229,rural,29,21.62,False,2023,7,2023-07-01,3179.78,3179.78,229.0,20.26,0.0,False,0.884,0.4386,109.65,False,True,False
KL_0228,Palakkad,Ottappalam,Kallapara,10.934998,76.296229,rural,29,21.62,False,2023,8,2023-08-01,1396.88,1396.88,211.2,8.86,0.0,False,0.862,0.1927,48.17,False,True,False
KL_0228,Palakkad,Ottappalam,Kallapara,10.934998,76.296229,rural,29,21.62,False,2023,9,2023-09-01,2126.11,2126.11,235.1,11.33,0.0,False,0.883,0.2933,73.31,False,True,False
KL_0228,Palakkad,Ottappalam,Kallapara,10.934998,76.296229,rural,29,21.62,False,2023,10,2023-10-01,1507.98,1507.98,211.6,9.27,0.0,False,0.941,0.208,52.0,False,False,False
KL_0228,Palakkad,Ottappalam,Kallapara,10.934998,76.296229,rural,29,21.62,False,2023,11,2023-11-01,2450.55,2450.55,228.3,13.72,0.0,False,0.81,0.338,84.5,False,False,False
KL_0228,Palakkad,Ottappalam,Kallapara,10.934998,76.296229,rural,29,21.62,False,2023,12,2023-12-01,1293.65,1293.65,238.2,8.28,0.0,False,0.756,0.1784,44.61,False,False,True
KL_0228,Palakkad,Ottappalam,Kallapara,10.934998,76.296229,rural,29,21.62,False,2024,1,2024-01-01,2214.38,2214.38,236.5,14.03,0.0,False,0.821,0.3054,76.36,False,False,True
KL_0228,Palakkad,Ottappalam,Kallapara,10.934998,76.296229,rural,29,21.62,False,2024,2,2024-02-01,2935.49,2935.49,237.0,15.74,0.0,False,0.84,0.4049,101.22,False,False,True
KL_0228,Palakkad,Ottappalam,Kallapara,10.934998,76.296229,rural,29,21.62,False,2024,3,2024-03-01,1920.44,1920.44,220.0,12.87,0.0,False,0.872,0.2649,66.22,True,False,False
KL_0228,Palakkad,Ottappalam,Kallapara,10.934998,76.296229,rural,29,21.62,False,2024,4,2024-04-01,3465.72,3465.72,216.7,22.59,0.0,False,0.886,0.478,119.51,True,False,False
KL_0228,Palakkad,Ottappalam,Kallapara,10.934998,76.296229,rural,29,21.62,False,2024,5,2024-05-01,3968.76,3968.76,223.8,22.28,0.0,False,0.797,0.5474,136.85,True,False,False
KL_0228,Palakkad,Ottappalam,Kallapara,10.934998,76.296229,rural,29,21.62,False,2024,6,2024-06-01,3274.55,3274.55,225.4,21.88,0.0,False,0.789,0.4517,112.92,False,True,False
KL_0228,Palakkad,Ottappalam,Kallapara,10.934998,76.296229,rural,29,21.62,False,2024,7,2024-07-01,2157.58,2157.58,234.5,11.79,0.0,False,0.918,0.2976,74.4,False,True,False
KL_0228,Palakkad,Ottappalam,Kallapara,10.934998,76.296229,rural,29,21.62,False,2024,8,2024-08-01,1777.89,1777.89,236.8,9.54,0.0,False,0.866,0.2452,61.31,False,True,False
KL_0228,Palakkad,Ottappalam,Kallapara,10.934998,76.296229,rural,29,21.62,False,2024,9,2024-09-01,2820.08,2820.08,231.8,17.16,0.0,False,0.868,0.389,97.24,False,True,False
KL_0228,Palakkad,Ottappalam,Kallapara,10.934998,76.296229,rural,29,21.62,False,2024,10,2024-10-01,3423.76,3423.76,217.2,21.11,0.0,False,0.863,0.4722,118.06,False,False,False
KL_0228,Palakkad,Ottappalam,Kallapara,10.934998,76.296229,rural,29,21.62,False,2024,11,2024-11-01,2057.05,2057.05,231.6,12.56,0.0,False,0.857,0.2837,70.93,False,False,False
KL_0228,Palakkad,Ottappalam,Kallapara,10.934998,76.296229,rural,29,21.62,False,2024,12,2024-12-01,693.5,693.5,232.1,4.31,0.0,False,0.839,0.0957,23.91,False,False,True
KL_0229,Thrissur,Thrissur,Thodunagar,10.326234,76.078171,semi-urban,187,7.43,False,2023,1,2023-01-01,18467.34,18467.34,228.7,108.79,0.0,False,0.815,0.395,98.76,False,False,True
KL_0229,Thrissur,Thrissur,Thodunagar,10.326234,76.078171,semi-urban,187,7.43,False,2023,2,2023-02-01,16571.19,16571.19,246.9,85.07,0.0,False,0.823,0.3545,88.62,False,False,True
KL_0229,Thrissur,Thrissur,Thodunagar,10.326234,76.078171,semi-urban,187,7.43,False,2023,3,2023-03-01,30073.85,30073.85,231.1,198.41,0.0,False,0.958,0.6433,160.82,True,False,False
KL_0229,Thrissur,Thrissur,Thodunagar,10.326234,76.078171,semi-urban,187,7.43,False,2023,4,2023-04-01,16194.42,16194.42,233.9,101.08,0.0,False,0.94,0.3464,86.6,True,False,False
KL_0229,Thrissur,Thrissur,Thodunagar,10.326234,76.078171,semi-urban,187,7.43,False,2023,5,2023-05-01,37460.47,37460.47,222.5,211.5,0.0,False,0.896,0.8013,200.32,True,False,False
KL_0229,Thrissur,Thrissur,Thodunagar,10.326234,76.078171,semi-urban,187,7.43,False,2023,6,2023-06-01,32321.26,32321.26,226.6,215.28,0.0,False,0.847,0.6914,172.84,False,True,False
KL_0229,Thrissur,Thrissur,Thodunagar,10.326234,76.078171,semi-urban,187,7.43,False,2023,7,2023-07-01,30399.9,30399.9,219.3,177.45,0.0,False,0.878,0.6503,162.57,False,True,False
KL_0229,Thrissur,Thrissur,Thodunagar,10.326234,76.078171,semi-urban,187,7.43,False,2023,8,2023-08-01,12834.78,12834.78,219.3,86.2,0.0,False,0.779,0.2745,68.64,False,True,False
KL_0229,Thrissur,Thrissur,Thodunagar,10.326234,76.078171,semi-urban,187,7.43,False,2023,9,2023-09-01,22642.25,22642.25,230.2,126.03,0.0,False,0.9,0.4843,121.08,False,True,False
KL_0229,Thrissur,Thrissur,Thodunagar,10.326234,76.078171,semi-urban,187,7.43,False,2023,10,2023-10-01,28901.08,28901.08,222.8,193.9,0.0,False,0.838,0.6182,154.55,False,False,False
KL_0229,Thrissur,Thrissur,Thodunagar,10.326234,76.078171,semi-urban,187,7.43,False,2023,11,2023-11-01,27483.07,27483.07,232.1,166.13,0.0,False,0.851,0.5879,146.97,False,False,False
KL_0229,Thrissur,Thrissur,Thodunagar,10.326234,76.078171,semi-urban,187,7.43,False,2023,12,2023-12-01,18097.08,18097.08,222.1,108.77,0.0,False,0.855,0.3871,96.78,False,False,True
KL_0229,Thrissur,Thrissur,Thodunagar,10.326234,76.078171,semi-urban,187,7.43,False,2024,1,2024-01-01,32274.05,32274.05,236.2,203.52,0.0,False,0.841,0.6904,172.59,False,False,True
KL_0229,Thrissur,Thrissur,Thodunagar,10.326234,76.078171,semi-urban,187,7.43,False,2024,2,2024-02-01,16463.94,16463.94,230.5,100.33,0.0,False,0.89,0.3522,88.04,False,False,True
KL_0229,Thrissur,Thrissur,Thodunagar,10.326234,76.078171,semi-urban,187,7.43,False,2024,3,2024-03-01,20230.73,20230.73,227.8,126.01,0.0,False,0.93,0.4327,108.19,True,False,False
KL_0229,Thrissur,Thrissur,Thodunagar,10.326234,76.078171,semi-urban,187,7.43,False,2024,4,2024-04-01,20575.73,20575.73,215.1,140.61,0.0,False,0.893,0.4401,110.03,True,False,False
KL_0229,Thrissur,Thrissur,Thodunagar,10.326234,76.078171,semi-urban,187,7.43,False,2024,5,2024-05-01,29704.17,29704.17,242.6,186.34,0.0,False,0.853,0.6354,158.85,True,False,False
KL_0229,Thrissur,Thrissur,Thodunagar,10.326234,76.078171,semi-urban,187,7.43,False,2024,6,2024-06-01,25913.34,25913.34,222.5,163.29,0.0,False,0.797,0.5543,138.57,False,True,False
KL_0229,Thrissur,Thrissur,Thodunagar,10.326234,76.078171,semi-urban,187,7.43,False,2024,7,2024-07-01,33880.24,33880.24,255.4,175.78,0.0,False,0.852,0.7247,181.18,False,True,False
KL_0229,Thrissur,Thrissur,Thodunagar,10.326234,76.078171,semi-urban,187,7.43,False,2024,8,2024-08-01,16093.4,16093.4,216.0,93.94,0.0,False,0.846,0.3442,86.06,False,True,False
KL_0229,Thrissur,Thrissur,Thodunagar,10.326234,76.078171,semi-urban,187,7.43,False,2024,9,2024-09-01,18282.85,18282.85,224.5,106.31,0.0,False,0.891,0.3911,97.77,False,True,False
KL_0229,Thrissur,Thrissur,Thodunagar,10.326234,76.078171,semi-urban,187,7.43,False,2024,10,2024-10-01,24391.68,24391.68,226.6,148.6,0.0,False,0.818,0.5217,130.44,False,False,False
KL_0229,Thrissur,Thrissur,Thodunagar,10.326234,76.078171,semi-urban,187,7.43,False,2024,11,2024-11-01,26618.26,26618.26,218.3,168.67,0.0,False,0.806,0.5694,142.34,False,False,False
KL_0229,Thrissur,Thrissur,Thodunagar,10.326234,76.078171,semi-urban,187,7.43,False,2024,12,2024-12-01,21946.46,21946.46,238.5,119.28,0.0,False,0.865,0.4694,117.36,False,False,True
KL_0230,Idukki,Kumily,Kodupuram,9.631367,77.135794,rural,34,19.61,False,2023,1,2023-01-01,2300.79,2300.79,219.7,15.34,0.0,False,0.896,0.2707,67.67,False,False,True
KL_0230,Idukki,Kumily,Kodupuram,9.631367,77.135794,rural,34,19.61,False,2023,2,2023-02-01,2350.1,2350.1,218.1,15.86,0.0,False,0.858,0.2765,69.12,False,False,True
KL_0230,Idukki,Kumily,Kodupuram,9.631367,77.135794,rural,34,19.61,False,2023,3,2023-03-01,2476.04,2476.04,228.1,15.91,0.0,False,0.898,0.2913,72.82,True,False,False
KL_0230,Idukki,Kumily,Kodupuram,9.631367,77.135794,rural,34,19.61,False,2023,4,2023-04-01,4479.78,4479.78,228.2,28.56,0.0,False,0.786,0.527,131.76,True,False,False
KL_0230,Idukki,Kumily,Kodupuram,9.631367,77.135794,rural,34,19.61,False,2023,5,2023-05-01,5351.01,5351.01,208.0,34.54,0.0,False,0.874,0.6295,157.38,True,False,False
KL_0230,Idukki,Kumily,Kodupuram,9.631367,77.135794,rural,34,19.61,False,2023,6,2023-06-01,3656.51,3656.51,227.0,21.92,0.0,False,0.786,0.4302,107.54,False,True,False
KL_0230,Idukki,Kumily,Kodupuram,9.631367,77.135794,rural,34,19.61,False,2023,7,2023-07-01,1744.52,1744.52,233.0,10.29,0.0,False,0.983,0.2052,51.31,False,True,False
KL_0230,Idukki,Kumily,Kodupuram,9.631367,77.135794,rural,34,19.61,False,2023,8,2023-08-01,2678.35,2678.35,227.7,17.35,0.0,False,0.917,0.3151,78.77,False,True,False
KL_0230,Idukki,Kumily,Kodupuram,9.631367,77.135794,rural,34,19.61,False,2023,9,2023-09-01,2768.69,2768.69,218.8,16.2,0.0,False,0.869,0.3257,81.43,False,True,False
KL_0230,Idukki,Kumily,Kodupuram,9.631367,77.135794,rural,34,19.61,False,2023,10,2023-10-01,4064.2,4064.2,218.5,23.63,0.0,False,0.77,0.4781,119.54,False,False,False
KL_0230,Idukki,Kumily,Kodupuram,9.631367,77.135794,rural,34,19.61,False,2023,11,2023-11-01,2739.04,2739.04,234.9,16.37,0.0,False,0.781,0.3222,80.56,False,False,False
KL_0230,Idukki,Kumily,Kodupuram,9.631367,77.135794,rural,34,19.61,False,2023,12,2023-12-01,1369.57,1369.57,223.8,8.48,0.0,False,0.945,0.1611,40.28,False,False,True
KL_0230,Idukki,Kumily,Kodupuram,9.631367,77.135794,rural,34,19.61,False,2024,1,2024-01-01,3425.63,3425.63,231.4,19.03,0.0,False,0.792,0.403,100.75,False,False,True
KL_0230,Idukki,Kumily,Kodupuram,9.631367,77.135794,rural,34,19.61,False,2024,2,2024-02-01,1711.51,1711.51,220.6,10.64,0.0,False,0.875,0.2014,50.34,False,False,True
KL_0230,Idukki,Kumily,Kodupuram,9.631367,77.135794,rural,34,19.61,False,2024,3,2024-03-01,3773.95,3773.95,231.8,22.3,0.0,False,0.941,0.444,111.0,True,False,False
KL_0230,Idukki,Kumily,Kodupuram,9.631367,77.135794,rural,34,19.61,False,2024,4,2024-04-01,2581.67,2581.67,222.6,15.08,0.0,False,0.855,0.3037,75.93,True,False,False
KL_0230,Idukki,Kumily,Kodupuram,9.631367,77.135794,rural,34,19.61,False,2024,5,2024-05-01,4345.4,4345.4,220.1,24.93,0.0,False,0.79,0.5112,127.81,True,False,False
KL_0230,Idukki,Kumily,Kodupuram,9.631367,77.135794,rural,34,19.61,False,2024,6,2024-06-01,2886.67,2886.67,229.1,19.01,0.0,False,0.761,0.3396,84.9,False,True,False
KL_0230,Idukki,Kumily,Kodupuram,9.631367,77.135794,rural,34,19.61,False,2024,7,2024-07-01,2110.92,2110.92,221.1,12.64,0.0,False,0.869,0.2483,62.09,False,True,False
KL_0230,Idukki,Kumily,Kodupuram,9.631367,77.135794,rural,34,19.61,False,2024,8,2024-08-01,1023.17,1023.17,235.9,6.09,0.0,False,0.795,0.1204,30.09,False,True,False
KL_0230,Idukki,Kumily,Kodupuram,9.631367,77.135794,rural,34,19.61,False,2024,9,2024-09-01,1892.97,1892.97,234.7,11.55,0.0,False,0.85,0.2227,55.68,False,True,False
KL_0230,Idukki,Kumily,Kodupuram,9.631367,77.135794,rural,34,19.61,False,2024,10,2024-10-01,2939.75,2939.75,230.0,16.77,0.0,False,0.797,0.3459,86.46,False,False,False
KL_0230,Idukki,Kumily,Kodupuram,9.631367,77.135794,rural,34,19.61,False,2024,11,2024-11-01,2516.21,2516.21,239.4,13.91,0.0,False,0.82,0.296,74.01,False,False,False
KL_0230,Idukki,Kumily,Kodupuram,9.631367,77.135794,rural,34,19.61,False,2024,12,2024-12-01,2940.96,2940.96,225.7,19.46,0.0,False,0.822,0.346,86.5,False,False,True
KL_0231,Idukki,Munnar,Vadakkenagar,9.601396,77.324428,semi-urban,178,2.53,False,2023,1,2023-01-01,18705.86,18705.86,233.0,102.4,0.0,False,0.837,0.4204,105.09,False,False,True
KL_0231,Idukki,Munnar,Vadakkenagar,9.601396,77.324428,semi-urban,178,2.53,False,2023,2,2023-02-01,20636.09,20636.09,237.2,113.12,0.0,False,0.813,0.4637,115.93,False,False,True
KL_0231,Idukki,Munnar,Vadakkenagar,9.601396,77.324428,semi-urban,178,2.53,False,2023,3,2023-03-01,23683.39,23683.39,223.9,159.8,0.0,False,0.864,0.5322,133.05,True,False,False
KL_0231,Idukki,Munnar,Vadakkenagar,9.601396,77.324428,semi-urban,178,2.53,False,2023,4,2023-04-01,19001.88,19001.88,220.2,116.89,0.0,False,0.9,0.427,106.75,True,False,False
KL_0231,Idukki,Munnar,Vadakkenagar,9.601396,77.324428,semi-urban,178,2.53,False,2023,5,2023-05-01,44604.1,44604.1,233.3,262.9,0.0,False,0.832,1.0023,250.58,True,False,False
KL_0231,Idukki,Munnar,Vadakkenagar,9.601396,77.324428,semi-urban,178,2.53,False,2023,6,2023-06-01,38488.72,38488.72,224.2,237.42,0.0,False,0.863,0.8649,216.23,False,True,False
KL_0231,Idukki,Munnar,Vadakkenagar,9.601396,77.324428,semi-urban,178,2.53,False,2023,7,2023-07-01,25463.04,25463.04,228.2,157.3,0.0,False,0.803,0.5722,143.05,False,True,False
KL_0231,Idukki,Munnar,Vadakkenagar,9.601396,77.324428,semi-urban,178,2.53,False,2023,8,2023-08-01,23748.66,23748.66,224.0,157.56,0.0,False,0.772,0.5337,133.42,False,True,False
KL_0231,Idukki,Munnar,Vadakkenagar,9.601396,77.324428,semi-urban,178,2.53,False,2023,9,2023-09-01,15520.22,15520.22,230.6,89.5,0.0,False,0.87,0.3488,87.19,False,True,False
KL_0231,Idukki,Munnar,Vadakkenagar,9.601396,77.324428,semi-urban,178,2.53,False,2023,10,2023-10-01,35174.52,35174.52,214.9,212.27,0.0,False,0.894,0.7904,197.61,False,False,False
KL_0231,Idukki,Munnar,Vadakkenagar,9.601396,77.324428,semi-urban,178,2.53,False,2023,11,2023-11-01,25158.83,25158.83,238.3,154.23,0.0,False,0.754,0.5654,141.34,False,False,False
KL_0231,Idukki,Munnar,Vadakkenagar,9.601396,77.324428,semi-urban,178,2.53,False,2023,12,2023-12-01,23416.59,23416.59,224.6,144.54,0.0,False,0.845,0.5262,131.55,False,False,True
KL_0231,Idukki,Munnar,Vadakkenagar,9.601396,77.324428,semi-urban,178,2.53,False,2024,1,2024-01-01,25874.15,25874.15,226.5,169.84,0.0,False,0.872,0.5814,145.36,False,False,True
KL_0231,Idukki,Munnar,Vadakkenagar,9.601396,77.324428,semi-urban,178,2.53,False,2024,2,2024-02-01,12474.58,12474.58,233.6,77.33,0.0,False,0.864,0.2803,70.08,False,False,True
KL_0231,Idukki,Munnar,Vadakkenagar,9.601396,77.324428,semi-urban,178,2.53,False,2024,3,2024-03-01,29789.63,29789.63,243.0,159.08,0.0,False,0.82,0.6694,167.36,True,False,False
KL_0231,Idukki,Munnar,Vadakkenagar,9.601396,77.324428,semi-urban,178,2.53,False,2024,4,2024-04-01,24002.38,24002.38,224.0,134.83,0.0,False,0.852,0.5394,134.84,True,False,False
KL_0231,Idukki,Munnar,Vadakkenagar,9.601396,77.324428,semi-urban,178,2.53,False,2024,5,2024-05-01,29817.14,29817.14,225.1,168.56,0.0,False,0.896,0.67,167.51,True,False,False
KL_0231,Idukki,Munnar,Vadakkenagar,9.601396,77.324428,semi-urban,178,2.53,False,2024,6,2024-06-01,37163.78,37163.78,218.5,219.61,0.0,False,0.807,0.8351,208.79,False,True,False
KL_0231,Idukki,Munnar,Vadakkenagar,9.601396,77.324428,semi-urban,178,2.53,False,2024,7,2024-07-01,24295.16,24295.16,230.9,151.89,0.0,False,0.928,0.546,136.49,False,True,False
KL_0231,Idukki,Munnar,Vadakkenagar,9.601396,77.324428,semi-urban,178,2.53,False,2024,8,2024-08-01,25594.17,25594.17,225.9,149.16,0.0,False,0.781,0.5751,143.79,False,True,False
KL_0231,Idukki,Munnar,Vadakkenagar,9.601396,77.324428,semi-urban,178,2.53,False,2024,9,2024-09-01,24950.73,24950.73,215.3,145.08,0.0,False,0.895,0.5607,140.17,False,True,False
KL_0231,Idukki,Munnar,Vadakkenagar,9.601396,77.324428,semi-urban,178,2.53,False,2024,10,2024-10-01,28583.83,28583.83,214.5,187.86,0.0,False,0.853,0.6423,160.58,False,False,False
KL_0231,Idukki,Munnar,Vadakkenagar,9.601396,77.324428,semi-urban,178,2.53,False,2024,11,2024-11-01,15803.07,15803.07,237.4,92.97,0.0,False,0.824,0.3551,88.78,False,False,False
KL_0231,Idukki,Munnar,Vadakkenagar,9.601396,77.324428,semi-urban,178,2.53,False,2024,12,2024-12-01,21408.7,21408.7,219.1,136.34,0.0,False,0.758,0.4811,120.27,False,False,True
KL_0232,Ernakulam,Perumbavoor,Melamukku,9.905369,76.660227,rural,85,16.5,False,2023,1,2023-01-01,7917.94,9922.6,235.4,70.98,25.32,True,0.91,0.4669,116.74,False,False,True
KL_0232,Ernakulam,Perumbavoor,Melamukku,9.905369,76.660227,rural,85,16.5,False,2023,2,2023-02-01,4171.77,5388.84,232.6,41.81,29.17,True,0.803,0.2536,63.4,False,False,True
KL_0232,Ernakulam,Perumbavoor,Melamukku,9.905369,76.660227,rural,85,16.5,False,2023,3,2023-03-01,8783.34,8783.34,243.3,46.91,0.0,False,0.849,0.4133,103.33,True,False,False
KL_0232,Ernakulam,Perumbavoor,Melamukku,9.905369,76.660227,rural,85,16.5,False,2023,4,2023-04-01,8533.13,10198.98,216.5,73.66,19.52,True,0.874,0.48,119.99,True,False,False
KL_0232,Ernakulam,Perumbavoor,Melamukku,9.905369,76.660227,rural,85,16.5,False,2023,5,2023-05-01,9675.89,11513.85,219.0,91.79,19.0,True,0.969,0.5418,135.46,True,False,False
KL_0232,Ernakulam,Perumbavoor,Melamukku,9.905369,76.660227,rural,85,16.5,False,2023,6,2023-06-01,12163.25,16372.65,240.7,114.24,34.61,True,0.832,0.7705,192.62,False,True,False
KL_0232,Ernakulam,Perumbavoor,Melamukku,9.905369,76.660227,rural,85,16.5,False,2023,7,2023-07-01,4471.75,5328.45,205.6,43.17,19.16,True,0.853,0.2508,62.69,False,True,False
KL_0232,Ernakulam,Perumbavoor,Melamukku,9.905369,76.660227,rural,85,16.5,False,2023,8,2023-08-01,5895.95,8352.63,229.8,61.01,41.67,True,0.871,0.3931,98.27,False,True,False
KL_0232,Ernakulam,Perumbavoor,Melamukku,9.905369,76.660227,rural,85,16.5,False,2023,9,2023-09-01,7986.95,10033.32,233.0,74.95,25.62,True,0.856,0.4722,118.04,False,True,False
KL_0232,Ernakulam,Perumbavoor,Melamukku,9.905369,76.660227,rural,85,16.5,False,2023,10,2023-10-01,8692.87,8692.87,233.6,53.59,0.0,False,0.812,0.4091,102.27,False,False,False
KL_0232,Ernakulam,Perumbavoor,Melamukku,9.905369,76.660227,rural,85,16.5,False,2023,11,2023-11-01,5995.68,7442.21,221.8,57.59,24.13,True,0.924,0.3502,87.56,False,False,False
KL_0232,Ernakulam,Perumbavoor,Melamukku,9.905369,76.660227,rural,85,16.5,False,2023,12,2023-12-01,7293.73,9561.71,216.5,76.53,31.09,True,0.827,0.45,112.49,False,False,True
KL_0232,Ernakulam,Perumbavoor,Melamukku,9.905369,76.660227,rural,85,16.5,False,2024,1,2024-01-01,6028.08,7180.01,216.0,55.07,19.11,True,0.873,0.3379,84.47,False,False,True
KL_0232,Ernakulam,Perumbavoor,Melamukku,9.905369,76.660227,rural,85,16.5,False,2024,2,2024-02-01,7220.58,9977.4,218.6,73.06,38.18,True,0.839,0.4695,117.38,False,False,True
KL_0232,Ernakulam,Perumbavoor,Melamukku,9.905369,76.660227,rural,85,16.5,False,2024,3,2024-03-01,6870.08,8756.88,222.7,66.87,27.46,True,0.82,0.4121,103.02,True,False,False
KL_0232,Ernakulam,Perumbavoor,Melamukku,9.905369,76.660227,rural,85,16.5,False,2024,4,2024-04-01,7756.5,7756.5,212.9,46.06,0.0,False,0.902,0.365,91.25,True,False,False
KL_0232,Ernakulam,Perumbavoor,Melamukku,9.905369,76.660227,rural,85,16.5,False,2024,5,2024-05-01,8432.47,8432.47,230.1,51.54,0.0,False,0.863,0.3968,99.21,True,False,False
KL_0232,Ernakulam,Perumbavoor,Melamukku,9.905369,76.660227,rural,85,16.5,False,2024,6,2024-06-01,8072.81,8072.81,241.3,45.67,0.0,False,0.741,0.3799,94.97,False,True,False
KL_0232,Ernakulam,Perumbavoor,Melamukku,9.905369,76.660227,rural,85,16.5,False,2024,7,2024-07-01,4067.69,4067.69,223.9,24.04,0.0,False,0.865,0.1914,47.86,False,True,False
KL_0232,Ernakulam,Perumbavoor,Melamukku,9.905369,76.660227,rural,85,16.5,False,2024,8,2024-08-01,5166.98,6222.19,206.7,50.84,20.42,True,0.819,0.2928,73.2,False,True,False
KL_0232,Ernakulam,Perumbavoor,Melamukku,9.905369,76.660227,rural,85,16.5,False,2024,9,2024-09-01,4939.81,7113.77,224.8,49.5,44.01,True,0.771,0.3348,83.69,False,True,False
KL_0232,Ernakulam,Perumbavoor,Melamukku,9.905369,76.660227,rural,85,16.5,False,2024,10,2024-10-01,7295.84,10191.41,218.0,78.87,39.69,True,0.898,0.4796,119.9,False,False,False
KL_0232,Ernakulam,Perumbavoor,Melamukku,9.905369,76.660227,rural,85,16.5,False,2024,11,2024-11-01,6565.48,9100.49,214.7,67.63,38.61,True,0.812,0.4283,107.06,False,False,False
KL_0232,Ernakulam,Perumbavoor,Melamukku,9.905369,76.660227,rural,85,16.5,False,2024,12,2024-12-01,2121.47,2833.99,225.3,19.92,33.59,True,0.863,0.1334,33.34,False,False,True
KL_0233,Pathanamthitta,Adoor,Nallamoodu,9.5736,76.716027,rural,83,19.03,False,2023,1,2023-01-01,4685.56,4685.56,228.1,29.64,0.0,False,0.896,0.2258,56.45,False,False,True
KL_0233,Pathanamthitta,Adoor,Nallamoodu,9.5736,76.716027,rural,83,19.03,False,2023,2,2023-02-01,8543.04,8543.04,223.7,55.18,0.0,False,0.838,0.4117,102.93,False,False,True
KL_0233,Pathanamthitta,Adoor,Nallamoodu,9.5736,76.716027,rural,83,19.03,False,2023,3,2023-03-01,10272.71,10272.71,223.7,62.93,0.0,False,0.863,0.4951,123.77,True,False,False
KL_0233,Pathanamthitta,Adoor,Nallamoodu,9.5736,76.716027,rural,83,19.03,False,2023,4,2023-04-01,10382.72,10382.72,227.6,66.43,0.0,False,0.816,0.5004,125.09,True,False,False
KL_0233,Pathanamthitta,Adoor,Nallamoodu,9.5736,76.716027,rural,83,19.03,False,2023,5,2023-05-01,7913.84,7913.84,225.4,44.82,0.0,False,0.905,0.3814,95.35,True,False,False
KL_0233,Pathanamthitta,Adoor,Nallamoodu,9.5736,76.716027,rural,83,19.03,False,2023,6,2023-06-01,12791.4,12791.4,219.7,88.21,0.0,False,0.841,0.6165,154.11,False,True,False
KL_0233,Pathanamthitta,Adoor,Nallamoodu,9.5736,76.716027,rural,83,19.03,False,2023,7,2023-07-01,8379.43,8379.43,228.7,55.15,0.0,False,0.877,0.4038,100.96,False,True,False
KL_0233,Pathanamthitta,Adoor,Nallamoodu,9.5736,76.716027,rural,83,19.03,False,2023,8,2023-08-01,4851.02,4851.02,220.0,29.16,0.0,False,0.925,0.2338,58.45,False,True,False
KL_0233,Pathanamthitta,Adoor,Nallamoodu,9.5736,76.716027,rural,83,19.03,False,2023,9,2023-09-01,5863.13,5863.13,223.9,38.85,0.0,False,0.757,0.2826,70.64,False,True,False
KL_0233,Pathanamthitta,Adoor,Nallamoodu,9.5736,76.716027,rural,83,19.03,False,2023,10,2023-10-01,5993.57,5993.57,249.1,30.14,0.0,False,0.816,0.2888,72.21,False,False,False
KL_0233,Pathanamthitta,Adoor,Nallamoodu,9.5736,76.716027,rural,83,19.03,False,2023,11,2023-11-01,6045.23,6045.23,234.0,34.73,0.0,False,0.841,0.2913,72.83,False,False,False
KL_0233,Pathanamthitta,Adoor,Nallamoodu,9.5736,76.716027,rural,83,19.03,False,2023,12,2023-12-01,6919.88,6919.88,234.0,40.01,0.0,False,0.856,0.3335,83.37,False,False,True
KL_0233,Pathanamthitta,Adoor,Nallamoodu,9.5736,76.716027,rural,83,19.03,False,2024,1,2024-01-01,2903.24,2903.24,219.3,16.85,0.0,False,0.881,0.1399,34.98,False,False,True
KL_0233,Pathanamthitta,Adoor,Nallamoodu,9.5736,76.716027,rural,83,19.03,False,2024,2,2024-02-01,8499.4,8499.4,234.7,50.02,0.0,False,0.911,0.4096,102.4,False,False,True
KL_0233,Pathanamthitta,Adoor,Nallamoodu,9.5736,76.716027,rural,83,19.03,False,2024,3,2024-03-01,8511.14,8511.14,220.6,50.28,0.0,False,0.813,0.4102,102.54,True,False,False
KL_0233,Pathanamthitta,Adoor,Nallamoodu,9.5736,76.716027,rural,83,19.03,False,2024,4,2024-04-01,8534.79,8534.79,210.3,60.59,0.0,False,0.84,0.4113,102.83,True,False,False
KL_0233,Pathanamthitta,Adoor,Nallamoodu,9.5736,76.716027,rural,83,19.03,False,2024,5,2024-05-01,8168.93,8168.93,226.4,48.27,0.0,False,0.906,0.3937,98.42,True,False,False
KL_0233,Pathanamthitta,Adoor,Nallamoodu,9.5736,76.716027,rural,83,19.03,False,2024,6,2024-06-01,10543.14,10543.14,228.0,59.79,0.0,False,0.867,0.5081,127.03,False,True,False
KL_0233,Pathanamthitta,Adoor,Nallamoodu,9.5736,76.716027,rural,83,19.03,False,2024,7,2024-07-01,9539.38,9539.38,230.7,54.64,0.0,False,0.765,0.4597,114.93,False,True,False
KL_0233,Pathanamthitta,Adoor,Nallamoodu,9.5736,76.716027,rural,83,19.03,False,2024,8,2024-08-01,9118.2,9118.2,255.1,52.09,0.0,False,0.761,0.4394,109.86,False,True,False
KL_0233,Pathanamthitta,Adoor,Nallamoodu,9.5736,76.716027,rural,83,19.03,False,2024,9,2024-09-01,5120.06,5120.06,221.1,33.43,0.0,False,0.826,0.2467,61.69,False,True,False
KL_0233,Pathanamthitta,Adoor,Nallamoodu,9.5736,76.716027,rural,83,19.03,False,2024,10,2024-10-01,12046.98,12046.98,224.1,67.3,0.0,False,0.878,0.5806,145.14,False,False,False
KL_0233,Pathanamthitta,Adoor,Nallamoodu,9.5736,76.716027,rural,83,19.03,False,2024,11,2024-11-01,8761.12,8761.12,227.8,56.7,0.0,False,0.877,0.4222,105.56,False,False,False
KL_0233,Pathanamthitta,Adoor,Nallamoodu,9.5736,76.716027,rural,83,19.03,False,2024,12,2024-12-01,5327.06,5327.06,237.0,33.06,0.0,False,0.805,0.2567,64.18,False,False,True
KL_0234,Kannur,Thalassery,Kottakavu,12.047724,75.728385,rural,199,20.24,False,2023,1,2023-01-01,15470.37,15470.37,213.9,91.89,0.0,False,0.883,0.311,77.74,False,False,True
KL_0234,Kannur,Thalassery,Kottakavu,12.047724,75.728385,rural,199,20.24,False,2023,2,2023-02-01,17245.17,17245.17,222.1,100.4,0.0,False,0.863,0.3466,86.66,False,False,True
KL_0234,Kannur,Thalassery,Kottakavu,12.047724,75.728385,rural,199,20.24,False,2023,3,2023-03-01,15953.84,15953.84,225.4,100.6,0.0,False,0.796,0.3207,80.17,True,False,False
KL_0234,Kannur,Thalassery,Kottakavu,12.047724,75.728385,rural,199,20.24,False,2023,4,2023-04-01,10381.58,10381.58,224.6,68.86,0.0,False,0.82,0.2087,52.17,True,False,False
KL_0234,Kannur,Thalassery,Kottakavu,12.047724,75.728385,rural,199,20.24,False,2023,5,2023-05-01,41364.23,41364.23,230.1,239.07,0.0,False,0.753,0.8314,207.86,True,False,False
KL_0234,Kannur,Thalassery,Kottakavu,12.047724,75.728385,rural,199,20.24,False,2023,6,2023-06-01,15617.05,15617.05,233.1,91.42,0.0,False,0.79,0.3139,78.48,False,True,False
KL_0234,Kannur,Thalassery,Kottakavu,12.047724,75.728385,rural,199,20.24,False,2023,7,2023-07-01,12427.9,12427.9,224.8,73.11,0.0,False,0.756,0.2498,62.45,False,True,False
KL_0234,Kannur,Thalassery,Kottakavu,12.047724,75.728385,rural,199,20.24,False,2023,8,2023-08-01,7982.73,7982.73,239.7,44.93,0.0,False,0.773,0.1605,40.11,False,True,False
KL_0234,Kannur,Thalassery,Kottakavu,12.047724,75.728385,rural,199,20.24,False,2023,9,2023-09-01,17534.97,17534.97,237.4,99.02,0.0,False,0.934,0.3525,88.12,False,True,False
KL_0234,Kannur,Thalassery,Kottakavu,12.047724,75.728385,rural,199,20.24,False,2023,10,2023-10-01,19091.36,19091.36,231.3,111.79,0.0,False,0.83,0.3837,95.94,False,False,False
KL_0234,Kannur,Thalassery,Kottakavu,12.047724,75.728385,rural,199,20.24,False,2023,11,2023-11-01,16584.99,16584.99,243.8,98.79,0.0,False,0.761,0.3334,83.34,False,False,False
KL_0234,Kannur,Thalassery,Kottakavu,12.047724,75.728385,rural,199,20.24,False,2023,12,2023-12-01,16073.54,16073.54,240.4,88.78,0.0,False,0.871,0.3231,80.77,False,False,True
KL_0234,Kannur,Thalassery,Kottakavu,12.047724,75.728385,rural,199,20.24,False,2024,1,2024-01-01,9549.25,9549.25,211.7,59.98,0.0,False,0.864,0.1919,47.99,False,False,True
KL_0234,Kannur,Thalassery,Kottakavu,12.047724,75.728385,rural,199,20.24,False,2024,2,2024-02-01,14341.76,14341.76,232.1,91.29,0.0,False,0.86,0.2883,72.07,False,False,True
KL_0234,Kannur,Thalassery,Kottakavu,12.047724,75.728385,rural,199,20.24,False,2024,3,2024-03-01,16684.99,16684.99,225.7,112.7,0.0,False,0.806,0.3354,83.84,True,False,False
KL_0234,Kannur,Thalassery,Kottakavu,12.047724,75.728385,rural,199,20.24,False,2024,4,2024-04-01,15194.38,15194.38,226.0,86.96,0.0,False,0.881,0.3054,76.35,True,False,False
KL_0234,Kannur,Thalassery,Kottakavu,12.047724,75.728385,rural,199,20.24,False,2024,5,2024-05-01,23101.94,23101.94,236.1,137.1,0.0,False,0.795,0.4644,116.09,True,False,False
KL_0234,Kannur,Thalassery,Kottakavu,12.047724,75.728385,rural,199,20.24,False,2024,6,2024-06-01,21765.76,21765.76,233.8,140.77,0.0,False,0.89,0.4375,109.38,False,True,False
KL_0234,Kannur,Thalassery,Kottakavu,12.047724,75.728385,rural,199,20.24,False,2024,7,2024-07-01,24672.35,24672.35,231.8,148.0,0.0,False,0.894,0.4959,123.98,False,True,False
KL_0234,Kannur,Thalassery,Kottakavu,12.047724,75.728385,rural,199,20.24,False,2024,8,2024-08-01,12067.72,12067.72,222.2,69.82,0.0,False,0.847,0.2426,60.64,False,True,False
KL_0234,Kannur,Thalassery,Kottakavu,12.047724,75.728385,rural,199,20.24,False,2024,9,2024-09-01,13280.17,13280.17,227.7,88.27,0.0,False,0.777,0.2669,66.73,False,True,False
KL_0234,Kannur,Thalassery,Kottakavu,12.047724,75.728385,rural,199,20.24,False,2024,10,2024-10-01,24069.45,24069.45,213.0,144.29,0.0,False,0.89,0.4838,120.95,False,False,False
KL_0234,Kannur,Thalassery,Kottakavu,12.047724,75.728385,rural,199,20.24,False,2024,11,2024-11-01,9938.43,9938.43,218.8,64.86,0.0,False,0.821,0.1998,49.94,False,False,False
KL_0234,Kannur,Thalassery,Kottakavu,12.047724,75.728385,rural,199,20.24,False,2024,12,2024-12-01,19117.48,19117.48,225.5,111.62,0.0,False,0.864,0.3843,96.07,False,False,True
KL_0235,Palakkad,Ottappalam,Mananagar,11.02862,76.315607,semi-urban,111,8.63,False,2023,1,2023-01-01,11498.24,11498.24,226.6,74.6,0.0,False,0.885,0.4144,103.59,False,False,True
KL_0235,Palakkad,Ottappalam,Mananagar,11.02862,76.315607,semi-urban,111,8.63,False,2023,2,2023-02-01,13259.64,13259.64,229.9,83.26,0.0,False,0.81,0.4778,119.46,False,False,True
KL_0235,Palakkad,Ottappalam,Mananagar,11.02862,76.315607,semi-urban,111,8.63,False,2023,3,2023-03-01,23045.2,23045.2,225.6,147.35,0.0,False,0.957,0.8305,207.61,True,False,False
KL_0235,Palakkad,Ottappalam,Mananagar,11.02862,76.315607,semi-urban,111,8.63,False,2023,4,2023-04-01,19986.04,19986.04,227.4,112.42,0.0,False,0.848,0.7202,180.05,True,False,False
KL_0235,Palakkad,Ottappalam,Mananagar,11.02862,76.315607,semi-urban,111,8.63,False,2023,5,2023-05-01,20211.05,20211.05,218.0,131.31,0.0,False,0.816,0.7283,182.08,True,False,False
KL_0235,Palakkad,Ottappalam,Mananagar,11.02862,76.315607,semi-urban,111,8.63,False,2023,6,2023-06-01,6120.93,6120.93,232.3,36.97,0.0,False,0.9,0.2206,55.14,False,True,False
KL_0235,Palakkad,Ottappalam,Mananagar,11.02862,76.315607,semi-urban,111,8.63,False,2023,7,2023-07-01,12622.25,12622.25,224.0,76.56,0.0,False,0.927,0.4549,113.71,False,True,False
KL_0235,Palakkad,Ottappalam,Mananagar,11.02862,76.315607,semi-urban,111,8.63,False,2023,8,2023-08-01,14978.66,14978.66,224.0,88.27,0.0,False,0.747,0.5398,134.94,False,True,False
KL_0235,Palakkad,Ottappalam,Mananagar,11.02862,76.315607,semi-urban,111,8.63,False,2023,9,2023-09-01,20752.39,20752.39,222.0,124.36,0.0,False,0.781,0.7478,186.96,False,True,False
KL_0235,Palakkad,Ottappalam,Mananagar,11.02862,76.315607,semi-urban,111,8.63,False,2023,10,2023-10-01,16233.52,16233.52,221.0,92.47,0.0,False,0.811,0.585,146.25,False,False,False
KL_0235,Palakkad,Ottappalam,Mananagar,11.02862,76.315607,semi-urban,111,8.63,False,2023,11,2023-11-01,16589.8,16589.8,225.1,102.23,0.0,False,0.956,0.5978,149.46,False,False,False
KL_0235,Palakkad,Ottappalam,Mananagar,11.02862,76.315607,semi-urban,111,8.63,False,2023,12,2023-12-01,14785.35,14785.35,225.9,82.79,0.0,False,0.826,0.5328,133.2,False,False,True
KL_0235,Palakkad,Ottappalam,Mananagar,11.02862,76.315607,semi-urban,111,8.63,False,2024,1,2024-01-01,14393.06,14393.06,221.7,81.47,0.0,False,0.926,0.5187,129.67,False,False,True
KL_0235,Palakkad,Ottappalam,Mananagar,11.02862,76.315607,semi-urban,111,8.63,False,2024,2,2024-02-01,13519.54,13519.54,231.4,76.96,0.0,False,0.861,0.4872,121.8,False,False,True
KL_0235,Palakkad,Ottappalam,Mananagar,11.02862,76.315607,semi-urban,111,8.63,False,2024,3,2024-03-01,24203.32,24203.32,230.6,133.83,0.0,False,0.777,0.8722,218.05,True,False,False
KL_0235,Palakkad,Ottappalam,Mananagar,11.02862,76.315607,semi-urban,111,8.63,False,2024,4,2024-04-01,16436.88,16436.88,221.0,93.72,0.0,False,0.894,0.5923,148.08,True,False,False
KL_0235,Palakkad,Ottappalam,Mananagar,11.02862,76.315607,semi-urban,111,8.63,False,2024,5,2024-05-01,19636.31,19636.31,228.9,118.43,0.0,False,0.866,0.7076,176.9,True,False,False
KL_0235,Palakkad,Ottappalam,Mananagar,11.02862,76.315607,semi-urban,111,8.63,False,2024,6,2024-06-01,21535.25,21535.25,229.1,122.01,0.0,False,0.807,0.776,194.01,False,True,False
KL_0235,Palakkad,Ottappalam,Mananagar,11.02862,76.315607,semi-urban,111,8.63,False,2024,7,2024-07-01,13144.15,13144.15,219.0,75.49,0.0,False,0.817,0.4737,118.42,False,True,False
KL_0235,Palakkad,Ottappalam,Mananagar,11.02862,76.315607,semi-urban,111,8.63,False,2024,8,2024-08-01,23332.65,23332.65,207.5,148.52,0.0,False,0.798,0.8408,210.2,False,True,False
KL_0235,Palakkad,Ottappalam,Mananagar,11.02862,76.315607,semi-urban,111,8.63,False,2024,9,2024-09-01,17302.13,17302.13,212.6,120.77,0.0,False,0.819,0.6235,155.88,False,True,False
KL_0235,Palakkad,Ottappalam,Mananagar,11.02862,76.315607,semi-urban,111,8.63,False,2024,10,2024-10-01,13972.98,13972.98,229.2,89.58,0.0,False,0.883,0.5035,125.88,False,False,False
KL_0235,Palakkad,Ottappalam,Mananagar,11.02862,76.315607,semi-urban,111,8.63,False,2024,11,2024-11-01,7775.03,7775.03,233.8,48.1,0.0,False,0.805,0.2802,70.05,False,False,False
KL_0235,Palakkad,Ottappalam,Mananagar,11.02862,76.315607,semi-urban,111,8.63,False,2024,12,2024-12-01,11880.59,11880.59,227.4,72.45,0.0,False,0.854,0.4281,107.03,False,False,True
KL_0236,Wayanad,Vythiri,Manjakunnu,11.726496,76.180895,urban,65,1.42,False,2023,1,2023-01-01,12693.16,12693.16,218.5,76.32,0.0,False,0.866,0.7811,195.28,False,False,True
KL_0236,Wayanad,Vythiri,Manjakunnu,11.726496,76.180895,urban,65,1.42,False,2023,2,2023-02-01,12903.9,12903.9,233.3,72.34,0.0,False,0.847,0.7941,198.52,False,False,True
KL_0236,Wayanad,Vythiri,Manjakunnu,11.726496,76.180895,urban,65,1.42,False,2023,3,2023-03-01,8565.89,8565.89,220.8,54.31,0.0,False,0.769,0.5271,131.78,True,False,False
KL_0236,Wayanad,Vythiri,Manjakunnu,11.726496,76.180895,urban,65,1.42,False,2023,4,2023-04-01,19507.8,19507.8,228.2,115.48,0.0,False,0.887,1.2005,300.12,True,False,False
KL_0236,Wayanad,Vythiri,Manjakunnu,11.726496,76.180895,urban,65,1.42,False,2023,5,2023-05-01,10622.08,10622.08,222.7,67.75,0.0,False,0.792,0.6537,163.42,True,False,False
KL_0236,Wayanad,Vythiri,Manjakunnu,11.726496,76.180895,urban,65,1.42,False,2023,6,2023-06-01,8302.68,8302.68,216.6,54.67,0.0,False,0.821,0.5109,127.73,False,True,False
KL_0236,Wayanad,Vythiri,Manjakunnu,11.726496,76.180895,urban,65,1.42,False,2023,7,2023-07-01,11386.74,11386.74,217.2,72.81,0.0,False,0.827,0.7007,175.18,False,True,False
KL_0236,Wayanad,Vythiri,Manjakunnu,11.726496,76.180895,urban,65,1.42,False,2023,8,2023-08-01,12664.03,12664.03,223.1,74.88,0.0,False,0.848,0.7793,194.83,False,True,False
KL_0236,Wayanad,Vythiri,Manjakunnu,11.726496,76.180895,urban,65,1.42,False,2023,9,2023-09-01,10286.55,10286.55,217.4,62.92,0.0,False,0.855,0.633,158.25,False,True,False
KL_0236,Wayanad,Vythiri,Manjakunnu,11.726496,76.180895,urban,65,1.42,False,2023,10,2023-10-01,7433.73,7433.73,224.8,49.38,0.0,False,0.884,0.4575,114.37,False,False,False
KL_0236,Wayanad,Vythiri,Manjakunnu,11.726496,76.180895,urban,65,1.42,False,2023,11,2023-11-01,14277.15,14277.15,229.6,91.8,0.0,False,0.834,0.8786,219.65,False,False,False
KL_0236,Wayanad,Vythiri,Manjakunnu,11.726496,76.180895,urban,65,1.42,False,2023,12,2023-12-01,10911.38,10911.38,225.2,73.97,0.0,False,0.789,0.6715,167.87,False,False,True
KL_0236,Wayanad,Vythiri,Manjakunnu,11.726496,76.180895,urban,65,1.42,False,2024,1,2024-01-01,13163.17,13163.17,221.5,90.03,0.0,False,0.904,0.81,202.51,False,False,True
KL_0236,Wayanad,Vythiri,Manjakunnu,11.726496,76.180895,urban,65,1.42,False,2024,2,2024-02-01,7823.06,7823.06,242.7,48.12,0.0,False,0.83,0.4814,120.35,False,False,True
KL_0236,Wayanad,Vythiri,Manjakunnu,11.726496,76.180895,urban,65,1.42,False,2024,3,2024-03-01,13669.33,13669.33,235.2,85.81,0.0,False,0.841,0.8412,210.3,True,False,False
KL_0236,Wayanad,Vythiri,Manjakunnu,11.726496,76.180895,urban,65,1.42,False,2024,4,2024-04-01,14352.87,14352.87,224.4,85.56,0.0,False,0.8,0.8833,220.81,True,False,False
KL_0236,Wayanad,Vythiri,Manjakunnu,11.726496,76.180895,urban,65,1.42,False,2024,5,2024-05-01,17940.34,17940.34,232.8,104.34,0.0,False,0.807,1.104,276.01,True,False,False
KL_0236,Wayanad,Vythiri,Manjakunnu,11.726496,76.180895,urban,65,1.42,False,2024,6,2024-06-01,17578.46,17578.46,229.0,98.93,0.0,False,0.922,1.0818,270.44,False,True,False
KL_0236,Wayanad,Vythiri,Manjakunnu,11.726496,76.180895,urban,65,1.42,False,2024,7,2024-07-01,14013.36,14013.36,219.1,89.89,0.0,False,0.781,0.8624,215.59,False,True,False
KL_0236,Wayanad,Vythiri,Manjakunnu,11.726496,76.180895,urban,65,1.42,False,2024,8,2024-08-01,11681.75,11681.75,233.8,68.02,0.0,False,0.789,0.7189,179.72,False,True,False
KL_0236,Wayanad,Vythiri,Manjakunnu,11.726496,76.180895,urban,65,1.42,False,2024,9,2024-09-01,14986.61,14986.61,211.0,96.55,0.0,False,0.827,0.9223,230.56,False,True,False
KL_0236,Wayanad,Vythiri,Manjakunnu,11.726496,76.180895,urban,65,1.42,False,2024,10,2024-10-01,11488.71,11488.71,234.3,73.35,0.0,False,0.866,0.707,176.75,False,False,False
KL_0236,Wayanad,Vythiri,Manjakunnu,11.726496,76.180895,urban,65,1.42,False,2024,11,2024-11-01,13418.99,13418.99,234.6,85.91,0.0,False,0.802,0.8258,206.45,False,False,False
KL_0236,Wayanad,Vythiri,Manjakunnu,11.726496,76.180895,urban,65,1.42,False,2024,12,2024-12-01,11973.23,11973.23,221.1,72.73,0.0,False,0.771,0.7368,184.2,False,False,True
KL_0237,Kollam,Punalur,Padamnagar,8.694126,76.651004,rural,118,22.34,False,2023,1,2023-01-01,9834.14,9834.14,217.3,63.86,0.0,False,0.789,0.3334,83.34,False,False,True
KL_0237,Kollam,Punalur,Padamnagar,8.694126,76.651004,rural,118,22.34,False,2023,2,2023-02-01,11246.43,11246.43,232.9,60.59,0.0,False,0.829,0.3812,95.31,False,False,True
KL_0237,Kollam,Punalur,Padamnagar,8.694126,76.651004,rural,118,22.34,False,2023,3,2023-03-01,9300.71,9300.71,229.8,60.57,0.0,False,0.8,0.3153,78.82,True,False,False
KL_0237,Kollam,Punalur,Padamnagar,8.694126,76.651004,rural,118,22.34,False,2023,4,2023-04-01,12432.06,12432.06,224.1,71.14,0.0,False,0.961,0.4214,105.36,True,False,False
KL_0237,Kollam,Punalur,Padamnagar,8.694126,76.651004,rural,118,22.34,False,2023,5,2023-05-01,11379.7,11379.7,241.1,65.46,0.0,False,0.949,0.3858,96.44,True,False,False
KL_0237,Kollam,Punalur,Padamnagar,8.694126,76.651004,rural,118,22.34,False,2023,6,2023-06-01,10172.12,10172.12,239.0,56.75,0.0,False,0.908,0.3448,86.2,False,True,False
KL_0237,Kollam,Punalur,Padamnagar,8.694126,76.651004,rural,118,22.34,False,2023,7,2023-07-01,15829.78,15829.78,223.3,90.49,0.0,False,0.869,0.5366,134.15,False,True,False
KL_0237,Kollam,Punalur,Padamnagar,8.694126,76.651004,rural,118,22.34,False,2023,8,2023-08-01,3020.46,3020.46,220.5,20.19,0.0,False,0.869,0.1024,25.6,False,True,False
KL_0237,Kollam,Punalur,Padamnagar,8.694126,76.651004,rural,118,22.34,False,2023,9,2023-09-01,3394.65,3394.65,213.1,21.83,0.0,False,0.916,0.1151,28.77,False,True,False
KL_0237,Kollam,Punalur,Padamnagar,8.694126,76.651004,rural,118,22.34,False,2023,10,2023-10-01,9287.79,9287.79,222.3,61.48,0.0,False,0.857,0.3148,78.71,False,False,False
KL_0237,Kollam,Punalur,Padamnagar,8.694126,76.651004,rural,118,22.34,False,2023,11,2023-11-01,10121.95,10121.95,221.2,69.7,0.0,False,0.809,0.3431,85.78,False,False,False
KL_0237,Kollam,Punalur,Padamnagar,8.694126,76.651004,rural,118,22.34,False,2023,12,2023-12-01,8031.68,8031.68,223.9,48.33,0.0,False,0.956,0.2723,68.07,False,False,True
KL_0237,Kollam,Punalur,Padamnagar,8.694126,76.651004,rural,118,22.34,False,2024,1,2024-01-01,9414.02,9414.02,227.1,55.51,0.0,False,0.879,0.3191,79.78,False,False,True
KL_0237,Kollam,Punalur,Padamnagar,8.694126,76.651004,rural,118,22.34,False,2024,2,2024-02-01,9891.93,9891.93,237.8,56.85,0.0,False,0.923,0.3353,83.83,False,False,True
KL_0237,Kollam,Punalur,Padamnagar,8.694126,76.651004,rural,118,22.34,False,2024,3,2024-03-01,12951.18,12951.18,230.4,81.8,0.0,False,0.941,0.439,109.76,True,False,False
KL_0237,Kollam,Punalur,Padamnagar,8.694126,76.651004,rural,118,22.34,False,2024,4,2024-04-01,9087.13,9087.13,237.3,57.51,0.0,False,0.761,0.308,77.01,True,False,False
KL_0237,Kollam,Punalur,Padamnagar,8.694126,76.651004,rural,118,22.34,False,2024,5,2024-05-01,12444.05,12444.05,224.9,78.82,0.0,False,0.807,0.4218,105.46,True,False,False
KL_0237,Kollam,Punalur,Padamnagar,8.694126,76.651004,rural,118,22.34,False,2024,6,2024-06-01,13664.96,13664.96,240.6,82.61,0.0,False,0.84,0.4632,115.8,False,True,False
KL_0237,Kollam,Punalur,Padamnagar,8.694126,76.651004,rural,118,22.34,False,2024,7,2024-07-01,11717.69,11717.69,229.9,72.24,0.0,False,0.875,0.3972,99.3,False,True,False
KL_0237,Kollam,Punalur,Padamnagar,8.694126,76.651004,rural,118,22.34,False,2024,8,2024-08-01,7877.26,7877.26,213.2,46.62,0.0,False,0.896,0.267,66.76,False,True,False
KL_0237,Kollam,Punalur,Padamnagar,8.694126,76.651004,rural,118,22.34,False,2024,9,2024-09-01,11039.67,11039.67,252.0,60.33,0.0,False,0.847,0.3742,93.56,False,True,False
KL_0237,Kollam,Punalur,Padamnagar,8.694126,76.651004,rural,118,22.34,False,2024,10,2024-10-01,10684.52,10684.52,236.1,59.11,0.0,False,0.915,0.3622,90.55,False,False,False
KL_0237,Kollam,Punalur,Padamnagar,8.694126,76.651004,rural,118,22.34,False,2024,11,2024-11-01,14709.61,14709.61,237.4,86.54,0.0,False,0.88,0.4986,124.66,False,False,False
KL_0237,Kollam,Punalur,Padamnagar,8.694126,76.651004,rural,118,22.34,False,2024,12,2024-12-01,8800.21,8800.21,241.2,47.38,0.0,False,0.88,0.2983,74.58,False,False,True
KL_0238,Idukki,Thodupuzha,Pettavayal,9.58102,77.406257,rural,15,11.71,False,2023,1,2023-01-01,831.47,831.47,216.4,4.93,0.0,False,0.836,0.2217,55.43,False,False,True
KL_0238,Idukki,Thodupuzha,Pettavayal,9.58102,77.406257,rural,15,11.71,False,2023,2,2023-02-01,1208.94,1208.94,212.8,8.67,0.0,False,0.866,0.3224,80.6,False,False,True
KL_0238,Idukki,Thodupuzha,Pettavayal,9.58102,77.406257,rural,15,11.71,False,2023,3,2023-03-01,857.25,857.25,236.0,5.2,0.0,False,0.865,0.2286,57.15,True,False,False
KL_0238,Idukki,Thodupuzha,Pettavayal,9.58102,77.406257,rural,15,11.71,False,2023,4,2023-04-01,1803.53,1803.53,229.5,11.61,0.0,False,0.898,0.4809,120.24,True,False,False
KL_0238,Idukki,Thodupuzha,Pettavayal,9.58102,77.406257,rural,15,11.71,False,2023,5,2023-05-01,1137.94,1137.94,231.0,6.44,0.0,False,0.784,0.3035,75.86,True,False,False
KL_0238,Idukki,Thodupuzha,Pettavayal,9.58102,77.406257,rural,15,11.71,False,2023,6,2023-06-01,757.33,757.33,225.2,4.7,0.0,False,0.885,0.202,50.49,False,True,False
KL_0238,Idukki,Thodupuzha,Pettavayal,9.58102,77.406257,rural,15,11.71,False,2023,7,2023-07-01,666.15,666.15,236.0,4.09,0.0,False,0.768,0.1776,44.41,False,True,False
KL_0238,Idukki,Thodupuzha,Pettavayal,9.58102,77.406257,rural,15,11.71,False,2023,8,2023-08-01,1049.45,1049.45,217.1,6.16,0.0,False,0.807,0.2799,69.96,False,True,False
KL_0238,Idukki,Thodupuzha,Pettavayal,9.58102,77.406257,rural,15,11.71,False,2023,9,2023-09-01,1372.86,1372.86,214.4,8.62,0.0,False,0.88,0.3661,91.52,False,True,False
KL_0238,Idukki,Thodupuzha,Pettavayal,9.58102,77.406257,rural,15,11.71,False,2023,10,2023-10-01,1394.84,1394.84,230.8,7.95,0.0,False,0.808,0.372,92.99,False,False,False
KL_0238,Idukki,Thodupuzha,Pettavayal,9.58102,77.406257,rural,15,11.71,False,2023,11,2023-11-01,1329.16,1329.16,217.4,8.78,0.0,False,0.851,0.3544,88.61,False,False,False
KL_0238,Idukki,Thodupuzha,Pettavayal,9.58102,77.406257,rural,15,11.71,False,2023,12,2023-12-01,641.04,641.04,239.5,4.01,0.0,False,0.804,0.1709,42.74,False,False,True
KL_0238,Idukki,Thodupuzha,Pettavayal,9.58102,77.406257,rural,15,11.71,False,2024,1,2024-01-01,717.25,717.25,222.5,4.58,0.0,False,0.88,0.1913,47.82,False,False,True
KL_0238,Idukki,Thodupuzha,Pettavayal,9.58102,77.406257,rural,15,11.71,False,2024,2,2024-02-01,1260.75,1260.75,236.3,7.83,0.0,False,0.852,0.3362,84.05,False,False,True
KL_0238,Idukki,Thodupuzha,Pettavayal,9.58102,77.406257,rural,15,11.71,False,2024,3,2024-03-01,1013.38,1013.38,218.1,6.41,0.0,False,0.849,0.2702,67.56,True,False,False
KL_0238,Idukki,Thodupuzha,Pettavayal,9.58102,77.406257,rural,15,11.71,False,2024,4,2024-04-01,2362.93,2362.93,234.7,13.09,0.0,False,0.905,0.6301,157.53,True,False,False
KL_0238,Idukki,Thodupuzha,Pettavayal,9.58102,77.406257,rural,15,11.71,False,2024,5,2024-05-01,2275.35,2275.35,231.9,13.28,0.0,False,0.871,0.6068,151.69,True,False,False
KL_0238,Idukki,Thodupuzha,Pettavayal,9.58102,77.406257,rural,15,11.71,False,2024,6,2024-06-01,1500.73,1500.73,228.0,8.5,0.0,False,0.875,0.4002,100.05,False,True,False
KL_0238,Idukki,Thodupuzha,Pettavayal,9.58102,77.406257,rural,15,11.71,False,2024,7,2024-07-01,1233.6,1233.6,232.3,7.8,0.0,False,0.905,0.329,82.24,False,True,False
KL_0238,Idukki,Thodupuzha,Pettavayal,9.58102,77.406257,rural,15,11.71,False,2024,8,2024-08-01,1206.65,1206.65,245.7,6.24,0.0,False,0.911,0.3218,80.44,False,True,False
KL_0238,Idukki,Thodupuzha,Pettavayal,9.58102,77.406257,rural,15,11.71,False,2024,9,2024-09-01,1461.19,1461.19,224.7,8.35,0.0,False,0.802,0.3897,97.41,False,True,False
KL_0238,Idukki,Thodupuzha,Pettavayal,9.58102,77.406257,rural,15,11.71,False,2024,10,2024-10-01,1579.31,1579.31,221.7,9.47,0.0,False,0.887,0.4211,105.29,False,False,False
KL_0238,Idukki,Thodupuzha,Pettavayal,9.58102,77.406257,rural,15,11.71,False,2024,11,2024-11-01,2064.88,2064.88,221.6,12.12,0.0,False,0.872,0.5506,137.66,False,False,False
KL_0238,Idukki,Thodupuzha,Pettavayal,9.58102,77.406257,rural,15,11.71,False,2024,12,2024-12-01,1264.96,1264.96,219.9,7.39,0.0,False,0.916,0.3373,84.33,False,False,True
KL_0239,Ernakulam,Kothamangalam,Vellinagar,10.061413,76.434908,rural,197,10.89,False,2023,1,2023-01-01,13209.57,13209.57,249.6,75.39,0.0,False,0.786,0.2682,67.05,False,False,True
KL_0239,Ernakulam,Kothamangalam,Vellinagar,10.061413,76.434908,rural,197,10.89,False,2023,2,2023-02-01,19979.35,19979.35,227.0,116.24,0.0,False,0.815,0.4057,101.42,False,False,True
KL_0239,Ernakulam,Kothamangalam,Vellinagar,10.061413,76.434908,rural,197,10.89,False,2023,3,2023-03-01,11338.51,11338.51,240.4,69.63,0.0,False,0.84,0.2302,57.56,True,False,False
KL_0239,Ernakulam,Kothamangalam,Vellinagar,10.061413,76.434908,rural,197,10.89,False,2023,4,2023-04-01,21125.4,21125.4,219.4,129.15,0.0,False,0.92,0.4289,107.24,True,False,False
KL_0239,Ernakulam,Kothamangalam,Vellinagar,10.061413,76.434908,rural,197,10.89,False,2023,5,2023-05-01,13429.16,13429.16,212.5,80.01,0.0,False,0.836,0.2727,68.17,True,False,False
KL_0239,Ernakulam,Kothamangalam,Vellinagar,10.061413,76.434908,rural,197,10.89,False,2023,6,2023-06-01,16821.26,16821.26,232.7,104.33,0.0,False,0.848,0.3415,85.39,False,True,False
KL_0239,Ernakulam,Kothamangalam,Vellinagar,10.061413,76.434908,rural,197,10.89,False,2023,7,2023-07-01,14577.01,14577.01,218.3,100.53,0.0,False,0.816,0.296,73.99,False,True,False
KL_0239,Ernakulam,Kothamangalam,Vellinagar,10.061413,76.434908,rural,197,10.89,False,2023,8,2023-08-01,19502.12,19502.12,223.3,132.39,0.0,False,0.889,0.396,99.0,False,True,False
KL_0239,Ernakulam,Kothamangalam,Vellinagar,10.061413,76.434908,rural,197,10.89,False,2023,9,2023-09-01,12710.39,12710.39,238.8,77.07,0.0,False,0.884,0.2581,64.52,False,True,False
KL_0239,Ernakulam,Kothamangalam,Vellinagar,10.061413,76.434908,rural,197,10.89,False,2023,10,2023-10-01,20264.22,20264.22,237.8,113.19,0.0,False,0.823,0.4115,102.86,False,False,False
KL_0239,Ernakulam,Kothamangalam,Vellinagar,10.061413,76.434908,rural,197,10.89,False,2023,11,2023-11-01,19194.88,19194.88,236.3,107.73,0.0,False,0.798,0.3897,97.44,False,False,False
KL_0239,Ernakulam,Kothamangalam,Vellinagar,10.061413,76.434908,rural,197,10.89,False,2023,12,2023-12-01,10595.29,10595.29,228.1,70.78,0.0,False,0.889,0.2151,53.78,False,False,True
KL_0239,Ernakulam,Kothamangalam,Vellinagar,10.061413,76.434908,rural,197,10.89,False,2024,1,2024-01-01,8627.64,8627.64,228.7,47.94,0.0,False,0.875,0.1752,43.8,False,False,True
KL_0239,Ernakulam,Kothamangalam,Vellinagar,10.061413,76.434908,rural,197,10.89,False,2024,2,2024-02-01,4994.27,4994.27,224.7,30.11,0.0,False,0.817,0.1014,25.35,False,False,True
KL_0239,Ernakulam,Kothamangalam,Vellinagar,10.061413,76.434908,rural,197,10.89,False,2024,3,2024-03-01,14586.3,14586.3,216.4,87.67,0.0,False,0.885,0.2962,74.04,True,False,False
KL_0239,Ernakulam,Kothamangalam,Vellinagar,10.061413,76.434908,rural,197,10.89,False,2024,4,2024-04-01,21005.54,21005.54,219.7,132.58,0.0,False,0.882,0.4265,106.63,True,False,False
KL_0239,Ernakulam,Kothamangalam,Vellinagar,10.061413,76.434908,rural,197,10.89,False,2024,5,2024-05-01,20677.49,20677.49,240.1,113.31,0.0,False,0.911,0.4198,104.96,True,False,False
KL_0239,Ernakulam,Kothamangalam,Vellinagar,10.061413,76.434908,rural,197,10.89,False,2024,6,2024-06-01,30256.76,30256.76,220.0,193.95,0.0,False,0.892,0.6144,153.59,False,True,False
KL_0239,Ernakulam,Kothamangalam,Vellinagar,10.061413,76.434908,rural,197,10.89,False,2024,7,2024-07-01,14452.6,14452.6,235.0,90.41,0.0,False,0.833,0.2935,73.36,False,True,False
KL_0239,Ernakulam,Kothamangalam,Vellinagar,10.061413,76.434908,rural,197,10.89,False,2024,8,2024-08-01,10945.92,10945.92,221.2,66.87,0.0,False,0.812,0.2223,55.56,False,True,False
KL_0239,Ernakulam,Kothamangalam,Vellinagar,10.061413,76.434908,rural,197,10.89,False,2024,9,2024-09-01,13646.29,13646.29,233.9,75.8,0.0,False,0.951,0.2771,69.27,False,True,False
KL_0239,Ernakulam,Kothamangalam,Vellinagar,10.061413,76.434908,rural,197,10.89,False,2024,10,2024-10-01,4639.89,4639.89,220.6,29.62,0.0,False,0.824,0.0942,23.55,False,False,False
KL_0239,Ernakulam,Kothamangalam,Vellinagar,10.061413,76.434908,rural,197,10.89,False,2024,11,2024-11-01,14280.07,14280.07,226.4,93.27,0.0,False,0.758,0.29,72.49,False,False,False
KL_0239,Ernakulam,Kothamangalam,Vellinagar,10.061413,76.434908,rural,197,10.89,False,2024,12,2024-12-01,17551.8,17551.8,216.6,123.66,0.0,False,0.79,0.3564,89.1,False,False,True
KL_0240,Pathanamthitta,Thiruvalla,Kottaveli,9.178475,76.895737,rural,128,9.83,False,2023,1,2023-01-01,11839.22,11839.22,244.6,64.31,0.0,False,0.749,0.37,92.49,False,False,True
KL_0240,Pathanamthitta,Thiruvalla,Kottaveli,9.178475,76.895737,rural,128,9.83,False,2023,2,2023-02-01,7917.13,7917.13,230.6,44.2,0.0,False,0.911,0.2474,61.85,False,False,True
KL_0240,Pathanamthitta,Thiruvalla,Kottaveli,9.178475,76.895737,rural,128,9.83,False,2023,3,2023-03-01,4472.65,4472.65,237.1,24.47,0.0,False,0.941,0.1398,34.94,True,False,False
KL_0240,Pathanamthitta,Thiruvalla,Kottaveli,9.178475,76.895737,rural,128,9.83,False,2023,4,2023-04-01,7230.24,7230.24,215.1,45.25,0.0,False,0.862,0.2259,56.49,True,False,False
KL_0240,Pathanamthitta,Thiruvalla,Kottaveli,9.178475,76.895737,rural,128,9.83,False,2023,5,2023-05-01,23203.65,23203.65,213.4,140.86,0.0,False,0.77,0.7251,181.28,True,False,False
KL_0240,Pathanamthitta,Thiruvalla,Kottaveli,9.178475,76.895737,rural,128,9.83,False,2023,6,2023-06-01,15204.79,15204.79,227.5,87.9,0.0,False,0.91,0.4751,118.79,False,True,False
KL_0240,Pathanamthitta,Thiruvalla,Kottaveli,9.178475,76.895737,rural,128,9.83,False,2023,7,2023-07-01,10429.96,10429.96,237.3,65.57,0.0,False,0.873,0.3259,81.48,False,True,False
KL_0240,Pathanamthitta,Thiruvalla,Kottaveli,9.178475,76.895737,rural,128,9.83,False,2023,8,2023-08-01,9073.79,9073.79,230.9,58.48,0.0,False,0.912,0.2836,70.89,False,True,False
KL_0240,Pathanamthitta,Thiruvalla,Kottaveli,9.178475,76.895737,rural,128,9.83,False,2023,9,2023-09-01,9207.51,9207.51,209.3,65.77,0.0,False,0.879,0.2877,71.93,False,True,False
KL_0240,Pathanamthitta,Thiruvalla,Kottaveli,9.178475,76.895737,rural,128,9.83,False,2023,10,2023-10-01,12728.83,12728.83,238.8,68.0,0.0,False,0.781,0.3978,99.44,False,False,False
KL_0240,Pathanamthitta,Thiruvalla,Kottaveli,9.178475,76.895737,rural,128,9.83,False,2023,11,2023-11-01,9133.13,9133.13,239.0,49.25,0.0,False,0.883,0.2854,71.35,False,False,False
KL_0240,Pathanamthitta,Thiruvalla,Kottaveli,9.178475,76.895737,rural,128,9.83,False,2023,12,2023-12-01,9079.49,9079.49,236.6,53.05,0.0,False,0.772,0.2837,70.93,False,False,True
KL_0240,Pathanamthitta,Thiruvalla,Kottaveli,9.178475,76.895737,rural,128,9.83,False,2024,1,2024-01-01,10927.61,10927.61,220.3,68.65,0.0,False,0.811,0.3415,85.37,False,False,True
KL_0240,Pathanamthitta,Thiruvalla,Kottaveli,9.178475,76.895737,rural,128,9.83,False,2024,2,2024-02-01,9615.17,9615.17,218.6,57.45,0.0,False,0.902,0.3005,75.12,False,False,True
KL_0240,Pathanamthitta,Thiruvalla,Kottaveli,9.178475,76.895737,rural,128,9.83,False,2024,3,2024-03-01,15576.66,15576.66,229.3,86.01,0.0,False,0.899,0.4868,121.69,True,False,False
KL_0240,Pathanamthitta,Thiruvalla,Kottaveli,9.178475,76.895737,rural,128,9.83,False,2024,4,2024-04-01,9176.38,9176.38,224.2,61.27,0.0,False,0.803,0.2868,71.69,True,False,False
KL_0240,Pathanamthitta,Thiruvalla,Kottaveli,9.178475,76.895737,rural,128,9.83,False,2024,5,2024-05-01,12769.19,12769.19,230.0,77.3,0.0,False,0.793,0.399,99.76,True,False,False
KL_0240,Pathanamthitta,Thiruvalla,Kottaveli,9.178475,76.895737,rural,128,9.83,False,2024,6,2024-06-01,11095.48,11095.48,228.2,65.4,0.0,False,0.851,0.3467,86.68,False,True,False
KL_0240,Pathanamthitta,Thiruvalla,Kottaveli,9.178475,76.895737,rural,128,9.83,False,2024,7,2024-07-01,13059.32,13059.32,226.9,73.97,0.0,False,0.95,0.4081,102.03,False,True,False
KL_0240,Pathanamthitta,Thiruvalla,Kottaveli,9.178475,76.895737,rural,128,9.83,False,2024,8,2024-08-01,9296.4,9296.4,219.3,58.99,0.0,False,0.878,0.2905,72.63,False,True,False
KL_0240,Pathanamthitta,Thiruvalla,Kottaveli,9.178475,76.895737,rural,128,9.83,False,2024,9,2024-09-01,8531.81,8531.81,221.0,52.69,0.0,False,0.968,0.2666,66.65,False,True,False
KL_0240,Pathanamthitta,Thiruvalla,Kottaveli,9.178475,76.895737,rural,128,9.83,False,2024,10,2024-10-01,5815.52,5815.52,224.0,32.91,0.0,False,0.842,0.1817,45.43,False,False,False
KL_0240,Pathanamthitta,Thiruvalla,Kottaveli,9.178475,76.895737,rural,128,9.83,False,2024,11,2024-11-01,14680.26,14680.26,225.6,99.21,0.0,False,0.894,0.4588,114.69,False,False,False
KL_0240,Pathanamthitta,Thiruvalla,Kottaveli,9.178475,76.895737,rural,128,9.83,False,2024,12,2024-12-01,6700.92,6700.92,219.5,44.1,0.0,False,0.834,0.2094,52.35,False,False,True
KL_0241,Kottayam,Kottayam,Melamukku,9.74376,76.880655,urban,192,3.88,False,2023,1,2023-01-01,33185.47,33185.47,225.8,218.51,0.0,False,0.81,0.6914,172.84,False,False,True
KL_0241,Kottayam,Kottayam,Melamukku,9.74376,76.880655,urban,192,3.88,False,2023,2,2023-02-01,27489.16,27489.16,234.3,173.29,0.0,False,0.802,0.5727,143.17,False,False,True
KL_0241,Kottayam,Kottayam,Melamukku,9.74376,76.880655,urban,192,3.88,False,2023,3,2023-03-01,38006.32,38006.32,224.6,249.53,0.0,False,0.868,0.7918,197.95,True,False,False
KL_0241,Kottayam,Kottayam,Melamukku,9.74376,76.880655,urban,192,3.88,False,2023,4,2023-04-01,34604.68,34604.68,242.5,204.7,0.0,False,0.915,0.7209,180.23,True,False,False
KL_0241,Kottayam,Kottayam,Melamukku,9.74376,76.880655,urban,192,3.88,False,2023,5,2023-05-01,52592.99,52592.99,223.5,354.85,0.0,False,0.834,1.0957,273.92,True,False,False
KL_0241,Kottayam,Kottayam,Melamukku,9.74376,76.880655,urban,192,3.88,False,2023,6,2023-06-01,37852.55,37852.55,238.5,205.56,0.0,False,0.921,0.7886,197.15,False,True,False
KL_0241,Kottayam,Kottayam,Melamukku,9.74376,76.880655,urban,192,3.88,False,2023,7,2023-07-01,40104.98,40104.98,230.7,238.37,0.0,False,0.942,0.8355,208.88,False,True,False
KL_0241,Kottayam,Kottayam,Melamukku,9.74376,76.880655,urban,192,3.88,False,2023,8,2023-08-01,40105.0,40105.0,209.7,291.64,0.0,False,0.893,0.8355,208.88,False,True,False
KL_0241,Kottayam,Kottayam,Melamukku,9.74376,76.880655,urban,192,3.88,False,2023,9,2023-09-01,24971.55,24971.55,227.6,148.87,0.0,False,0.866,0.5202,130.06,False,True,False
KL_0241,Kottayam,Kottayam,Melamukku,9.74376,76.880655,urban,192,3.88,False,2023,10,2023-10-01,41305.99,41305.99,235.7,228.15,0.0,False,0.816,0.8605,215.14,False,False,False
KL_0241,Kottayam,Kottayam,Melamukku,9.74376,76.880655,urban,192,3.88,False,2023,11,2023-11-01,27502.93,27502.93,224.7,177.36,0.0,False,0.915,0.573,143.24,False,False,False
KL_0241,Kottayam,Kottayam,Melamukku,9.74376,76.880655,urban,192,3.88,False,2023,12,2023-12-01,34800.64,34800.64,222.4,226.17,0.0,False,0.793,0.725,181.25,False,False,True
KL_0241,Kottayam,Kottayam,Melamukku,9.74376,76.880655,urban,192,3.88,False,2024,1,2024-01-01,29585.74,29585.74,232.4,189.56,0.0,False,0.88,0.6164,154.09,False,False,True
KL_0241,Kottayam,Kottayam,Melamukku,9.74376,76.880655,urban,192,3.88,False,2024,2,2024-02-01,45845.62,45845.62,239.5,254.1,0.0,False,0.786,0.9551,238.78,False,False,True
KL_0241,Kottayam,Kottayam,Melamukku,9.74376,76.880655,urban,192,3.88,False,2024,3,2024-03-01,33028.0,33028.0,229.2,202.94,0.0,False,0.797,0.6881,172.02,True,False,False
KL_0241,Kottayam,Kottayam,Melamukku,9.74376,76.880655,urban,192,3.88,False,2024,4,2024-04-01,41882.5,41882.5,216.7,293.0,0.0,False,0.847,0.8726,218.14,True,False,False
KL_0241,Kottayam,Kottayam,Melamukku,9.74376,76.880655,urban,192,3.88,False,2024,5,2024-05-01,60902.27,60902.27,224.5,400.68,0.0,False,0.885,1.2688,317.2,True,False,False
KL_0241,Kottayam,Kottayam,Melamukku,9.74376,76.880655,urban,192,3.88,False,2024,6,2024-06-01,30047.71,30047.71,227.2,197.13,0.0,False,0.9,0.626,156.5,False,True,False
KL_0241,Kottayam,Kottayam,Melamukku,9.74376,76.880655,urban,192,3.88,False,2024,7,2024-07-01,41788.18,41788.18,229.5,245.19,0.0,False,0.85,0.8706,217.65,False,True,False
KL_0241,Kottayam,Kottayam,Melamukku,9.74376,76.880655,urban,192,3.88,False,2024,8,2024-08-01,36195.06,36195.06,228.4,231.17,0.0,False,0.829,0.7541,188.52,False,True,False
KL_0241,Kottayam,Kottayam,Melamukku,9.74376,76.880655,urban,192,3.88,False,2024,9,2024-09-01,54255.18,54255.18,227.9,362.89,0.0,False,0.81,1.1303,282.58,False,True,False
KL_0241,Kottayam,Kottayam,Melamukku,9.74376,76.880655,urban,192,3.88,False,2024,10,2024-10-01,46526.09,46526.09,210.4,302.31,0.0,False,0.885,0.9693,242.32,False,False,False
KL_0241,Kottayam,Kottayam,Melamukku,9.74376,76.880655,urban,192,3.88,False,2024,11,2024-11-01,31021.23,31021.23,224.6,193.69,0.0,False,0.883,0.6463,161.57,False,False,False
KL_0241,Kottayam,Kottayam,Melamukku,9.74376,76.880655,urban,192,3.88,False,2024,12,2024-12-01,33923.19,33923.19,220.3,217.86,0.0,False,0.859,0.7067,176.68,False,False,True
KL_0242,Pathanamthitta,Thiruvalla,Manamoodu,9.205637,76.673779,rural,113,15.83,True,2023,1,2023-01-01,7779.52,7779.52,219.5,45.28,0.0,False,0.865,0.2754,68.85,False,False,True
KL_0242,Pathanamthitta,Thiruvalla,Manamoodu,9.205637,76.673779,rural,113,15.83,True,2023,2,2023-02-01,9094.85,9094.85,212.8,54.21,0.0,False,0.93,0.3219,80.49,False,False,True
KL_0242,Pathanamthitta,Thiruvalla,Manamoodu,9.205637,76.673779,rural,113,15.83,True,2023,3,2023-03-01,8991.07,8991.07,214.8,62.31,0.0,False,0.901,0.3183,79.57,True,False,False
KL_0242,Pathanamthitta,Thiruvalla,Manamoodu,9.205637,76.673779,rural,113,15.83,True,2023,4,2023-04-01,6045.74,6045.74,228.1,33.82,0.0,False,0.779,0.214,53.5,True,False,False
KL_0242,Pathanamthitta,Thiruvalla,Manamoodu,9.205637,76.673779,rural,113,15.83,True,2023,5,2023-05-01,9074.26,9074.26,223.5,51.85,0.0,False,0.894,0.3212,80.3,True,False,False
KL_0242,Pathanamthitta,Thiruvalla,Manamoodu,9.205637,76.673779,rural,113,15.83,True,2023,6,2023-06-01,16361.63,16361.63,220.3,94.87,0.0,False,0.919,0.5792,144.79,False,True,False
KL_0242,Pathanamthitta,Thiruvalla,Manamoodu,9.205637,76.673779,rural,113,15.83,True,2023,7,2023-07-01,3887.67,3887.67,238.5,23.03,0.0,False,0.809,0.1376,34.4,False,True,False
KL_0242,Pathanamthitta,Thiruvalla,Manamoodu,9.205637,76.673779,rural,113,15.83,True,2023,8,2023-08-01,8849.14,8849.14,253.1,47.01,0.0,False,0.897,0.3132,78.31,False,True,False
KL_0242,Pathanamthitta,Thiruvalla,Manamoodu,9.205637,76.673779,rural,113,15.83,True,2023,9,2023-09-01,2673.55,2673.55,224.7,17.93,0.0,False,1.0,0.0946,23.66,False,True,False
KL_0242,Pathanamthitta,Thiruvalla,Manamoodu,9.205637,76.673779,rural,113,15.83,True,2023,10,2023-10-01,11599.33,11599.33,216.4,80.92,0.0,False,0.874,0.4106,102.65,False,False,False
KL_0242,Pathanamthitta,Thiruvalla,Manamoodu,9.205637,76.673779,rural,113,15.83,True,2023,11,2023-11-01,7389.03,7389.03,222.9,46.64,0.0,False,0.838,0.2616,65.39,False,False,False
KL_0242,Pathanamthitta,Thiruvalla,Manamoodu,9.205637,76.673779,rural,113,15.83,True,2023,12,2023-12-01,7697.71,7697.71,224.7,47.02,0.0,False,0.845,0.2725,68.12,False,False,True
KL_0242,Pathanamthitta,Thiruvalla,Manamoodu,9.205637,76.673779,rural,113,15.83,True,2024,1,2024-01-01,5902.06,5902.06,244.9,36.35,0.0,False,0.857,0.2089,52.23,False,False,True
KL_0242,Pathanamthitta,Thiruvalla,Manamoodu,9.205637,76.673779,rural,113,15.83,True,2024,2,2024-02-01,9287.71,9287.71,227.3,57.68,0.0,False,0.771,0.3288,82.19,False,False,True
KL_0242,Pathanamthitta,Thiruvalla,Manamoodu,9.205637,76.673779,rural,113,15.83,True,2024,3,2024-03-01,14019.13,14019.13,230.1,91.54,0.0,False,0.769,0.4963,124.06,True,False,False
KL_0242,Pathanamthitta,Thiruvalla,Manamoodu,9.205637,76.673779,rural,113,15.83,True,2024,4,2024-04-01,9233.11,9233.11,224.4,55.8,0.0,False,0.864,0.3268,81.71,True,False,False
KL_0242,Pathanamthitta,Thiruvalla,Manamoodu,9.205637,76.673779,rural,113,15.83,True,2024,5,2024-05-01,7376.16,7376.16,239.9,39.85,0.0,False,0.848,0.2611,65.28,True,False,False
KL_0242,Pathanamthitta,Thiruvalla,Manamoodu,9.205637,76.673779,rural,113,15.83,True,2024,6,2024-06-01,8396.82,8396.82,232.8,50.18,0.0,False,0.883,0.2972,74.31,False,True,False
KL_0242,Pathanamthitta,Thiruvalla,Manamoodu,9.205637,76.673779,rural,113,15.83,True,2024,7,2024-07-01,7384.94,7384.94,242.1,42.88,0.0,False,0.836,0.2614,65.35,False,True,False
KL_0242,Pathanamthitta,Thiruvalla,Manamoodu,9.205637,76.673779,rural,113,15.83,True,2024,8,2024-08-01,14822.89,14822.89,233.5,89.74,0.0,False,0.854,0.5247,131.18,False,True,False
KL_0242,Pathanamthitta,Thiruvalla,Manamoodu,9.205637,76.673779,rural,113,15.83,True,2024,9,2024-09-01,8213.39,8213.39,219.4,49.78,0.0,False,0.898,0.2907,72.68,False,True,False
KL_0242,Pathanamthitta,Thiruvalla,Manamoodu,9.205637,76.673779,rural,113,15.83,True,2024,10,2024-10-01,9567.91,9567.91,231.5,56.85,0.0,False,0.736,0.3387,84.67,False,False,False
KL_0242,Pathanamthitta,Thiruvalla,Manamoodu,9.205637,76.673779,rural,113,15.83,True,2024,11,2024-11-01,5775.53,5775.53,228.5,32.15,0.0,False,0.804,0.2044,51.11,False,False,False
KL_0242,Pathanamthitta,Thiruvalla,Manamoodu,9.205637,76.673779,rural,113,15.83,True,2024,12,2024-12-01,11416.87,11416.87,228.4,67.6,0.0,False,0.824,0.4041,101.03,False,False,True
KL_0243,Malappuram,Manjeri,Muthavayal,11.326807,76.081602,urban,78,0.99,False,2023,1,2023-01-01,15300.42,15300.42,241.6,86.05,0.0,False,0.842,0.7846,196.16,False,False,True
KL_0243,Malappuram,Manjeri,Muthavayal,11.326807,76.081602,urban,78,0.99,False,2023,2,2023-02-01,13479.29,13479.29,223.8,82.76,0.0,False,0.779,0.6912,172.81,False,False,True
KL_0243,Malappuram,Manjeri,Muthavayal,11.326807,76.081602,urban,78,0.99,False,2023,3,2023-03-01,17536.26,17536.26,225.8,101.57,0.0,False,0.805,0.8993,224.82,True,False,False
KL_0243,Malappuram,Manjeri,Muthavayal,11.326807,76.081602,urban,78,0.99,False,2023,4,2023-04-01,20631.94,20631.94,229.2,127.82,0.0,False,0.885,1.058,264.51,True,False,False
KL_0243,Malappuram,Manjeri,Muthavayal,11.326807,76.081602,urban,78,0.99,False,2023,5,2023-05-01,21981.51,21981.51,225.6,144.31,0.0,False,0.873,1.1273,281.81,True,False,False
KL_0243,Malappuram,Manjeri,Muthavayal,11.326807,76.081602,urban,78,0.99,False,2023,6,2023-06-01,14885.2,14885.2,230.9,88.76,0.0,False,0.71,0.7633,190.84,False,True,False
KL_0243,Malappuram,Manjeri,Muthavayal,11.326807,76.081602,urban,78,0.99,False,2023,7,2023-07-01,14943.16,14943.16,210.9,96.59,0.0,False,0.839,0.7663,191.58,False,True,False
KL_0243,Malappuram,Manjeri,Muthavayal,11.326807,76.081602,urban,78,0.99,False,2023,8,2023-08-01,16740.58,16740.58,232.6,104.09,0.0,False,0.843,0.8585,214.62,False,True,False
KL_0243,Malappuram,Manjeri,Muthavayal,11.326807,76.081602,urban,78,0.99,False,2023,9,2023-09-01,21571.12,21571.12,226.9,129.99,0.0,False,0.804,1.1062,276.55,False,True,False
KL_0243,Malappuram,Manjeri,Muthavayal,11.326807,76.081602,urban,78,0.99,False,2023,10,2023-10-01,14306.3,14306.3,215.3,85.35,0.0,False,0.843,0.7337,183.41,False,False,False
KL_0243,Malappuram,Manjeri,Muthavayal,11.326807,76.081602,urban,78,0.99,False,2023,11,2023-11-01,14976.8,14976.8,212.1,93.73,0.0,False,0.87,0.768,192.01,False,False,False
KL_0243,Malappuram,Manjeri,Muthavayal,11.326807,76.081602,urban,78,0.99,False,2023,12,2023-12-01,13615.6,13615.6,237.1,73.14,0.0,False,0.886,0.6982,174.56,False,False,True
KL_0243,Malappuram,Manjeri,Muthavayal,11.326807,76.081602,urban,78,0.99,False,2024,1,2024-01-01,14181.73,14181.73,242.0,84.7,0.0,False,0.855,0.7273,181.82,False,False,True
KL_0243,Malappuram,Manjeri,Muthavayal,11.326807,76.081602,urban,78,0.99,False,2024,2,2024-02-01,12761.7,12761.7,238.3,70.58,0.0,False,0.882,0.6544,163.61,False,False,True
KL_0243,Malappuram,Manjeri,Muthavayal,11.326807,76.081602,urban,78,0.99,False,2024,3,2024-03-01,14326.48,14326.48,239.6,87.26,0.0,False,0.851,0.7347,183.67,True,False,False
KL_0243,Malappuram,Manjeri,Muthavayal,11.326807,76.081602,urban,78,0.99,False,2024,4,2024-04-01,15806.87,15806.87,231.6,85.63,0.0,False,0.736,0.8106,202.65,True,False,False
KL_0243,Malappuram,Manjeri,Muthavayal,11.326807,76.081602,urban,78,0.99,False,2024,5,2024-05-01,13438.77,13438.77,224.0,75.01,0.0,False,0.843,0.6892,172.29,True,False,False
KL_0243,Malappuram,Manjeri,Muthavayal,11.326807,76.081602,urban,78,0.99,False,2024,6,2024-06-01,16852.88,16852.88,233.4,98.09,0.0,False,0.789,0.8643,216.06,False,True,False
KL_0243,Malappuram,Manjeri,Muthavayal,11.326807,76.081602,urban,78,0.99,False,2024,7,2024-07-01,15064.57,15064.57,224.2,101.94,0.0,False,0.856,0.7725,193.14,False,True,False
KL_0243,Malappuram,Manjeri,Muthavayal,11.326807,76.081602,urban,78,0.99,False,2024,8,2024-08-01,17897.27,17897.27,223.0,115.55,0.0,False,0.839,0.9178,229.45,False,True,False
KL_0243,Malappuram,Manjeri,Muthavayal,11.326807,76.081602,urban,78,0.99,False,2024,9,2024-09-01,16751.4,16751.4,238.8,90.2,0.0,False,0.839,0.859,214.76,False,True,False
KL_0243,Malappuram,Manjeri,Muthavayal,11.326807,76.081602,urban,78,0.99,False,2024,10,2024-10-01,15817.26,15817.26,238.1,87.45,0.0,False,0.808,0.8111,202.79,False,False,False
KL_0243,Malappuram,Manjeri,Muthavayal,11.326807,76.081602,urban,78,0.99,False,2024,11,2024-11-01,17754.29,17754.29,225.1,119.35,0.0,False,0.83,0.9105,227.62,False,False,False
KL_0243,Malappuram,Manjeri,Muthavayal,11.326807,76.081602,urban,78,0.99,False,2024,12,2024-12-01,11134.16,11134.16,217.7,71.85,0.0,False,0.865,0.571,142.75,False,False,True
KL_0244,Kasaragod,Manjeshwar,Vellipuram,12.491053,75.003077,rural,68,10.69,False,2023,1,2023-01-01,4288.09,4288.09,222.8,27.63,0.0,False,0.804,0.2522,63.06,False,False,True
KL_0244,Kasaragod,Manjeshwar,Vellipuram,12.491053,75.003077,rural,68,10.69,False,2023,2,2023-02-01,4326.14,4326.14,222.2,27.83,0.0,False,0.819,0.2545,63.62,False,False,True
KL_0244,Kasaragod,Manjeshwar,Vellipuram,12.491053,75.003077,rural,68,10.69,False,2023,3,2023-03-01,5227.44,5227.44,226.6,29.33,0.0,False,0.762,0.3075,76.87,True,False,False
KL_0244,Kasaragod,Manjeshwar,Vellipuram,12.491053,75.003077,rural,68,10.69,False,2023,4,2023-04-01,5688.8,5688.8,230.4,32.65,0.0,False,0.864,0.3346,83.66,True,False,False
KL_0244,Kasaragod,Manjeshwar,Vellipuram,12.491053,75.003077,rural,68,10.69,False,2023,5,2023-05-01,3832.1,3832.1,222.2,22.72,0.0,False,0.786,0.2254,56.35,True,False,False
KL_0244,Kasaragod,Manjeshwar,Vellipuram,12.491053,75.003077,rural,68,10.69,False,2023,6,2023-06-01,9467.77,9467.77,218.8,62.17,0.0,False,0.851,0.5569,139.23,False,True,False
KL_0244,Kasaragod,Manjeshwar,Vellipuram,12.491053,75.003077,rural,68,10.69,False,2023,7,2023-07-01,8068.84,8068.84,237.6,47.45,0.0,False,0.885,0.4746,118.66,False,True,False
KL_0244,Kasaragod,Manjeshwar,Vellipuram,12.491053,75.003077,rural,68,10.69,False,2023,8,2023-08-01,7923.68,7923.68,220.4,53.33,0.0,False,0.914,0.4661,116.52,False,True,False
KL_0244,Kasaragod,Manjeshwar,Vellipuram,12.491053,75.003077,rural,68,10.69,False,2023,9,2023-09-01,4817.6,4817.6,227.9,32.13,0.0,False,0.834,0.2834,70.85,False,True,False
KL_0244,Kasaragod,Manjeshwar,Vellipuram,12.491053,75.003077,rural,68,10.69,False,2023,10,2023-10-01,6167.76,6167.76,240.9,39.03,0.0,False,0.881,0.3628,90.7,False,False,False
KL_0244,Kasaragod,Manjeshwar,Vellipuram,12.491053,75.003077,rural,68,10.69,False,2023,11,2023-11-01,6331.72,6331.72,221.2,36.16,0.0,False,0.85,0.3725,93.11,False,False,False
KL_0244,Kasaragod,Manjeshwar,Vellipuram,12.491053,75.003077,rural,68,10.69,False,2023,12,2023-12-01,6796.48,6796.48,225.3,40.12,0.0,False,0.756,0.3998,99.95,False,False,True
KL_0244,Kasaragod,Manjeshwar,Vellipuram,12.491053,75.003077,rural,68,10.69,False,2024,1,2024-01-01,3852.77,3852.77,219.7,24.43,0.0,False,0.776,0.2266,56.66,False,False,True
KL_0244,Kasaragod,Manjeshwar,Vellipuram,12.491053,75.003077,rural,68,10.69,False,2024,2,2024-02-01,6890.89,6890.89,214.7,48.71,0.0,False,0.892,0.4053,101.34,False,False,True
KL_0244,Kasaragod,Manjeshwar,Vellipuram,12.491053,75.003077,rural,68,10.69,False,2024,3,2024-03-01,4474.96,4474.96,218.3,28.89,0.0,False,0.908,0.2632,65.81,True,False,False
KL_0244,Kasaragod,Manjeshwar,Vellipuram,12.491053,75.003077,rural,68,10.69,False,2024,4,2024-04-01,6376.73,6376.73,229.9,37.82,0.0,False,0.744,0.3751,93.78,True,False,False
KL_0244,Kasaragod,Manjeshwar,Vellipuram,12.491053,75.003077,rural,68,10.69,False,2024,5,2024-05-01,6869.57,6869.57,223.3,41.5,0.0,False,0.867,0.4041,101.02,True,False,False
KL_0244,Kasaragod,Manjeshwar,Vellipuram,12.491053,75.003077,rural,68,10.69,False,2024,6,2024-06-01,6712.88,6712.88,232.7,36.33,0.0,False,0.863,0.3949,98.72,False,True,False
KL_0244,Kasaragod,Manjeshwar,Vellipuram,12.491053,75.003077,rural,68,10.69,False,2024,7,2024-07-01,5249.06,5249.06,226.0,31.87,0.0,False,0.81,0.3088,77.19,False,True,False
KL_0244,Kasaragod,Manjeshwar,Vellipuram,12.491053,75.003077,rural,68,10.69,False,2024,8,2024-08-01,3010.47,3010.47,234.8,16.96,0.0,False,0.81,0.1771,44.27,False,True,False
KL_0244,Kasaragod,Manjeshwar,Vellipuram,12.491053,75.003077,rural,68,10.69,False,2024,9,2024-09-01,4608.12,4608.12,255.8,25.65,0.0,False,0.797,0.2711,67.77,False,True,False
KL_0244,Kasaragod,Manjeshwar,Vellipuram,12.491053,75.003077,rural,68,10.69,False,2024,10,2024-10-01,3118.58,3118.58,221.7,19.71,0.0,False,0.754,0.1834,45.86,False,False,False
KL_0244,Kasaragod,Manjeshwar,Vellipuram,12.491053,75.003077,rural,68,10.69,False,2024,11,2024-11-01,4444.44,4444.44,212.1,31.49,0.0,False,0.797,0.2614,65.36,False,False,False
KL_0244,Kasaragod,Manjeshwar,Vellipuram,12.491053,75.003077,rural,68,10.69,False,2024,12,2024-12-01,7982.09,7982.09,226.2,52.95,0.0,False,0.885,0.4695,117.38,False,False,True
KL_0245,Kannur,Iritty,Thekkevayal,12.185685,75.470117,urban,21,3.23,False,2023,1,2023-01-01,3414.52,3414.52,233.3,20.46,0.0,False,0.832,0.6504,162.6,False,False,True
KL_0245,Kannur,Iritty,Thekkevayal,12.185685,75.470117,urban,21,3.23,False,2023,2,2023-02-01,4486.39,4486.39,226.3,28.51,0.0,False,0.887,0.8546,213.64,False,False,True
KL_0245,Kannur,Iritty,Thekkevayal,12.185685,75.470117,urban,21,3.23,False,2023,3,2023-03-01,3901.56,3901.56,223.7,24.49,0.0,False,0.75,0.7432,185.79,True,False,False
KL_0245,Kannur,Iritty,Thekkevayal,12.185685,75.470117,urban,21,3.23,False,2023,4,2023-04-01,3888.69,3888.69,206.3,24.44,0.0,False,0.872,0.7407,185.18,True,False,False
KL_0245,Kannur,Iritty,Thekkevayal,12.185685,75.470117,urban,21,3.23,False,2023,5,2023-05-01,5079.21,5079.21,223.9,31.28,0.0,False,0.889,0.9675,241.87,True,False,False
KL_0245,Kannur,Iritty,Thekkevayal,12.185685,75.470117,urban,21,3.23,False,2023,6,2023-06-01,4579.72,4579.72,218.9,27.62,0.0,False,0.719,0.8723,218.08,False,True,False
KL_0245,Kannur,Iritty,Thekkevayal,12.185685,75.470117,urban,21,3.23,False,2023,7,2023-07-01,5106.17,5106.17,219.6,32.22,0.0,False,0.824,0.9726,243.15,False,True,False
KL_0245,Kannur,Iritty,Thekkevayal,12.185685,75.470117,urban,21,3.23,False,2023,8,2023-08-01,2431.32,2431.32,230.6,15.92,0.0,False,0.867,0.4631,115.78,False,True,False
KL_0245,Kannur,Iritty,Thekkevayal,12.185685,75.470117,urban,21,3.23,False,2023,9,2023-09-01,3402.66,3402.66,226.1,21.37,0.0,False,0.915,0.6481,162.03,False,True,False
KL_0245,Kannur,Iritty,Thekkevayal,12.185685,75.470117,urban,21,3.23,False,2023,10,2023-10-01,4929.39,4929.39,222.0,28.43,0.0,False,0.781,0.9389,234.73,False,False,False
KL_0245,Kannur,Iritty,Thekkevayal,12.185685,75.470117,urban,21,3.23,False,2023,11,2023-11-01,3822.02,3822.02,220.1,26.49,0.0,False,0.919,0.728,182.0,False,False,False
KL_0245,Kannur,Iritty,Thekkevayal,12.185685,75.470117,urban,21,3.23,False,2023,12,2023-12-01,4102.19,4102.19,218.3,25.36,0.0,False,0.872,0.7814,195.34,False,False,True
KL_0245,Kannur,Iritty,Thekkevayal,12.185685,75.470117,urban,21,3.23,False,2024,1,2024-01-01,2687.41,2687.41,237.3,16.22,0.0,False,0.8,0.5119,127.97,False,False,True
KL_0245,Kannur,Iritty,Thekkevayal,12.185685,75.470117,urban,21,3.23,False,2024,2,2024-02-01,3770.82,3770.82,221.9,24.03,0.0,False,0.9,0.7183,179.56,False,False,True
KL_0245,Kannur,Iritty,Thekkevayal,12.185685,75.470117,urban,21,3.23,False,2024,3,2024-03-01,3753.13,3753.13,232.5,23.3,0.0,False,0.965,0.7149,178.72,True,False,False
KL_0245,Kannur,Iritty,Thekkevayal,12.185685,75.470117,urban,21,3.23,False,2024,4,2024-04-01,3911.81,3911.81,241.1,22.87,0.0,False,0.833,0.7451,186.28,True,False,False
KL_0245,Kannur,Iritty,Thekkevayal,12.185685,75.470117,urban,21,3.23,False,2024,5,2024-05-01,7724.13,7724.13,233.4,44.5,0.0,False,0.829,1.4713,367.82,True,False,False
KL_0245,Kannur,Iritty,Thekkevayal,12.185685,75.470117,urban,21,3.23,False,2024,6,2024-06-01,4461.89,4461.89,242.3,27.95,0.0,False,0.802,0.8499,212.47,False,True,False
KL_0245,Kannur,Iritty,Thekkevayal,12.185685,75.470117,urban,21,3.23,False,2024,7,2024-07-01,4947.06,4947.06,209.4,34.82,0.0,False,0.942,0.9423,235.57,False,True,False
KL_0245,Kannur,Iritty,Thekkevayal,12.185685,75.470117,urban,21,3.23,False,2024,8,2024-08-01,3665.73,3665.73,227.7,22.88,0.0,False,0.814,0.6982,174.56,False,True,False
KL_0245,Kannur,Iritty,Thekkevayal,12.185685,75.470117,urban,21,3.23,False,2024,9,2024-09-01,4412.49,4412.49,210.0,28.01,0.0,False,0.802,0.8405,210.12,False,True,False
KL_0245,Kannur,Iritty,Thekkevayal,12.185685,75.470117,urban,21,3.23,False,2024,10,2024-10-01,4759.51,4759.51,229.8,30.33,0.0,False,0.819,0.9066,226.64,False,False,False
KL_0245,Kannur,Iritty,Thekkevayal,12.185685,75.470117,urban,21,3.23,False,2024,11,2024-11-01,2445.07,2445.07,225.7,14.42,0.0,False,0.819,0.4657,116.43,False,False,False
KL_0245,Kannur,Iritty,Thekkevayal,12.185685,75.470117,urban,21,3.23,False,2024,12,2024-12-01,3487.73,3487.73,218.7,20.48,0.0,False,0.821,0.6643,166.08,False,False,True
KL_0246,Kozhikode,Ramanattukara,Kizhakthara,11.483255,75.966499,semi-urban,41,6.65,False,2023,1,2023-01-01,3987.24,3987.24,243.7,22.16,0.0,False,0.811,0.389,97.25,False,False,True
KL_0246,Kozhikode,Ramanattukara,Kizhakthara,11.483255,75.966499,semi-urban,41,6.65,False,2023,2,2023-02-01,5121.84,5121.84,242.5,28.41,0.0,False,0.814,0.4997,124.92,False,False,True
KL_0246,Kozhikode,Ramanattukara,Kizhakthara,11.483255,75.966499,semi-urban,41,6.65,False,2023,3,2023-03-01,7214.69,7214.69,244.7,43.56,0.0,False,0.857,0.7039,175.97,True,False,False
KL_0246,Kozhikode,Ramanattukara,Kizhakthara,11.483255,75.966499,semi-urban,41,6.65,False,2023,4,2023-04-01,4459.58,4459.58,238.6,23.89,0.0,False,0.917,0.4351,108.77,True,False,False
KL_0246,Kozhikode,Ramanattukara,Kizhakthara,11.483255,75.966499,semi-urban,41,6.65,False,2023,5,2023-05-01,7609.35,7609.35,226.0,48.5,0.0,False,0.8,0.7424,185.59,True,False,False
KL_0246,Kozhikode,Ramanattukara,Kizhakthara,11.483255,75.966499,semi-urban,41,6.65,False,2023,6,2023-06-01,5350.9,5350.9,239.0,28.52,0.0,False,0.785,0.522,130.51,False,True,False
KL_0246,Kozhikode,Ramanattukara,Kizhakthara,11.483255,75.966499,semi-urban,41,6.65,False,2023,7,2023-07-01,7743.91,7743.91,234.9,42.31,0.0,False,0.866,0.7555,188.88,False,True,False
KL_0246,Kozhikode,Ramanattukara,Kizhakthara,11.483255,75.966499,semi-urban,41,6.65,False,2023,8,2023-08-01,3846.24,3846.24,232.5,24.2,0.0,False,0.877,0.3752,93.81,False,True,False
KL_0246,Kozhikode,Ramanattukara,Kizhakthara,11.483255,75.966499,semi-urban,41,6.65,False,2023,9,2023-09-01,3843.37,3843.37,221.5,24.03,0.0,False,0.927,0.375,93.74,False,True,False
KL_0246,Kozhikode,Ramanattukara,Kizhakthara,11.483255,75.966499,semi-urban,41,6.65,False,2023,10,2023-10-01,7404.5,7404.5,230.8,42.17,0.0,False,0.92,0.7224,180.6,False,False,False
KL_0246,Kozhikode,Ramanattukara,Kizhakthara,11.483255,75.966499,semi-urban,41,6.65,False,2023,11,2023-11-01,5214.19,5214.19,220.4,35.9,0.0,False,0.771,0.5087,127.18,False,False,False
KL_0246,Kozhikode,Ramanattukara,Kizhakthara,11.483255,75.966499,semi-urban,41,6.65,False,2023,12,2023-12-01,6031.57,6031.57,234.1,38.33,0.0,False,0.75,0.5884,147.11,False,False,True
KL_0246,Kozhikode,Ramanattukara,Kizhakthara,11.483255,75.966499,semi-urban,41,6.65,False,2024,1,2024-01-01,4238.58,4238.58,238.2,23.43,0.0,False,0.878,0.4135,103.38,False,False,True
KL_0246,Kozhikode,Ramanattukara,Kizhakthara,11.483255,75.966499,semi-urban,41,6.65,False,2024,2,2024-02-01,5268.09,5268.09,222.7,35.32,0.0,False,0.877,0.514,128.49,False,False,True
KL_0246,Kozhikode,Ramanattukara,Kizhakthara,11.483255,75.966499,semi-urban,41,6.65,False,2024,3,2024-03-01,4734.08,4734.08,223.6,28.28,0.0,False,0.924,0.4619,115.47,True,False,False
KL_0246,Kozhikode,Ramanattukara,Kizhakthara,11.483255,75.966499,semi-urban,41,6.65,False,2024,4,2024-04-01,9235.81,9235.81,225.1,55.09,0.0,False,0.87,0.9011,225.26,True,False,False
KL_0246,Kozhikode,Ramanattukara,Kizhakthara,11.483255,75.966499,semi-urban,41,6.65,False,2024,5,2024-05-01,4869.69,4869.69,228.6,29.06,0.0,False,0.822,0.4751,118.77,True,False,False
KL_0246,Kozhikode,Ramanattukara,Kizhakthara,11.483255,75.966499,semi-urban,41,6.65,False,2024,6,2024-06-01,3862.32,3862.32,220.7,26.59,0.0,False,0.902,0.3768,94.2,False,True,False
KL_0246,Kozhikode,Ramanattukara,Kizhakthara,11.483255,75.966499,semi-urban,41,6.65,False,2024,7,2024-07-01,5875.15,5875.15,234.0,35.94,0.0,False,0.798,0.5732,143.3,False,True,False
KL_0246,Kozhikode,Ramanattukara,Kizhakthara,11.483255,75.966499,semi-urban,41,6.65,False,2024,8,2024-08-01,2355.26,2355.26,210.4,15.24,0.0,False,0.95,0.2298,57.45,False,True,False
KL_0246,Kozhikode,Ramanattukara,Kizhakthara,11.483255,75.966499,semi-urban,41,6.65,False,2024,9,2024-09-01,5964.98,5964.98,223.7,33.54,0.0,False,0.864,0.5819,145.49,False,True,False
KL_0246,Kozhikode,Ramanattukara,Kizhakthara,11.483255,75.966499,semi-urban,41,6.65,False,2024,10,2024-10-01,7336.36,7336.36,234.7,43.48,0.0,False,0.813,0.7157,178.94,False,False,False
KL_0246,Kozhikode,Ramanattukara,Kizhakthara,11.483255,75.966499,semi-urban,41,6.65,False,2024,11,2024-11-01,4177.58,4177.58,247.5,21.53,0.0,False,0.806,0.4076,101.89,False,False,False
KL_0246,Kozhikode,Ramanattukara,Kizhakthara,11.483255,75.966499,semi-urban,41,6.65,False,2024,12,2024-12-01,7505.91,7505.91,233.5,46.75,0.0,False,0.86,0.7323,183.07,False,False,True
KL_0247,Kozhikode,Feroke,Kizhakkavu,11.304968,75.932183,urban,82,0.66,True,2023,1,2023-01-01,23034.49,23034.49,232.6,142.61,0.0,False,0.846,1.1236,280.91,False,False,True
KL_0247,Kozhikode,Feroke,Kizhakkavu,11.304968,75.932183,urban,82,0.66,True,2023,2,2023-02-01,18041.26,18041.26,231.3,98.35,0.0,False,0.843,0.8801,220.02,False,False,True
KL_0247,Kozhikode,Feroke,Kizhakkavu,11.304968,75.932183,urban,82,0.66,True,2023,3,2023-03-01,15044.15,15044.15,238.0,86.16,0.0,False,0.784,0.7339,183.47,True,False,False
KL_0247,Kozhikode,Feroke,Kizhakkavu,11.304968,75.932183,urban,82,0.66,True,2023,4,2023-04-01,11803.67,11803.67,227.7,64.88,0.0,False,0.842,0.5758,143.95,True,False,False
KL_0247,Kozhikode,Feroke,Kizhakkavu,11.304968,75.932183,urban,82,0.66,True,2023,5,2023-05-01,22445.81,22445.81,232.5,146.51,0.0,False,0.891,1.0949,273.73,True,False,False
KL_0247,Kozhikode,Feroke,Kizhakkavu,11.304968,75.932183,urban,82,0.66,True,2023,6,2023-06-01,16189.55,16189.55,224.0,94.16,0.0,False,0.812,0.7897,197.43,False,True,False
KL_0247,Kozhikode,Feroke,Kizhakkavu,11.304968,75.932183,urban,82,0.66,True,2023,7,2023-07-01,11959.4,11959.4,224.9,70.99,0.0,False,0.863,0.5834,145.85,False,True,False
KL_0247,Kozhikode,Feroke,Kizhakkavu,11.304968,75.932183,urban,82,0.66,True,2023,8,2023-08-01,13951.27,13951.27,230.0,82.6,0.0,False,0.906,0.6805,170.14,False,True,False
KL_0247,Kozhikode,Feroke,Kizhakkavu,11.304968,75.932183,urban,82,0.66,True,2023,9,2023-09-01,10824.44,10824.44,222.4,66.48,0.0,False,0.882,0.528,132.01,False,True,False
KL_0247,Kozhikode,Feroke,Kizhakkavu,11.304968,75.932183,urban,82,0.66,True,2023,10,2023-10-01,14949.53,14949.53,228.1,83.68,0.0,False,0.789,0.7292,182.31,False,False,False
KL_0247,Kozhikode,Feroke,Kizhakkavu,11.304968,75.932183,urban,82,0.66,True,2023,11,2023-11-01,23827.22,23827.22,231.3,148.25,0.0,False,0.866,1.1623,290.58,False,False,False
KL_0247,Kozhikode,Feroke,Kizhakkavu,11.304968,75.932183,urban,82,0.66,True,2023,12,2023-12-01,12737.52,12737.52,220.1,78.79,0.0,False,0.923,0.6213,155.34,False,False,True
KL_0247,Kozhikode,Feroke,Kizhakkavu,11.304968,75.932183,urban,82,0.66,True,2024,1,2024-01-01,13131.28,13131.28,238.6,77.58,0.0,False,0.875,0.6406,160.14,False,False,True
KL_0247,Kozhikode,Feroke,Kizhakkavu,11.304968,75.932183,urban,82,0.66,True,2024,2,2024-02-01,14598.92,14598.92,215.4,92.87,0.0,False,0.909,0.7121,178.04,False,False,True
KL_0247,Kozhikode,Feroke,Kizhakkavu,11.304968,75.932183,urban,82,0.66,True,2024,3,2024-03-01,12455.48,12455.48,221.7,71.12,0.0,False,0.899,0.6076,151.9,True,False,False
KL_0247,Kozhikode,Feroke,Kizhakkavu,11.304968,75.932183,urban,82,0.66,True,2024,4,2024-04-01,17258.36,17258.36,221.9,101.47,0.0,False,0.793,0.8419,210.47,True,False,False
KL_0247,Kozhikode,Feroke,Kizhakkavu,11.304968,75.932183,urban,82,0.66,True,2024,5,2024-05-01,18259.46,18259.46,226.8,121.32,0.0,False,0.939,0.8907,222.68,True,False,False
KL_0247,Kozhikode,Feroke,Kizhakkavu,11.304968,75.932183,urban,82,0.66,True,2024,6,2024-06-01,18344.06,18344.06,240.4,99.12,0.0,False,0.913,0.8948,223.71,False,True,False
KL_0247,Kozhikode,Feroke,Kizhakkavu,11.304968,75.932183,urban,82,0.66,True,2024,7,2024-07-01,19630.25,19630.25,225.4,117.54,0.0,False,0.836,0.9576,239.39,False,True,False
KL_0247,Kozhikode,Feroke,Kizhakkavu,11.304968,75.932183,urban,82,0.66,True,2024,8,2024-08-01,16826.87,16826.87,216.2,97.35,0.0,False,0.915,0.8208,205.21,False,True,False
KL_0247,Kozhikode,Feroke,Kizhakkavu,11.304968,75.932183,urban,82,0.66,True,2024,9,2024-09-01,14710.87,14710.87,225.1,83.65,0.0,False,0.844,0.7176,179.4,False,True,False
KL_0247,Kozhikode,Feroke,Kizhakkavu,11.304968,75.932183,urban,82,0.66,True,2024,10,2024-10-01,22242.91,22242.91,233.9,124.61,0.0,False,0.846,1.085,271.26,False,False,False
KL_0247,Kozhikode,Feroke,Kizhakkavu,11.304968,75.932183,urban,82,0.66,True,2024,11,2024-11-01,8324.14,8324.14,219.0,47.9,0.0,False,0.805,0.4061,101.51,False,False,False
KL_0247,Kozhikode,Feroke,Kizhakkavu,11.304968,75.932183,urban,82,0.66,True,2024,12,2024-12-01,14766.68,14766.68,230.3,84.61,0.0,False,0.798,0.7203,180.08,False,False,True
KL_0248,Ernakulam,Angamaly,Vadakkemukku,9.954958,76.330482,rural,164,19.41,False,2023,1,2023-01-01,8959.98,8959.98,236.2,48.56,0.0,False,0.857,0.2185,54.63,False,False,True
KL_0248,Ernakulam,Angamaly,Vadakkemukku,9.954958,76.330482,rural,164,19.41,False,2023,2,2023-02-01,7563.9,7563.9,237.6,44.0,0.0,False,0.837,0.1845,46.12,False,False,True
KL_0248,Ernakulam,Angamaly,Vadakkemukku,9.954958,76.330482,rural,164,19.41,False,2023,3,2023-03-01,18248.28,18248.28,213.4,120.36,0.0,False,0.776,0.4451,111.27,True,False,False
KL_0248,Ernakulam,Angamaly,Vadakkemukku,9.954958,76.330482,rural,164,19.41,False,2023,4,2023-04-01,6509.78,6509.78,238.4,34.73,0.0,False,0.868,0.1588,39.69,True,False,False
KL_0248,Ernakulam,Angamaly,Vadakkemukku,9.954958,76.330482,rural,164,19.41,False,2023,5,2023-05-01,27086.96,27086.96,218.7,160.39,0.0,False,0.876,0.6607,165.16,True,False,False
KL_0248,Ernakulam,Angamaly,Vadakkemukku,9.954958,76.330482,rural,164,19.41,False,2023,6,2023-06-01,19144.56,19144.56,219.5,129.69,0.0,False,0.865,0.4669,116.74,False,True,False
KL_0248,Ernakulam,Angamaly,Vadakkemukku,9.954958,76.330482,rural,164,19.41,False,2023,7,2023-07-01,12595.91,12595.91,243.6,77.97,0.0,False,0.865,0.3072,76.8,False,True,False
KL_0248,Ernakulam,Angamaly,Vadakkemukku,9.954958,76.330482,rural,164,19.41,False,2023,8,2023-08-01,7256.23,7256.23,241.8,38.08,0.0,False,0.87,0.177,44.25,False,True,False
KL_0248,Ernakulam,Angamaly,Vadakkemukku,9.954958,76.330482,rural,164,19.41,False,2023,9,2023-09-01,11276.63,11276.63,217.2,67.57,0.0,False,0.858,0.275,68.76,False,True,False
KL_0248,Ernakulam,Angamaly,Vadakkemukku,9.954958,76.330482,rural,164,19.41,False,2023,10,2023-10-01,18220.37,18220.37,242.0,114.57,0.0,False,0.867,0.4444,111.1,False,False,False
KL_0248,Ernakulam,Angamaly,Vadakkemukku,9.954958,76.330482,rural,164,19.41,False,2023,11,2023-11-01,23776.42,23776.42,235.7,141.0,0.0,False,0.875,0.5799,144.98,False,False,False
KL_0248,Ernakulam,Angamaly,Vadakkemukku,9.954958,76.330482,rural,164,19.41,False,2023,12,2023-12-01,19333.87,19333.87,226.3,118.48,0.0,False,0.821,0.4716,117.89,False,False,True
KL_0248,Ernakulam,Angamaly,Vadakkemukku,9.954958,76.330482,rural,164,19.41,False,2024,1,2024-01-01,13210.46,13210.46,227.2,88.25,0.0,False,0.787,0.3222,80.55,False,False,True
KL_0248,Ernakulam,Angamaly,Vadakkemukku,9.954958,76.330482,rural,164,19.41,False,2024,2,2024-02-01,15612.79,15612.79,235.4,91.57,0.0,False,0.866,0.3808,95.2,False,False,True
KL_0248,Ernakulam,Angamaly,Vadakkemukku,9.954958,76.330482,rural,164,19.41,False,2024,3,2024-03-01,7411.58,7411.58,250.9,40.94,0.0,False,0.858,0.1808,45.19,True,False,False
KL_0248,Ernakulam,Angamaly,Vadakkemukku,9.954958,76.330482,rural,164,19.41,False,2024,4,2024-04-01,7689.12,7689.12,215.1,47.99,0.0,False,0.873,0.1875,46.88,True,False,False
KL_0248,Ernakulam,Angamaly,Vadakkemukku,9.954958,76.330482,rural,164,19.41,False,2024,5,2024-05-01,14381.22,14381.22,220.8,92.36,0.0,False,0.907,0.3508,87.69,True,False,False
KL_0248,Ernakulam,Angamaly,Vadakkemukku,9.954958,76.330482,rural,164,19.41,False,2024,6,2024-06-01,11385.9,11385.9,222.7,67.17,0.0,False,0.848,0.2777,69.43,False,True,False
KL_0248,Ernakulam,Angamaly,Vadakkemukku,9.954958,76.330482,rural,164,19.41,False,2024,7,2024-07-01,17365.24,17365.24,213.0,105.37,0.0,False,0.843,0.4235,105.89,False,True,False
KL_0248,Ernakulam,Angamaly,Vadakkemukku,9.954958,76.330482,rural,164,19.41,False,2024,8,2024-08-01,8714.45,8714.45,204.4,62.53,0.0,False,0.873,0.2125,53.14,False,True,False
KL_0248,Ernakulam,Angamaly,Vadakkemukku,9.954958,76.330482,rural,164,19.41,False,2024,9,2024-09-01,7652.77,7652.77,229.1,46.82,0.0,False,0.799,0.1867,46.66,False,True,False
KL_0248,Ernakulam,Angamaly,Vadakkemukku,9.954958,76.330482,rural,164,19.41,False,2024,10,2024-10-01,11621.95,11621.95,224.0,71.92,0.0,False,0.852,0.2835,70.87,False,False,False
KL_0248,Ernakulam,Angamaly,Vadakkemukku,9.954958,76.330482,rural,164,19.41,False,2024,11,2024-11-01,14795.58,14795.58,232.1,94.95,0.0,False,0.845,0.3609,90.22,False,False,False
KL_0248,Ernakulam,Angamaly,Vadakkemukku,9.954958,76.330482,rural,164,19.41,False,2024,12,2024-12-01,19810.05,19810.05,220.7,126.04,0.0,False,0.894,0.4832,120.79,False,False,True
KL_0249,Kasaragod,Nileshwar,Nallakunnu,12.35206,75.055178,urban,96,3.79,False,2023,1,2023-01-01,15533.59,15533.59,234.7,96.35,0.0,False,0.827,0.6472,161.81,False,False,True
KL_0249,Kasaragod,Nileshwar,Nallakunnu,12.35206,75.055178,urban,96,3.79,False,2023,2,2023-02-01,15912.46,15912.46,219.7,101.41,0.0,False,0.855,0.663,165.75,False,False,True
KL_0249,Kasaragod,Nileshwar,Nallakunnu,12.35206,75.055178,urban,96,3.79,False,2023,3,2023-03-01,11100.52,11100.52,214.9,76.89,0.0,False,0.842,0.4625,115.63,True,False,False
KL_0249,Kasaragod,Nileshwar,Nallakunnu,12.35206,75.055178,urban,96,3.79,False,2023,4,2023-04-01,18194.4,18194.4,226.1,107.18,0.0,False,0.726,0.7581,189.52,True,False,False
KL_0249,Kasaragod,Nileshwar,Nallakunnu,12.35206,75.055178,urban,96,3.79,False,2023,5,2023-05-01,20810.54,20810.54,223.7,138.37,0.0,False,0.824,0.8671,216.78,True,False,False
KL_0249,Kasaragod,Nileshwar,Nallakunnu,12.35206,75.055178,urban,96,3.79,False,2023,6,2023-06-01,9411.64,9411.64,221.5,56.08,0.0,False,0.85,0.3922,98.04,False,True,False
KL_0249,Kasaragod,Nileshwar,Nallakunnu,12.35206,75.055178,urban,96,3.79,False,2023,7,2023-07-01,17212.59,17212.59,210.8,107.93,0.0,False,0.805,0.7172,179.3,False,True,False
KL_0249,Kasaragod,Nileshwar,Nallakunnu,12.35206,75.055178,urban,96,3.79,False,2023,8,2023-08-01,12561.27,12561.27,214.1,88.12,0.0,False,0.844,0.5234,130.85,False,True,False
KL_0249,Kasaragod,Nileshwar,Nallakunnu,12.35206,75.055178,urban,96,3.79,False,2023,9,2023-09-01,17932.18,17932.18,233.4,106.21,0.0,False,0.917,0.7472,186.79,False,True,False
KL_0249,Kasaragod,Nileshwar,Nallakunnu,12.35206,75.055178,urban,96,3.79,False,2023,10,2023-10-01,22369.81,22369.81,234.6,123.21,0.0,False,0.898,0.9321,233.02,False,False,False
KL_0249,Kasaragod,Nileshwar,Nallakunnu,12.35206,75.055178,urban,96,3.79,False,2023,11,2023-11-01,23376.82,23376.82,233.9,143.71,0.0,False,0.757,0.974,243.51,False,False,False
KL_0249,Kasaragod,Nileshwar,Nallakunnu,12.35206,75.055178,urban,96,3.79,False,2023,12,2023-12-01,13402.94,13402.94,213.0,87.19,0.0,False,0.888,0.5585,139.61,False,False,True
KL_0249,Kasaragod,Nileshwar,Nallakunnu,12.35206,75.055178,urban,96,3.79,False,2024,1,2024-01-01,23125.86,23125.86,246.3,142.25,0.0,False,0.878,0.9636,240.89,False,False,True
KL_0249,Kasaragod,Nileshwar,Nallakunnu,12.35206,75.055178,urban,96,3.79,False,2024,2,2024-02-01,19562.56,19562.56,241.1,122.41,0.0,False,0.845,0.8151,203.78,False,False,True
KL_0249,Kasaragod,Nileshwar,Nallakunnu,12.35206,75.055178,urban,96,3.79,False,2024,3,2024-03-01,20977.76,20977.76,221.1,132.29,0.0,False,0.733,0.8741,218.52,True,False,False
KL_0249,Kasaragod,Nileshwar,Nallakunnu,12.35206,75.055178,urban,96,3.79,False,2024,4,2024-04-01,15700.63,15700.63,227.3,98.33,0.0,False,0.889,0.6542,163.55,True,False,False
KL_0249,Kasaragod,Nileshwar,Nallakunnu,12.35206,75.055178,urban,96,3.79,False,2024,5,2024-05-01,28019.67,28019.67,239.9,157.3,0.0,False,0.829,1.1675,291.87,True,False,False
KL_0249,Kasaragod,Nileshwar,Nallakunnu,12.35206,75.055178,urban,96,3.79,False,2024,6,2024-06-01,23703.85,23703.85,227.2,154.68,0.0,False,0.861,0.9877,246.92,False,True,False
KL_0249,Kasaragod,Nileshwar,Nallakunnu,12.35206,75.055178,urban,96,3.79,False,2024,7,2024-07-01,16248.71,16248.71,216.4,100.11,0.0,False,0.802,0.677,169.26,False,True,False
KL_0249,Kasaragod,Nileshwar,Nallakunnu,12.35206,75.055178,urban,96,3.79,False,2024,8,2024-08-01,18001.73,18001.73,238.1,94.76,0.0,False,0.813,0.7501,187.52,False,True,False
KL_0249,Kasaragod,Nileshwar,Nallakunnu,12.35206,75.055178,urban,96,3.79,False,2024,9,2024-09-01,8132.28,8132.28,249.9,48.52,0.0,False,0.897,0.3388,84.71,False,True,False
KL_0249,Kasaragod,Nileshwar,Nallakunnu,12.35206,75.055178,urban,96,3.79,False,2024,10,2024-10-01,17724.84,17724.84,229.2,103.86,0.0,False,0.931,0.7385,184.63,False,False,False
KL_0249,Kasaragod,Nileshwar,Nallakunnu,12.35206,75.055178,urban,96,3.79,False,2024,11,2024-11-01,18480.27,18480.27,231.8,101.97,0.0,False,0.829,0.77,192.5,False,False,False
KL_0249,Kasaragod,Nileshwar,Nallakunnu,12.35206,75.055178,urban,96,3.79,False,2024,12,2024-12-01,17528.54,17528.54,225.3,103.54,0.0,False,0.926,0.7304,182.59,False,False,True
KL_0250,Kollam,Paravur,Kottakavu,9.008353,76.579553,urban,172,2.28,False,2023,1,2023-01-01,37290.86,37290.86,231.7,215.72,0.0,False,0.829,0.8672,216.81,False,False,True
KL_0250,Kollam,Paravur,Kottakavu,9.008353,76.579553,urban,172,2.28,False,2023,2,2023-02-01,41556.27,41556.27,234.9,253.33,0.0,False,0.828,0.9664,241.61,False,False,True
KL_0250,Kollam,Paravur,Kottakavu,9.008353,76.579553,urban,172,2.28,False,2023,3,2023-03-01,37183.15,37183.15,217.5,228.19,0.0,False,0.779,0.8647,216.18,True,False,False
KL_0250,Kollam,Paravur,Kottakavu,9.008353,76.579553,urban,172,2.28,False,2023,4,2023-04-01,46371.58,46371.58,220.3,305.21,0.0,False,0.875,1.0784,269.6,True,False,False
KL_0250,Kollam,Paravur,Kottakavu,9.008353,76.579553,urban,172,2.28,False,2023,5,2023-05-01,49523.64,49523.64,226.0,311.26,0.0,False,0.84,1.1517,287.93,True,False,False
KL_0250,Kollam,Paravur,Kottakavu,9.008353,76.579553,urban,172,2.28,False,2023,6,2023-06-01,17192.21,17192.21,216.6,119.66,0.0,False,0.843,0.3998,99.95,False,True,False
KL_0250,Kollam,Paravur,Kottakavu,9.008353,76.579553,urban,172,2.28,False,2023,7,2023-07-01,35355.08,35355.08,215.5,210.21,0.0,False,0.831,0.8222,205.55,False,True,False
KL_0250,Kollam,Paravur,Kottakavu,9.008353,76.579553,urban,172,2.28,False,2023,8,2023-08-01,39651.59,39651.59,220.9,225.19,0.0,False,0.8,0.9221,230.53,False,True,False
KL_0250,Kollam,Paravur,Kottakavu,9.008353,76.579553,urban,172,2.28,False,2023,9,2023-09-01,35828.84,35828.84,216.4,245.25,0.0,False,0.881,0.8332,208.31,False,True,False
KL_0250,Kollam,Paravur,Kottakavu,9.008353,76.579553,urban,172,2.28,False,2023,10,2023-10-01,55564.4,55564.4,218.4,366.35,0.0,False,0.847,1.2922,323.05,False,False,False
KL_0250,Kollam,Paravur,Kottakavu,9.008353,76.579553,urban,172,2.28,False,2023,11,2023-11-01,30176.34,30176.34,230.7,197.98,0.0,False,0.89,0.7018,175.44,False,False,False
KL_0250,Kollam,Paravur,Kottakavu,9.008353,76.579553,urban,172,2.28,False,2023,12,2023-12-01,26631.64,26631.64,227.1,167.58,0.0,False,0.803,0.6193,154.84,False,False,True
KL_0250,Kollam,Paravur,Kottakavu,9.008353,76.579553,urban,172,2.28,False,2024,1,2024-01-01,27328.69,27328.69,240.1,157.84,0.0,False,0.862,0.6356,158.89,False,False,True
KL_0250,Kollam,Paravur,Kottakavu,9.008353,76.579553,urban,172,2.28,False,2024,2,2024-02-01,19800.35,19800.35,221.3,121.07,0.0,False,0.957,0.4605,115.12,False,False,True
KL_0250,Kollam,Paravur,Kottakavu,9.008353,76.579553,urban,172,2.28,False,2024,3,2024-03-01,33832.13,33832.13,217.0,215.52,0.0,False,0.814,0.7868,196.7,True,False,False
KL_0250,Kollam,Paravur,Kottakavu,9.008353,76.579553,urban,172,2.28,False,2024,4,2024-04-01,27258.56,27258.56,236.2,145.45,0.0,False,0.826,0.6339,158.48,True,False,False
KL_0250,Kollam,Paravur,Kottakavu,9.008353,76.579553,urban,172,2.28,False,2024,5,2024-05-01,45727.5,45727.5,240.2,275.22,0.0,False,0.825,1.0634,265.86,True,False,False
KL_0250,Kollam,Paravur,Kottakavu,9.008353,76.579553,urban,172,2.28,False,2024,6,2024-06-01,34795.87,34795.87,232.4,204.86,0.0,False,0.798,0.8092,202.3,False,True,False
KL_0250,Kollam,Paravur,Kottakavu,9.008353,76.579553,urban,172,2.28,False,2024,7,2024-07-01,42962.58,42962.58,238.4,275.28,0.0,False,0.933,0.9991,249.78,False,True,False
KL_0250,Kollam,Paravur,Kottakavu,9.008353,76.579553,urban,172,2.28,False,2024,8,2024-08-01,29519.54,29519.54,231.3,176.34,0.0,False,0.735,0.6865,171.63,False,True,False
KL_0250,Kollam,Paravur,Kottakavu,9.008353,76.579553,urban,172,2.28,False,2024,9,2024-09-01,35599.65,35599.65,235.9,215.58,0.0,False,0.789,0.8279,206.97,False,True,False
KL_0250,Kollam,Paravur,Kottakavu,9.008353,76.579553,urban,172,2.28,False,2024,10,2024-10-01,42095.86,42095.86,234.2,273.09,0.0,False,0.873,0.979,244.74,False,False,False
KL_0250,Kollam,Paravur,Kottakavu,9.008353,76.579553,urban,172,2.28,False,2024,11,2024-11-01,38711.23,38711.23,212.3,257.26,0.0,False,0.813,0.9003,225.07,False,False,False
KL_0250,Kollam,Paravur,Kottakavu,9.008353,76.579553,urban,172,2.28,False,2024,12,2024-12-01,27747.34,27747.34,225.1,155.2,0.0,False,0.848,0.6453,161.32,False,False,True
KL_0251,Kollam,Kollam,Kizhakkunnu,8.983826,76.591142,rural,68,11.59,False,2023,1,2023-01-01,5421.74,5421.74,213.6,36.48,0.0,False,0.849,0.3189,79.73,False,False,True
KL_0251,Kollam,Kollam,Kizhakkunnu,8.983826,76.591142,rural,68,11.59,False,2023,2,2023-02-01,5715.78,5715.78,243.5,30.8,0.0,False,0.875,0.3362,84.06,False,False,True
KL_0251,Kollam,Kollam,Kizhakkunnu,8.983826,76.591142,rural,68,11.59,False,2023,3,2023-03-01,4258.8,4258.8,220.4,24.24,0.0,False,0.854,0.2505,62.63,True,False,False
KL_0251,Kollam,Kollam,Kizhakkunnu,8.983826,76.591142,rural,68,11.59,False,2023,4,2023-04-01,8986.9,8986.9,223.9,61.17,0.0,False,0.831,0.5286,132.16,True,False,False
KL_0251,Kollam,Kollam,Kizhakkunnu,8.983826,76.591142,rural,68,11.59,False,2023,5,2023-05-01,9185.36,9185.36,213.1,58.64,0.0,False,0.856,0.5403,135.08,True,False,False
KL_0251,Kollam,Kollam,Kizhakkunnu,8.983826,76.591142,rural,68,11.59,False,2023,6,2023-06-01,5935.74,5935.74,226.7,33.8,0.0,False,0.841,0.3492,87.29,False,True,False
KL_0251,Kollam,Kollam,Kizhakkunnu,8.983826,76.591142,rural,68,11.59,False,2023,7,2023-07-01,8420.27,8420.27,221.4,56.63,0.0,False,0.935,0.4953,123.83,False,True,False
KL_0251,Kollam,Kollam,Kizhakkunnu,8.983826,76.591142,rural,68,11.59,False,2023,8,2023-08-01,3848.28,3848.28,221.4,25.94,0.0,False,0.821,0.2264,56.59,False,True,False
KL_0251,Kollam,Kollam,Kizhakkunnu,8.983826,76.591142,rural,68,11.59,False,2023,9,2023-09-01,6760.69,6760.69,237.3,36.53,0.0,False,0.878,0.3977,99.42,False,True,False
KL_0251,Kollam,Kollam,Kizhakkunnu,8.983826,76.591142,rural,68,11.59,False,2023,10,2023-10-01,5836.45,5836.45,216.8,40.43,0.0,False,0.896,0.3433,85.83,False,False,False
KL_0251,Kollam,Kollam,Kizhakkunnu,8.983826,76.591142,rural,68,11.59,False,2023,11,2023-11-01,8324.2,8324.2,220.6,54.44,0.0,False,0.784,0.4897,122.41,False,False,False
KL_0251,Kollam,Kollam,Kizhakkunnu,8.983826,76.591142,rural,68,11.59,False,2023,12,2023-12-01,3730.1,3730.1,222.7,21.68,0.0,False,0.794,0.2194,54.85,False,False,True
KL_0251,Kollam,Kollam,Kizhakkunnu,8.983826,76.591142,rural,68,11.59,False,2024,1,2024-01-01,3895.65,3895.65,223.8,26.55,0.0,False,0.947,0.2292,57.29,False,False,True
KL_0251,Kollam,Kollam,Kizhakkunnu,8.983826,76.591142,rural,68,11.59,False,2024,2,2024-02-01,4447.31,4447.31,238.7,27.03,0.0,False,0.816,0.2616,65.4,False,False,True
KL_0251,Kollam,Kollam,Kizhakkunnu,8.983826,76.591142,rural,68,11.59,False,2024,3,2024-03-01,6623.78,6623.78,221.7,38.09,0.0,False,0.851,0.3896,97.41,True,False,False
KL_0251,Kollam,Kollam,Kizhakkunnu,8.983826,76.591142,rural,68,11.59,False,2024,4,2024-04-01,5512.89,5512.89,223.5,37.61,0.0,False,0.841,0.3243,81.07,True,False,False
KL_0251,Kollam,Kollam,Kizhakkunnu,8.983826,76.591142,rural,68,11.59,False,2024,5,2024-05-01,5853.85,5853.85,206.3,38.78,0.0,False,0.848,0.3443,86.09,True,False,False
KL_0251,Kollam,Kollam,Kizhakkunnu,8.983826,76.591142,rural,68,11.59,False,2024,6,2024-06-01,7282.37,7282.37,238.0,39.08,0.0,False,0.831,0.4284,107.09,False,True,False
KL_0251,Kollam,Kollam,Kizhakkunnu,8.983826,76.591142,rural,68,11.59,False,2024,7,2024-07-01,4400.45,4400.45,222.1,27.08,0.0,False,0.856,0.2588,64.71,False,True,False
KL_0251,Kollam,Kollam,Kizhakkunnu,8.983826,76.591142,rural,68,11.59,False,2024,8,2024-08-01,7915.7,7915.7,226.6,52.03,0.0,False,0.809,0.4656,116.41,False,True,False
KL_0251,Kollam,Kollam,Kizhakkunnu,8.983826,76.591142,rural,68,11.59,False,2024,9,2024-09-01,6325.82,6325.82,240.0,33.72,0.0,False,0.839,0.3721,93.03,False,True,False
KL_0251,Kollam,Kollam,Kizhakkunnu,8.983826,76.591142,rural,68,11.59,False,2024,10,2024-10-01,8661.89,8661.89,240.5,52.71,0.0,False,0.751,0.5095,127.38,False,False,False
KL_0251,Kollam,Kollam,Kizhakkunnu,8.983826,76.591142,rural,68,11.59,False,2024,11,2024-11-01,5742.67,5742.67,227.2,38.03,0.0,False,0.844,0.3378,84.45,False,False,False
KL_0251,Kollam,Kollam,Kizhakkunnu,8.983826,76.591142,rural,68,11.59,False,2024,12,2024-12-01,4014.47,4014.47,245.8,20.81,0.0,False,0.867,0.2361,59.04,False,False,True
KL_0252,Kasaragod,Kanhangad,Padamvayal,12.526357,75.071813,semi-urban,35,8.94,False,2023,1,2023-01-01,3599.46,3599.46,217.5,21.49,0.0,False,0.898,0.4114,102.84,False,False,True
KL_0252,Kasaragod,Kanhangad,Padamvayal,12.526357,75.071813,semi-urban,35,8.94,False,2023,2,2023-02-01,2561.53,2561.53,214.9,15.42,0.0,False,0.907,0.2927,73.19,False,False,True
KL_0252,Kasaragod,Kanhangad,Padamvayal,12.526357,75.071813,semi-urban,35,8.94,False,2023,3,2023-03-01,6429.02,6429.02,235.9,40.11,0.0,False,0.831,0.7347,183.69,True,False,False
KL_0252,Kasaragod,Kanhangad,Padamvayal,12.526357,75.071813,semi-urban,35,8.94,False,2023,4,2023-04-01,6172.34,6172.34,229.2,36.24,0.0,False,0.892,0.7054,176.35,True,False,False
KL_0252,Kasaragod,Kanhangad,Padamvayal,12.526357,75.071813,semi-urban,35,8.94,False,2023,5,2023-05-01,4231.27,4231.27,230.1,25.97,0.0,False,0.792,0.4836,120.89,True,False,False
KL_0252,Kasaragod,Kanhangad,Padamvayal,12.526357,75.071813,semi-urban,35,8.94,False,2023,6,2023-06-01,7307.2,7307.2,222.8,45.02,0.0,False,0.824,0.8351,208.78,False,True,False
KL_0252,Kasaragod,Kanhangad,Padamvayal,12.526357,75.071813,semi-urban,35,8.94,False,2023,7,2023-07-01,4176.67,4176.67,234.1,24.41,0.0,False,0.931,0.4773,119.33,False,True,False
KL_0252,Kasaragod,Kanhangad,Padamvayal,12.526357,75.071813,semi-urban,35,8.94,False,2023,8,2023-08-01,6022.03,6022.03,225.8,36.66,0.0,False,0.859,0.6882,172.06,False,True,False
KL_0252,Kasaragod,Kanhangad,Padamvayal,12.526357,75.071813,semi-urban,35,8.94,False,2023,9,2023-09-01,4542.01,4542.01,237.7,29.14,0.0,False,0.862,0.5191,129.77,False,True,False
KL_0252,Kasaragod,Kanhangad,Padamvayal,12.526357,75.071813,semi-urban,35,8.94,False,2023,10,2023-10-01,6690.17,6690.17,232.8,39.08,0.0,False,0.841,0.7646,191.15,False,False,False
KL_0252,Kasaragod,Kanhangad,Padamvayal,12.526357,75.071813,semi-urban,35,8.94,False,2023,11,2023-11-01,4686.2,4686.2,221.3,31.41,0.0,False,0.943,0.5356,133.89,False,False,False
KL_0252,Kasaragod,Kanhangad,Padamvayal,12.526357,75.071813,semi-urban,35,8.94,False,2023,12,2023-12-01,4433.17,4433.17,230.9,28.46,0.0,False,0.877,0.5066,126.66,False,False,True
KL_0252,Kasaragod,Kanhangad,Padamvayal,12.526357,75.071813,semi-urban,35,8.94,False,2024,1,2024-01-01,2861.09,2861.09,231.1,17.83,0.0,False,0.924,0.327,81.75,False,False,True
KL_0252,Kasaragod,Kanhangad,Padamvayal,12.526357,75.071813,semi-urban,35,8.94,False,2024,2,2024-02-01,5865.01,5865.01,221.4,37.01,0.0,False,0.82,0.6703,167.57,False,False,True
KL_0252,Kasaragod,Kanhangad,Padamvayal,12.526357,75.071813,semi-urban,35,8.94,False,2024,3,2024-03-01,3615.77,3615.77,230.0,20.05,0.0,False,0.801,0.4132,103.31,True,False,False
KL_0252,Kasaragod,Kanhangad,Padamvayal,12.526357,75.071813,semi-urban,35,8.94,False,2024,4,2024-04-01,5353.55,5353.55,216.0,37.55,0.0,False,0.812,0.6118,152.96,True,False,False
KL_0252,Kasaragod,Kanhangad,Padamvayal,12.526357,75.071813,semi-urban,35,8.94,False,2024,5,2024-05-01,7747.39,7747.39,219.7,50.2,0.0,False,0.881,0.8854,221.35,True,False,False
KL_0252,Kasaragod,Kanhangad,Padamvayal,12.526357,75.071813,semi-urban,35,8.94,False,2024,6,2024-06-01,3087.36,3087.36,223.7,18.42,0.0,False,0.932,0.3528,88.21,False,True,False
KL_0252,Kasaragod,Kanhangad,Padamvayal,12.526357,75.071813,semi-urban,35,8.94,False,2024,7,2024-07-01,4998.45,4998.45,229.0,32.07,0.0,False,0.887,0.5713,142.81,False,True,False
KL_0252,Kasaragod,Kanhangad,Padamvayal,12.526357,75.071813,semi-urban,35,8.94,False,2024,8,2024-08-01,4091.81,4091.81,225.7,26.5,0.0,False,0.894,0.4676,116.91,False,True,False
KL_0252,Kasaragod,Kanhangad,Padamvayal,12.526357,75.071813,semi-urban,35,8.94,False,2024,9,2024-09-01,5212.21,5212.21,229.3,30.76,0.0,False,0.859,0.5957,148.92,False,True,False
KL_0252,Kasaragod,Kanhangad,Padamvayal,12.526357,75.071813,semi-urban,35,8.94,False,2024,10,2024-10-01,4321.67,4321.67,227.4,27.25,0.0,False,0.786,0.4939,123.48,False,False,False
KL_0252,Kasaragod,Kanhangad,Padamvayal,12.526357,75.071813,semi-urban,35,8.94,False,2024,11,2024-11-01,2761.39,2761.39,230.2,17.99,0.0,False,0.951,0.3156,78.9,False,False,False
KL_0252,Kasaragod,Kanhangad,Padamvayal,12.526357,75.071813,semi-urban,35,8.94,False,2024,12,2024-12-01,6764.65,6764.65,233.7,36.25,0.0,False,0.883,0.7731,193.28,False,False,True
KL_0253,Pathanamthitta,Mallappally,Manjakavu,9.513809,76.902399,rural,83,24.56,False,2023,1,2023-01-01,5295.18,5295.18,210.9,36.8,0.0,False,0.876,0.2552,63.8,False,False,True
KL_0253,Pathanamthitta,Mallappally,Manjakavu,9.513809,76.902399,rural,83,24.56,False,2023,2,2023-02-01,3499.35,3499.35,234.4,21.22,0.0,False,0.894,0.1686,42.16,False,False,True
KL_0253,Pathanamthitta,Mallappally,Manjakavu,9.513809,76.902399,rural,83,24.56,False,2023,3,2023-03-01,3010.44,3010.44,253.9,15.87,0.0,False,0.764,0.1451,36.27,True,False,False
KL_0253,Pathanamthitta,Mallappally,Manjakavu,9.513809,76.902399,rural,83,24.56,False,2023,4,2023-04-01,13926.99,13926.99,233.1,83.57,0.0,False,0.825,0.6712,167.8,True,False,False
KL_0253,Pathanamthitta,Mallappally,Manjakavu,9.513809,76.902399,rural,83,24.56,False,2023,5,2023-05-01,8939.34,8939.34,235.3,47.92,0.0,False,0.881,0.4308,107.7,True,False,False
KL_0253,Pathanamthitta,Mallappally,Manjakavu,9.513809,76.902399,rural,83,24.56,False,2023,6,2023-06-01,4706.44,4706.44,223.0,26.56,0.0,False,0.843,0.2268,56.7,False,True,False
KL_0253,Pathanamthitta,Mallappally,Manjakavu,9.513809,76.902399,rural,83,24.56,False,2023,7,2023-07-01,3362.64,3362.64,238.8,18.82,0.0,False,0.846,0.1621,40.51,False,True,False
KL_0253,Pathanamthitta,Mallappally,Manjakavu,9.513809,76.902399,rural,83,24.56,False,2023,8,2023-08-01,9612.39,9612.39,244.3,55.85,0.0,False,0.914,0.4632,115.81,False,True,False
KL_0253,Pathanamthitta,Mallappally,Manjakavu,9.513809,76.902399,rural,83,24.56,False,2023,9,2023-09-01,8955.57,8955.57,228.8,59.66,0.0,False,0.856,0.4316,107.9,False,True,False
KL_0253,Pathanamthitta,Mallappally,Manjakavu,9.513809,76.902399,rural,83,24.56,False,2023,10,2023-10-01,6241.8,6241.8,233.5,38.66,0.0,False,0.969,0.3008,75.2,False,False,False
KL_0253,Pathanamthitta,Mallappally,Manjakavu,9.513809,76.902399,rural,83,24.56,False,2023,11,2023-11-01,7078.09,7078.09,222.3,42.67,0.0,False,0.848,0.3411,85.28,False,False,False
KL_0253,Pathanamthitta,Mallappally,Manjakavu,9.513809,76.902399,rural,83,24.56,False,2023,12,2023-12-01,8053.15,8053.15,234.4,47.75,0.0,False,0.89,0.3881,97.03,False,False,True
KL_0253,Pathanamthitta,Mallappally,Manjakavu,9.513809,76.902399,rural,83,24.56,False,2024,1,2024-01-01,6649.14,6649.14,227.9,38.78,0.0,False,0.874,0.3204,80.11,False,False,True
KL_0253,Pathanamthitta,Mallappally,Manjakavu,9.513809,76.902399,rural,83,24.56,False,2024,2,2024-02-01,5643.01,5643.01,232.5,33.45,0.0,False,0.821,0.272,67.99,False,False,True
KL_0253,Pathanamthitta,Mallappally,Manjakavu,9.513809,76.902399,rural,83,24.56,False,2024,3,2024-03-01,5100.88,5100.88,228.7,30.97,0.0,False,0.798,0.2458,61.46,True,False,False
KL_0253,Pathanamthitta,Mallappally,Manjakavu,9.513809,76.902399,rural,83,24.56,False,2024,4,2024-04-01,7427.31,7427.31,214.6,47.7,0.0,False,0.852,0.3579,89.49,True,False,False
KL_0253,Pathanamthitta,Mallappally,Manjakavu,9.513809,76.902399,rural,83,24.56,False,2024,5,2024-05-01,8442.9,8442.9,213.4,56.89,0.0,False,0.946,0.4069,101.72,True,False,False
KL_0253,Pathanamthitta,Mallappally,Manjakavu,9.513809,76.902399,rural,83,24.56,False,2024,6,2024-06-01,6481.9,6481.9,242.1,36.43,0.0,False,0.83,0.3124,78.1,False,True,False
KL_0253,Pathanamthitta,Mallappally,Manjakavu,9.513809,76.902399,rural,83,24.56,False,2024,7,2024-07-01,7794.65,7794.65,224.3,47.65,0.0,False,0.876,0.3756,93.91,False,True,False
KL_0253,Pathanamthitta,Mallappally,Manjakavu,9.513809,76.902399,rural,83,24.56,False,2024,8,2024-08-01,5126.98,5126.98,224.1,29.11,0.0,False,0.837,0.2471,61.77,False,True,False
KL_0253,Pathanamthitta,Mallappally,Manjakavu,9.513809,76.902399,rural,83,24.56,False,2024,9,2024-09-01,7744.2,7744.2,234.3,41.43,0.0,False,0.861,0.3732,93.3,False,True,False
KL_0253,Pathanamthitta,Mallappally,Manjakavu,9.513809,76.902399,rural,83,24.56,False,2024,10,2024-10-01,10639.66,10639.66,243.1,56.11,0.0,False,0.907,0.5128,128.19,False,False,False
KL_0253,Pathanamthitta,Mallappally,Manjakavu,9.513809,76.902399,rural,83,24.56,False,2024,11,2024-11-01,8211.35,8211.35,237.8,49.68,0.0,False,0.856,0.3957,98.93,False,False,False
KL_0253,Pathanamthitta,Mallappally,Manjakavu,9.513809,76.902399,rural,83,24.56,False,2024,12,2024-12-01,4562.63,4562.63,214.8,27.67,0.0,False,0.819,0.2199,54.97,False,False,True
KL_0254,Thiruvananthapuram,Thiruvananthapuram,Puzhamoodu,8.524886,77.141948,rural,152,11.85,False,2023,1,2023-01-01,9753.06,9753.06,226.4,62.89,0.0,False,0.93,0.2567,64.16,False,False,True
KL_0254,Thiruvananthapuram,Thiruvananthapuram,Puzhamoodu,8.524886,77.141948,rural,152,11.85,False,2023,2,2023-02-01,9825.68,9825.68,214.5,61.12,0.0,False,0.82,0.2586,64.64,False,False,True
KL_0254,Thiruvananthapuram,Thiruvananthapuram,Puzhamoodu,8.524886,77.141948,rural,152,11.85,False,2023,3,2023-03-01,14954.59,14954.59,223.8,83.73,0.0,False,0.884,0.3935,98.39,True,False,False
KL_0254,Thiruvananthapuram,Thiruvananthapuram,Puzhamoodu,8.524886,77.141948,rural,152,11.85,False,2023,4,2023-04-01,12920.35,12920.35,224.5,81.06,0.0,False,0.775,0.34,85.0,True,False,False
KL_0254,Thiruvananthapuram,Thiruvananthapuram,Puzhamoodu,8.524886,77.141948,rural,152,11.85,False,2023,5,2023-05-01,23565.37,23565.37,235.8,125.37,0.0,False,0.914,0.6201,155.04,True,False,False
KL_0254,Thiruvananthapuram,Thiruvananthapuram,Puzhamoodu,8.524886,77.141948,rural,152,11.85,False,2023,6,2023-06-01,9189.66,9189.66,244.0,54.52,0.0,False,0.98,0.2418,60.46,False,True,False
KL_0254,Thiruvananthapuram,Thiruvananthapuram,Puzhamoodu,8.524886,77.141948,rural,152,11.85,False,2023,7,2023-07-01,13540.53,13540.53,213.4,88.56,0.0,False,0.849,0.3563,89.08,False,True,False
KL_0254,Thiruvananthapuram,Thiruvananthapuram,Puzhamoodu,8.524886,77.141948,rural,152,11.85,False,2023,8,2023-08-01,7584.69,7584.69,232.3,46.46,0.0,False,0.799,0.1996,49.9,False,True,False
KL_0254,Thiruvananthapuram,Thiruvananthapuram,Puzhamoodu,8.524886,77.141948,rural,152,11.85,False,2023,9,2023-09-01,10335.69,10335.69,216.9,67.24,0.0,False,0.888,0.272,68.0,False,True,False
KL_0254,Thiruvananthapuram,Thiruvananthapuram,Puzhamoodu,8.524886,77.141948,rural,152,11.85,False,2023,10,2023-10-01,12955.23,12955.23,239.7,80.27,0.0,False,0.855,0.3409,85.23,False,False,False
KL_0254,Thiruvananthapuram,Thiruvananthapuram,Puzhamoodu,8.524886,77.141948,rural,152,11.85,False,2023,11,2023-11-01,15747.77,15747.77,233.7,96.64,0.0,False,0.957,0.4144,103.6,False,False,False
KL_0254,Thiruvananthapuram,Thiruvananthapuram,Puzhamoodu,8.524886,77.141948,rural,152,11.85,False,2023,12,2023-12-01,13219.61,13219.61,221.5,84.18,0.0,False,0.82,0.3479,86.97,False,False,True
KL_0254,Thiruvananthapuram,Thiruvananthapuram,Puzhamoodu,8.524886,77.141948,rural,152,11.85,False,2024,1,2024-01-01,9431.78,9431.78,224.4,59.04,0.0,False,0.783,0.2482,62.05,False,False,True
KL_0254,Thiruvananthapuram,Thiruvananthapuram,Puzhamoodu,8.524886,77.141948,rural,152,11.85,False,2024,2,2024-02-01,7872.58,7872.58,238.1,43.51,0.0,False,0.865,0.2072,51.79,False,False,True
KL_0254,Thiruvananthapuram,Thiruvananthapuram,Puzhamoodu,8.524886,77.141948,rural,152,11.85,False,2024,3,2024-03-01,16867.32,16867.32,233.0,104.39,0.0,False,0.879,0.4439,110.97,True,False,False
KL_0254,Thiruvananthapuram,Thiruvananthapuram,Puzhamoodu,8.524886,77.141948,rural,152,11.85,False,2024,4,2024-04-01,13671.62,13671.62,237.7,87.35,0.0,False,0.812,0.3598,89.94,True,False,False
KL_0254,Thiruvananthapuram,Thiruvananthapuram,Puzhamoodu,8.524886,77.141948,rural,152,11.85,False,2024,5,2024-05-01,13989.7,13989.7,242.4,85.72,0.0,False,0.898,0.3682,92.04,True,False,False
KL_0254,Thiruvananthapuram,Thiruvananthapuram,Puzhamoodu,8.524886,77.141948,rural,152,11.85,False,2024,6,2024-06-01,7412.07,7412.07,235.9,42.88,0.0,False,0.853,0.1951,48.76,False,True,False
KL_0254,Thiruvananthapuram,Thiruvananthapuram,Puzhamoodu,8.524886,77.141948,rural,152,11.85,False,2024,7,2024-07-01,14003.09,14003.09,221.2,81.02,0.0,False,0.836,0.3685,92.13,False,True,False
KL_0254,Thiruvananthapuram,Thiruvananthapuram,Puzhamoodu,8.524886,77.141948,rural,152,11.85,False,2024,8,2024-08-01,16744.99,16744.99,227.4,95.88,0.0,False,0.877,0.4407,110.16,False,True,False
KL_0254,Thiruvananthapuram,Thiruvananthapuram,Puzhamoodu,8.524886,77.141948,rural,152,11.85,False,2024,9,2024-09-01,19976.08,19976.08,218.5,119.79,0.0,False,0.836,0.5257,131.42,False,True,False
KL_0254,Thiruvananthapuram,Thiruvananthapuram,Puzhamoodu,8.524886,77.141948,rural,152,11.85,False,2024,10,2024-10-01,14098.78,14098.78,219.1,82.96,0.0,False,0.813,0.371,92.76,False,False,False
KL_0254,Thiruvananthapuram,Thiruvananthapuram,Puzhamoodu,8.524886,77.141948,rural,152,11.85,False,2024,11,2024-11-01,6128.71,6128.71,243.8,37.33,0.0,False,0.769,0.1613,40.32,False,False,False
KL_0254,Thiruvananthapuram,Thiruvananthapuram,Puzhamoodu,8.524886,77.141948,rural,152,11.85,False,2024,12,2024-12-01,9283.13,9283.13,225.3,60.05,0.0,False,0.819,0.2443,61.07,False,False,True
KL_0255,Malappuram,Perinthalmanna,Vellipuram,11.049021,76.186043,rural,54,24.98,False,2023,1,2023-01-01,2728.59,2728.59,228.3,16.72,0.0,False,0.975,0.2021,50.53,False,False,True
KL_0255,Malappuram,Perinthalmanna,Vellipuram,11.049021,76.186043,rural,54,24.98,False,2023,2,2023-02-01,5161.24,5161.24,223.4,30.46,0.0,False,0.852,0.3823,95.58,False,False,True
KL_0255,Malappuram,Perinthalmanna,Vellipuram,11.049021,76.186043,rural,54,24.98,False,2023,3,2023-03-01,6103.68,6103.68,222.5,39.45,0.0,False,0.799,0.4521,113.03,True,False,False
KL_0255,Malappuram,Perinthalmanna,Vellipuram,11.049021,76.186043,rural,54,24.98,False,2023,4,2023-04-01,6544.94,6544.94,229.9,42.86,0.0,False,0.913,0.4848,121.2,True,False,False
KL_0255,Malappuram,Perinthalmanna,Vellipuram,11.049021,76.186043,rural,54,24.98,False,2023,5,2023-05-01,4622.15,4622.15,228.5,29.98,0.0,False,0.848,0.3424,85.6,True,False,False
KL_0255,Malappuram,Perinthalmanna,Vellipuram,11.049021,76.186043,rural,54,24.98,False,2023,6,2023-06-01,4358.57,4358.57,238.9,25.8,0.0,False,0.865,0.3229,80.71,False,True,False
KL_0255,Malappuram,Perinthalmanna,Vellipuram,11.049021,76.186043,rural,54,24.98,False,2023,7,2023-07-01,7292.84,7292.84,226.9,46.82,0.0,False,0.864,0.5402,135.05,False,True,False
KL_0255,Malappuram,Perinthalmanna,Vellipuram,11.049021,76.186043,rural,54,24.98,False,2023,8,2023-08-01,5163.12,5163.12,232.6,28.43,0.0,False,0.924,0.3825,95.61,False,True,False
KL_0255,Malappuram,Perinthalmanna,Vellipuram,11.049021,76.186043,rural,54,24.98,False,2023,9,2023-09-01,4487.36,4487.36,225.0,29.91,0.0,False,0.784,0.3324,83.1,False,True,False
KL_0255,Malappuram,Perinthalmanna,Vellipuram,11.049021,76.186043,rural,54,24.98,False,2023,10,2023-10-01,4223.52,4223.52,241.6,25.55,0.0,False,0.923,0.3129,78.21,False,False,False
KL_0255,Malappuram,Perinthalmanna,Vellipuram,11.049021,76.186043,rural,54,24.98,False,2023,11,2023-11-01,6573.38,6573.38,233.0,41.36,0.0,False,0.887,0.4869,121.73,False,False,False
KL_0255,Malappuram,Perinthalmanna,Vellipuram,11.049021,76.186043,rural,54,24.98,False,2023,12,2023-12-01,2172.31,2172.31,241.1,13.42,0.0,False,0.854,0.1609,40.23,False,False,True
KL_0255,Malappuram,Perinthalmanna,Vellipuram,11.049021,76.186043,rural,54,24.98,False,2024,1,2024-01-01,3802.4,3802.4,235.5,23.12,0.0,False,0.807,0.2817,70.41,False,False,True
KL_0255,Malappuram,Perinthalmanna,Vellipuram,11.049021,76.186043,rural,54,24.98,False,2024,2,2024-02-01,4586.65,4586.65,233.9,25.2,0.0,False,0.838,0.3398,84.94,False,False,True
KL_0255,Malappuram,Perinthalmanna,Vellipuram,11.049021,76.186043,rural,54,24.98,False,2024,3,2024-03-01,3907.53,3907.53,232.2,23.24,0.0,False,0.852,0.2894,72.36,True,False,False
KL_0255,Malappuram,Perinthalmanna,Vellipuram,11.049021,76.186043,rural,54,24.98,False,2024,4,2024-04-01,6067.65,6067.65,234.8,32.78,0.0,False,0.94,0.4495,112.36,True,False,False
KL_0255,Malappuram,Perinthalmanna,Vellipuram,11.049021,76.186043,rural,54,24.98,False,2024,5,2024-05-01,7630.06,7630.06,231.8,47.93,0.0,False,0.922,0.5652,141.3,True,False,False
KL_0255,Malappuram,Perinthalmanna,Vellipuram,11.049021,76.186043,rural,54,24.98,False,2024,6,2024-06-01,5070.69,5070.69,229.0,31.01,0.0,False,0.831,0.3756,93.9,False,True,False
KL_0255,Malappuram,Perinthalmanna,Vellipuram,11.049021,76.186043,rural,54,24.98,False,2024,7,2024-07-01,6056.11,6056.11,231.5,39.8,0.0,False,0.95,0.4486,112.15,False,True,False
KL_0255,Malappuram,Perinthalmanna,Vellipuram,11.049021,76.186043,rural,54,24.98,False,2024,8,2024-08-01,4835.37,4835.37,236.6,25.56,0.0,False,0.898,0.3582,89.54,False,True,False
KL_0255,Malappuram,Perinthalmanna,Vellipuram,11.049021,76.186043,rural,54,24.98,False,2024,9,2024-09-01,4485.75,4485.75,222.0,28.41,0.0,False,0.874,0.3323,83.07,False,True,False
KL_0255,Malappuram,Perinthalmanna,Vellipuram,11.049021,76.186043,rural,54,24.98,False,2024,10,2024-10-01,5575.13,5575.13,240.9,29.53,0.0,False,0.836,0.413,103.24,False,False,False
KL_0255,Malappuram,Perinthalmanna,Vellipuram,11.049021,76.186043,rural,54,24.98,False,2024,11,2024-11-01,6185.44,6185.44,226.4,40.25,0.0,False,0.821,0.4582,114.55,False,False,False
KL_0255,Malappuram,Perinthalmanna,Vellipuram,11.049021,76.186043,rural,54,24.98,False,2024,12,2024-12-01,5242.46,5242.46,213.6,32.61,0.0,False,0.877,0.3883,97.08,False,False,True
KL_0256,Kasaragod,Uppala,Kizhakmoodu,12.531666,75.288587,rural,83,21.94,True,2023,1,2023-01-01,6662.65,6662.65,209.3,39.89,0.0,False,0.869,0.3211,80.27,False,False,True
KL_0256,Kasaragod,Uppala,Kizhakmoodu,12.531666,75.288587,rural,83,21.94,True,2023,2,2023-02-01,3512.52,3512.52,227.7,20.28,0.0,False,0.83,0.1693,42.32,False,False,True
KL_0256,Kasaragod,Uppala,Kizhakmoodu,12.531666,75.288587,rural,83,21.94,True,2023,3,2023-03-01,2868.14,2868.14,228.0,19.06,0.0,False,0.906,0.1382,34.56,True,False,False
KL_0256,Kasaragod,Uppala,Kizhakmoodu,12.531666,75.288587,rural,83,21.94,True,2023,4,2023-04-01,10061.17,10061.17,223.0,58.29,0.0,False,0.858,0.4849,121.22,True,False,False
KL_0256,Kasaragod,Uppala,Kizhakmoodu,12.531666,75.288587,rural,83,21.94,True,2023,5,2023-05-01,8269.3,8269.3,229.7,48.8,0.0,False,0.871,0.3985,99.63,True,False,False
KL_0256,Kasaragod,Uppala,Kizhakmoodu,12.531666,75.288587,rural,83,21.94,True,2023,6,2023-06-01,5032.63,5032.63,220.3,32.9,0.0,False,0.904,0.2425,60.63,False,True,False
KL_0256,Kasaragod,Uppala,Kizhakmoodu,12.531666,75.288587,rural,83,21.94,True,2023,7,2023-07-01,6157.48,6157.48,235.2,34.97,0.0,False,0.891,0.2967,74.19,False,True,False
KL_0256,Kasaragod,Uppala,Kizhakmoodu,12.531666,75.288587,rural,83,21.94,True,2023,8,2023-08-01,7810.02,7810.02,238.3,44.9,0.0,False,0.769,0.3764,94.1,False,True,False
KL_0256,Kasaragod,Uppala,Kizhakmoodu,12.531666,75.288587,rural,83,21.94,True,2023,9,2023-09-01,7365.72,7365.72,233.2,40.15,0.0,False,0.888,0.355,88.74,False,True,False
KL_0256,Kasaragod,Uppala,Kizhakmoodu,12.531666,75.288587,rural,83,21.94,True,2023,10,2023-10-01,7558.21,7558.21,220.0,51.66,0.0,False,0.851,0.3643,91.06,False,False,False
KL_0256,Kasaragod,Uppala,Kizhakmoodu,12.531666,75.288587,rural,83,21.94,True,2023,11,2023-11-01,9088.16,9088.16,232.2,53.13,0.0,False,0.828,0.438,109.5,False,False,False
KL_0256,Kasaragod,Uppala,Kizhakmoodu,12.531666,75.288587,rural,83,21.94,True,2023,12,2023-12-01,6959.07,6959.07,232.7,42.79,0.0,False,0.853,0.3354,83.84,False,False,True
KL_0256,Kasaragod,Uppala,Kizhakmoodu,12.531666,75.288587,rural,83,21.94,True,2024,1,2024-01-01,7384.09,7384.09,212.1,52.26,0.0,False,0.835,0.3559,88.96,False,False,True
KL_0256,Kasaragod,Uppala,Kizhakmoodu,12.531666,75.288587,rural,83,21.94,True,2024,2,2024-02-01,7469.61,7469.61,234.2,43.95,0.0,False,0.856,0.36,90.0,False,False,True
KL_0256,Kasaragod,Uppala,Kizhakmoodu,12.531666,75.288587,rural,83,21.94,True,2024,3,2024-03-01,7390.54,7390.54,224.1,45.27,0.0,False,0.849,0.3562,89.04,True,False,False
KL_0256,Kasaragod,Uppala,Kizhakmoodu,12.531666,75.288587,rural,83,21.94,True,2024,4,2024-04-01,6541.26,6541.26,226.2,39.48,0.0,False,0.884,0.3152,78.81,True,False,False
KL_0256,Kasaragod,Uppala,Kizhakmoodu,12.531666,75.288587,rural,83,21.94,True,2024,5,2024-05-01,8789.05,8789.05,243.6,55.11,0.0,False,0.773,0.4236,105.89,True,False,False
KL_0256,Kasaragod,Uppala,Kizhakmoodu,12.531666,75.288587,rural,83,21.94,True,2024,6,2024-06-01,8601.88,8601.88,238.5,53.35,0.0,False,0.859,0.4145,103.64,False,True,False
KL_0256,Kasaragod,Uppala,Kizhakmoodu,12.531666,75.288587,rural,83,21.94,True,2024,7,2024-07-01,9488.58,9488.58,210.2,66.95,0.0,False,0.849,0.4573,114.32,False,True,False
KL_0256,Kasaragod,Uppala,Kizhakmoodu,12.531666,75.288587,rural,83,21.94,True,2024,8,2024-08-01,5562.62,5562.62,227.5,35.57,0.0,False,0.963,0.2681,67.02,False,True,False
KL_0256,Kasaragod,Uppala,Kizhakmoodu,12.531666,75.288587,rural,83,21.94,True,2024,9,2024-09-01,7105.48,7105.48,233.3,40.73,0.0,False,0.752,0.3424,85.61,False,True,False
KL_0256,Kasaragod,Uppala,Kizhakmoodu,12.531666,75.288587,rural,83,21.94,True,2024,10,2024-10-01,10781.85,10781.85,241.9,64.52,0.0,False,0.896,0.5196,129.9,False,False,False
KL_0256,Kasaragod,Uppala,Kizhakmoodu,12.531666,75.288587,rural,83,21.94,True,2024,11,2024-11-01,7880.64,7880.64,218.4,49.13,0.0,False,0.872,0.3798,94.95,False,False,False
KL_0256,Kasaragod,Uppala,Kizhakmoodu,12.531666,75.288587,rural,83,21.94,True,2024,12,2024-12-01,4263.52,4263.52,236.6,24.18,0.0,False,0.888,0.2055,51.37,False,False,True
KL_0257,Kottayam,Vaikom,Puzhaveli,9.864938,76.62977,rural,44,15.3,True,2023,1,2023-01-01,4235.61,4235.61,218.7,26.43,0.0,False,0.828,0.3851,96.26,False,False,True
KL_0257,Kottayam,Vaikom,Puzhaveli,9.864938,76.62977,rural,44,15.3,True,2023,2,2023-02-01,3224.5,3224.5,218.3,21.91,0.0,False,0.866,0.2931,73.28,False,False,True
KL_0257,Kottayam,Vaikom,Puzhaveli,9.864938,76.62977,rural,44,15.3,True,2023,3,2023-03-01,2820.2,2820.2,225.7,16.55,0.0,False,0.857,0.2564,64.1,True,False,False
KL_0257,Kottayam,Vaikom,Puzhaveli,9.864938,76.62977,rural,44,15.3,True,2023,4,2023-04-01,6074.19,6074.19,223.5,41.22,0.0,False,1.027,0.5522,138.05,True,False,False
KL_0257,Kottayam,Vaikom,Puzhaveli,9.864938,76.62977,rural,44,15.3,True,2023,5,2023-05-01,5406.63,5406.63,236.6,31.04,0.0,False,0.835,0.4915,122.88,True,False,False
KL_0257,Kottayam,Vaikom,Puzhaveli,9.864938,76.62977,rural,44,15.3,True,2023,6,2023-06-01,4655.08,4655.08,233.3,30.05,0.0,False,0.811,0.4232,105.8,False,True,False
KL_0257,Kottayam,Vaikom,Puzhaveli,9.864938,76.62977,rural,44,15.3,True,2023,7,2023-07-01,3288.49,3288.49,223.4,21.29,0.0,False,0.95,0.299,74.74,False,True,False
KL_0257,Kottayam,Vaikom,Puzhaveli,9.864938,76.62977,rural,44,15.3,True,2023,8,2023-08-01,2450.31,2450.31,221.0,15.64,0.0,False,0.867,0.2228,55.69,False,True,False
KL_0257,Kottayam,Vaikom,Puzhaveli,9.864938,76.62977,rural,44,15.3,True,2023,9,2023-09-01,2651.53,2651.53,224.1,16.38,0.0,False,0.876,0.241,60.26,False,True,False
KL_0257,Kottayam,Vaikom,Puzhaveli,9.864938,76.62977,rural,44,15.3,True,2023,10,2023-10-01,5470.42,5470.42,235.7,32.13,0.0,False,0.906,0.4973,124.33,False,False,False
KL_0257,Kottayam,Vaikom,Puzhaveli,9.864938,76.62977,rural,44,15.3,True,2023,11,2023-11-01,2300.91,2300.91,227.2,13.89,0.0,False,0.854,0.2092,52.29,False,False,False
KL_0257,Kottayam,Vaikom,Puzhaveli,9.864938,76.62977,rural,44,15.3,True,2023,12,2023-12-01,2051.68,2051.68,237.7,12.14,0.0,False,0.829,0.1865,46.63,False,False,True
KL_0257,Kottayam,Vaikom,Puzhaveli,9.864938,76.62977,rural,44,15.3,True,2024,1,2024-01-01,1167.32,1167.32,233.4,7.51,0.0,False,0.857,0.1061,26.53,False,False,True
KL_0257,Kottayam,Vaikom,Puzhaveli,9.864938,76.62977,rural,44,15.3,True,2024,2,2024-02-01,2884.45,2884.45,220.2,19.53,0.0,False,0.808,0.2622,65.56,False,False,True
KL_0257,Kottayam,Vaikom,Puzhaveli,9.864938,76.62977,rural,44,15.3,True,2024,3,2024-03-01,3694.46,3694.46,230.0,20.69,0.0,False,0.777,0.3359,83.96,True,False,False
KL_0257,Kottayam,Vaikom,Puzhaveli,9.864938,76.62977,rural,44,15.3,True,2024,4,2024-04-01,4416.37,4416.37,235.0,25.67,0.0,False,0.808,0.4015,100.37,True,False,False
KL_0257,Kottayam,Vaikom,Puzhaveli,9.864938,76.62977,rural,44,15.3,True,2024,5,2024-05-01,3524.44,3524.44,241.2,21.53,0.0,False,0.732,0.3204,80.1,True,False,False
KL_0257,Kottayam,Vaikom,Puzhaveli,9.864938,76.62977,rural,44,15.3,True,2024,6,2024-06-01,4131.49,4131.49,232.7,25.42,0.0,False,0.832,0.3756,93.9,False,True,False
KL_0257,Kottayam,Vaikom,Puzhaveli,9.864938,76.62977,rural,44,15.3,True,2024,7,2024-07-01,3485.28,3485.28,227.2,20.62,0.0,False,0.825,0.3168,79.21,False,True,False
KL_0257,Kottayam,Vaikom,Puzhaveli,9.864938,76.62977,rural,44,15.3,True,2024,8,2024-08-01,4091.91,4091.91,244.7,25.08,0.0,False,0.88,0.372,93.0,False,True,False
KL_0257,Kottayam,Vaikom,Puzhaveli,9.864938,76.62977,rural,44,15.3,True,2024,9,2024-09-01,3680.37,3680.37,208.5,23.09,0.0,False,0.856,0.3346,83.64,False,True,False
KL_0257,Kottayam,Vaikom,Puzhaveli,9.864938,76.62977,rural,44,15.3,True,2024,10,2024-10-01,3546.29,3546.29,236.7,19.6,0.0,False,0.843,0.3224,80.6,False,False,False
KL_0257,Kottayam,Vaikom,Puzhaveli,9.864938,76.62977,rural,44,15.3,True,2024,11,2024-11-01,2834.4,2834.4,229.9,16.35,0.0,False,0.909,0.2577,64.42,False,False,False
KL_0257,Kottayam,Vaikom,Puzhaveli,9.864938,76.62977,rural,44,15.3,True,2024,12,2024-12-01,3005.39,3005.39,232.2,17.84,0.0,False,0.829,0.2732,68.3,False,False,True
KL_0258,Alappuzha,Kayamkulam,Pettathara,9.274309,76.430959,rural,57,10.09,False,2023,1,2023-01-01,4352.02,4352.02,227.3,25.39,0.0,False,0.795,0.3054,76.35,False,False,True
KL_0258,Alappuzha,Kayamkulam,Pettathara,9.274309,76.430959,rural,57,10.09,False,2023,2,2023-02-01,4571.87,4571.87,223.8,29.94,0.0,False,0.724,0.3208,80.21,False,False,True
KL_0258,Alappuzha,Kayamkulam,Pettathara,9.274309,76.430959,rural,57,10.09,False,2023,3,2023-03-01,3921.67,3921.67,233.9,24.18,0.0,False,0.851,0.2752,68.8,True,False,False
KL_0258,Alappuzha,Kayamkulam,Pettathara,9.274309,76.430959,rural,57,10.09,False,2023,4,2023-04-01,3262.03,3262.03,246.0,18.22,0.0,False,0.847,0.2289,57.23,True,False,False
KL_0258,Alappuzha,Kayamkulam,Pettathara,9.274309,76.430959,rural,57,10.09,False,2023,5,2023-05-01,5849.14,5849.14,213.8,38.43,0.0,False,0.913,0.4105,102.62,True,False,False
KL_0258,Alappuzha,Kayamkulam,Pettathara,9.274309,76.430959,rural,57,10.09,False,2023,6,2023-06-01,6412.6,6412.6,226.0,37.49,0.0,False,0.807,0.45,112.5,False,True,False
KL_0258,Alappuzha,Kayamkulam,Pettathara,9.274309,76.430959,rural,57,10.09,False,2023,7,2023-07-01,2885.37,2885.37,207.0,20.11,0.0,False,0.888,0.2025,50.62,False,True,False
KL_0258,Alappuzha,Kayamkulam,Pettathara,9.274309,76.430959,rural,57,10.09,False,2023,8,2023-08-01,2166.72,2166.72,212.9,14.15,0.0,False,0.726,0.1521,38.01,False,True,False
KL_0258,Alappuzha,Kayamkulam,Pettathara,9.274309,76.430959,rural,57,10.09,False,2023,9,2023-09-01,7648.94,7648.94,216.0,45.35,0.0,False,0.785,0.5368,134.19,False,True,False
KL_0258,Alappuzha,Kayamkulam,Pettathara,9.274309,76.430959,rural,57,10.09,False,2023,10,2023-10-01,6535.69,6535.69,231.4,38.44,0.0,False,0.869,0.4586,114.66,False,False,False
KL_0258,Alappuzha,Kayamkulam,Pettathara,9.274309,76.430959,rural,57,10.09,False,2023,11,2023-11-01,3947.24,3947.24,228.1,21.66,0.0,False,0.884,0.277,69.25,False,False,False
KL_0258,Alappuzha,Kayamkulam,Pettathara,9.274309,76.430959,rural,57,10.09,False,2023,12,2023-12-01,4611.57,4611.57,218.2,31.44,0.0,False,0.767,0.3236,80.9,False,False,True
KL_0258,Alappuzha,Kayamkulam,Pettathara,9.274309,76.430959,rural,57,10.09,False,2024,1,2024-01-01,3602.15,3602.15,231.5,22.52,0.0,False,0.81,0.2528,63.2,False,False,True
KL_0258,Alappuzha,Kayamkulam,Pettathara,9.274309,76.430959,rural,57,10.09,False,2024,2,2024-02-01,4257.08,4257.08,223.8,25.86,0.0,False,0.852,0.2987,74.69,False,False,True
KL_0258,Alappuzha,Kayamkulam,Pettathara,9.274309,76.430959,rural,57,10.09,False,2024,3,2024-03-01,6309.3,6309.3,225.3,35.08,0.0,False,0.845,0.4428,110.69,True,False,False
KL_0258,Alappuzha,Kayamkulam,Pettathara,9.274309,76.430959,rural,57,10.09,False,2024,4,2024-04-01,1871.2,1871.2,227.2,12.23,0.0,False,0.877,0.1313,32.83,True,False,False
KL_0258,Alappuzha,Kayamkulam,Pettathara,9.274309,76.430959,rural,57,10.09,False,2024,5,2024-05-01,7575.75,7575.75,228.6,46.33,0.0,False,0.896,0.5316,132.91,True,False,False
KL_0258,Alappuzha,Kayamkulam,Pettathara,9.274309,76.430959,rural,57,10.09,False,2024,6,2024-06-01,2358.42,2358.42,216.0,16.63,0.0,False,0.786,0.1655,41.38,False,True,False
KL_0258,Alappuzha,Kayamkulam,Pettathara,9.274309,76.430959,rural,57,10.09,False,2024,7,2024-07-01,5228.76,5228.76,225.8,34.92,0.0,False,0.872,0.3669,91.73,False,True,False
KL_0258,Alappuzha,Kayamkulam,Pettathara,9.274309,76.430959,rural,57,10.09,False,2024,8,2024-08-01,4181.34,4181.34,224.3,24.33,0.0,False,0.814,0.2934,73.36,False,True,False
KL_0258,Alappuzha,Kayamkulam,Pettathara,9.274309,76.430959,rural,57,10.09,False,2024,9,2024-09-01,5087.63,5087.63,226.5,29.02,0.0,False,0.867,0.357,89.26,False,True,False
KL_0258,Alappuzha,Kayamkulam,Pettathara,9.274309,76.430959,rural,57,10.09,False,2024,10,2024-10-01,6316.81,6316.81,216.4,40.62,0.0,False,0.827,0.4433,110.82,False,False,False
KL_0258,Alappuzha,Kayamkulam,Pettathara,9.274309,76.430959,rural,57,10.09,False,2024,11,2024-11-01,1399.44,1399.44,222.2,8.57,0.0,False,0.904,0.0982,24.55,False,False,False
KL_0258,Alappuzha,Kayamkulam,Pettathara,9.274309,76.430959,rural,57,10.09,False,2024,12,2024-12-01,5342.7,5342.7,215.3,31.14,0.0,False,0.879,0.3749,93.73,False,False,True
KL_0259,Kottayam,Ettumanoor,Mananagar,9.68574,76.720764,semi-urban,106,10.78,True,2023,1,2023-01-01,6999.18,6999.18,226.6,44.24,0.0,False,0.801,0.2641,66.03,False,False,True
KL_0259,Kottayam,Ettumanoor,Mananagar,9.68574,76.720764,semi-urban,106,10.78,True,2023,2,2023-02-01,18139.93,18139.93,226.9,106.08,0.0,False,0.766,0.6845,171.13,False,False,True
KL_0259,Kottayam,Ettumanoor,Mananagar,9.68574,76.720764,semi-urban,106,10.78,True,2023,3,2023-03-01,15326.53,15326.53,232.0,84.23,0.0,False,0.909,0.5784,144.59,True,False,False
KL_0259,Kottayam,Ettumanoor,Mananagar,9.68574,76.720764,semi-urban,106,10.78,True,2023,4,2023-04-01,16736.32,16736.32,229.7,99.04,0.0,False,0.815,0.6316,157.89,True,False,False
KL_0259,Kottayam,Ettumanoor,Mananagar,9.68574,76.720764,semi-urban,106,10.78,True,2023,5,2023-05-01,23060.02,23060.02,235.2,140.69,0.0,False,0.82,0.8702,217.55,True,False,False
KL_0259,Kottayam,Ettumanoor,Mananagar,9.68574,76.720764,semi-urban,106,10.78,True,2023,6,2023-06-01,16877.5,16877.5,233.1,104.09,0.0,False,0.887,0.6369,159.22,False,True,False
KL_0259,Kottayam,Ettumanoor,Mananagar,9.68574,76.720764,semi-urban,106,10.78,True,2023,7,2023-07-01,16722.74,16722.74,225.7,111.53,0.0,False,0.799,0.631,157.76,False,True,False
KL_0259,Kottayam,Ettumanoor,Mananagar,9.68574,76.720764,semi-urban,106,10.78,True,2023,8,2023-08-01,13697.91,13697.91,237.0,86.97,0.0,False,0.86,0.5169,129.23,False,True,False
KL_0259,Kottayam,Ettumanoor,Mananagar,9.68574,76.720764,semi-urban,106,10.78,True,2023,9,2023-09-01,18597.15,18597.15,212.9,115.02,0.0,False,0.851,0.7018,175.44,False,True,False
KL_0259,Kottayam,Ettumanoor,Mananagar,9.68574,76.720764,semi-urban,106,10.78,True,2023,10,2023-10-01,19675.37,19675.37,241.5,118.6,0.0,False,0.846,0.7425,185.62,False,False,False
KL_0259,Kottayam,Ettumanoor,Mananagar,9.68574,76.720764,semi-urban,106,10.78,True,2023,11,2023-11-01,13416.63,13416.63,233.9,87.38,0.0,False,0.91,0.5063,126.57,False,False,False
KL_0259,Kottayam,Ettumanoor,Mananagar,9.68574,76.720764,semi-urban,106,10.78,True,2023,12,2023-12-01,13509.32,13509.32,219.3,80.86,0.0,False,0.873,0.5098,127.45,False,False,True
KL_0259,Kottayam,Ettumanoor,Mananagar,9.68574,76.720764,semi-urban,106,10.78,True,2024,1,2024-01-01,11797.56,11797.56,232.6,73.14,0.0,False,0.899,0.4452,111.3,False,False,True
KL_0259,Kottayam,Ettumanoor,Mananagar,9.68574,76.720764,semi-urban,106,10.78,True,2024,2,2024-02-01,16042.61,16042.61,224.0,108.2,0.0,False,0.838,0.6054,151.35,False,False,True
KL_0259,Kottayam,Ettumanoor,Mananagar,9.68574,76.720764,semi-urban,106,10.78,True,2024,3,2024-03-01,12104.6,12104.6,219.1,70.34,0.0,False,0.814,0.4568,114.19,True,False,False
KL_0259,Kottayam,Ettumanoor,Mananagar,9.68574,76.720764,semi-urban,106,10.78,True,2024,4,2024-04-01,9287.24,9287.24,227.8,61.32,0.0,False,0.902,0.3505,87.62,True,False,False
KL_0259,Kottayam,Ettumanoor,Mananagar,9.68574,76.720764,semi-urban,106,10.78,True,2024,5,2024-05-01,17911.29,17911.29,211.2,110.37,0.0,False,0.821,0.6759,168.97,True,False,False
KL_0259,Kottayam,Ettumanoor,Mananagar,9.68574,76.720764,semi-urban,106,10.78,True,2024,6,2024-06-01,13256.04,13256.04,234.4,80.99,0.0,False,0.856,0.5002,125.06,False,True,False
KL_0259,Kottayam,Ettumanoor,Mananagar,9.68574,76.720764,semi-urban,106,10.78,True,2024,7,2024-07-01,13533.79,13533.79,218.7,77.45,0.0,False,0.871,0.5107,127.68,False,True,False
KL_0259,Kottayam,Ettumanoor,Mananagar,9.68574,76.720764,semi-urban,106,10.78,True,2024,8,2024-08-01,11478.32,11478.32,232.8,67.46,0.0,False,0.812,0.4331,108.29,False,True,False
KL_0259,Kottayam,Ettumanoor,Mananagar,9.68574,76.720764,semi-urban,106,10.78,True,2024,9,2024-09-01,12332.98,12332.98,239.1,67.78,0.0,False,0.812,0.4654,116.35,False,True,False
KL_0259,Kottayam,Ettumanoor,Mananagar,9.68574,76.720764,semi-urban,106,10.78,True,2024,10,2024-10-01,17711.88,17711.88,222.5,119.53,0.0,False,0.836,0.6684,167.09,False,False,False
KL_0259,Kottayam,Ettumanoor,Mananagar,9.68574,76.720764,semi-urban,106,10.78,True,2024,11,2024-11-01,17055.67,17055.67,222.0,116.66,0.0,False,0.887,0.6436,160.9,False,False,False
KL_0259,Kottayam,Ettumanoor,Mananagar,9.68574,76.720764,semi-urban,106,10.78,True,2024,12,2024-12-01,12627.34,12627.34,242.9,68.65,0.0,False,0.867,0.4765,119.13,False,False,True
KL_0260,Kannur,Payyanur,Pettaveli,11.997008,75.145629,rural,92,19.98,False,2023,1,2023-01-01,3931.43,3931.43,229.7,22.6,0.0,False,0.782,0.1709,42.73,False,False,True
KL_0260,Kannur,Payyanur,Pettaveli,11.997008,75.145629,rural,92,19.98,False,2023,2,2023-02-01,6376.44,6376.44,227.0,38.51,0.0,False,0.948,0.2772,69.31,False,False,True
KL_0260,Kannur,Payyanur,Pettaveli,11.997008,75.145629,rural,92,19.98,False,2023,3,2023-03-01,7661.75,7661.75,239.3,46.19,0.0,False,0.869,0.3331,83.28,True,False,False
KL_0260,Kannur,Payyanur,Pettaveli,11.997008,75.145629,rural,92,19.98,False,2023,4,2023-04-01,13712.11,13712.11,232.5,74.29,0.0,False,0.829,0.5962,149.04,True,False,False
KL_0260,Kannur,Payyanur,Pettaveli,11.997008,75.145629,rural,92,19.98,False,2023,5,2023-05-01,14240.1,14240.1,232.7,80.23,0.0,False,0.842,0.6191,154.78,True,False,False
KL_0260,Kannur,Payyanur,Pettaveli,11.997008,75.145629,rural,92,19.98,False,2023,6,2023-06-01,2280.91,2280.91,229.5,14.44,0.0,False,0.838,0.0992,24.79,False,True,False
KL_0260,Kannur,Payyanur,Pettaveli,11.997008,75.145629,rural,92,19.98,False,2023,7,2023-07-01,7855.83,7855.83,230.6,50.52,0.0,False,0.831,0.3416,85.39,False,True,False
KL_0260,Kannur,Payyanur,Pettaveli,11.997008,75.145629,rural,92,19.98,False,2023,8,2023-08-01,6215.54,6215.54,232.7,38.63,0.0,False,0.908,0.2702,67.56,False,True,False
KL_0260,Kannur,Payyanur,Pettaveli,11.997008,75.145629,rural,92,19.98,False,2023,9,2023-09-01,7642.94,7642.94,214.8,54.14,0.0,False,0.969,0.3323,83.08,False,True,False
KL_0260,Kannur,Payyanur,Pettaveli,11.997008,75.145629,rural,92,19.98,False,2023,10,2023-10-01,9640.72,9640.72,239.8,60.64,0.0,False,0.824,0.4192,104.79,False,False,False
KL_0260,Kannur,Payyanur,Pettaveli,11.997008,75.145629,rural,92,19.98,False,2023,11,2023-11-01,8760.33,8760.33,224.0,52.11,0.0,False,0.827,0.3809,95.22,False,False,False
KL_0260,Kannur,Payyanur,Pettaveli,11.997008,75.145629,rural,92,19.98,False,2023,12,2023-12-01,3602.33,3602.33,229.6,21.96,0.0,False,0.845,0.1566,39.16,False,False,True
KL_0260,Kannur,Payyanur,Pettaveli,11.997008,75.145629,rural,92,19.98,False,2024,1,2024-01-01,10510.99,10510.99,219.8,61.58,0.0,False,0.781,0.457,114.25,False,False,True
KL_0260,Kannur,Payyanur,Pettaveli,11.997008,75.145629,rural,92,19.98,False,2024,2,2024-02-01,4599.95,4599.95,233.4,29.65,0.0,False,0.876,0.2,50.0,False,False,True
KL_0260,Kannur,Payyanur,Pettaveli,11.997008,75.145629,rural,92,19.98,False,2024,3,2024-03-01,8195.64,8195.64,234.2,51.52,0.0,False,0.859,0.3563,89.08,True,False,False
KL_0260,Kannur,Payyanur,Pettaveli,11.997008,75.145629,rural,92,19.98,False,2024,4,2024-04-01,13476.23,13476.23,216.4,88.69,0.0,False,0.857,0.5859,146.48,True,False,False
KL_0260,Kannur,Payyanur,Pettaveli,11.997008,75.145629,rural,92,19.98,False,2024,5,2024-05-01,6798.35,6798.35,231.6,42.78,0.0,False,0.757,0.2956,73.9,True,False,False
KL_0260,Kannur,Payyanur,Pettaveli,11.997008,75.145629,rural,92,19.98,False,2024,6,2024-06-01,7650.75,7650.75,235.9,40.8,0.0,False,0.737,0.3326,83.16,False,True,False
KL_0260,Kannur,Payyanur,Pettaveli,11.997008,75.145629,rural,92,19.98,False,2024,7,2024-07-01,7659.08,7659.08,216.2,51.73,0.0,False,0.832,0.333,83.25,False,True,False
KL_0260,Kannur,Payyanur,Pettaveli,11.997008,75.145629,rural,92,19.98,False,2024,8,2024-08-01,8961.42,8961.42,224.5,51.29,0.0,False,0.883,0.3896,97.41,False,True,False
KL_0260,Kannur,Payyanur,Pettaveli,11.997008,75.145629,rural,92,19.98,False,2024,9,2024-09-01,7652.88,7652.88,218.5,45.0,0.0,False,0.761,0.3327,83.18,False,True,False
KL_0260,Kannur,Payyanur,Pettaveli,11.997008,75.145629,rural,92,19.98,False,2024,10,2024-10-01,9434.92,9434.92,220.8,54.79,0.0,False,0.895,0.4102,102.55,False,False,False
KL_0260,Kannur,Payyanur,Pettaveli,11.997008,75.145629,rural,92,19.98,False,2024,11,2024-11-01,11051.41,11051.41,241.2,65.82,0.0,False,0.835,0.4805,120.12,False,False,False
KL_0260,Kannur,Payyanur,Pettaveli,11.997008,75.145629,rural,92,19.98,False,2024,12,2024-12-01,7282.15,7282.15,231.1,40.84,0.0,False,0.809,0.3166,79.15,False,False,True
KL_0261,Palakkad,Chittur,Manjapuram,10.730396,76.867587,rural,85,21.55,True,2023,1,2023-01-01,3732.3,3732.3,235.8,20.45,0.0,False,0.854,0.1756,43.91,False,False,True
KL_0261,Palakkad,Chittur,Manjapuram,10.730396,76.867587,rural,85,21.55,True,2023,2,2023-02-01,4514.78,4514.78,213.1,31.83,0.0,False,0.785,0.2125,53.12,False,False,True
KL_0261,Palakkad,Chittur,Manjapuram,10.730396,76.867587,rural,85,21.55,True,2023,3,2023-03-01,4768.85,4768.85,230.0,30.25,0.0,False,0.723,0.2244,56.1,True,False,False
KL_0261,Palakkad,Chittur,Manjapuram,10.730396,76.867587,rural,85,21.55,True,2023,4,2023-04-01,5052.71,5052.71,235.8,29.3,0.0,False,0.91,0.2378,59.44,True,False,False
KL_0261,Palakkad,Chittur,Manjapuram,10.730396,76.867587,rural,85,21.55,True,2023,5,2023-05-01,10733.27,10733.27,233.1,64.84,0.0,False,0.848,0.5051,126.27,True,False,False
KL_0261,Palakkad,Chittur,Manjapuram,10.730396,76.867587,rural,85,21.55,True,2023,6,2023-06-01,9373.76,9373.76,228.5,51.82,0.0,False,0.814,0.4411,110.28,False,True,False
KL_0261,Palakkad,Chittur,Manjapuram,10.730396,76.867587,rural,85,21.55,True,2023,7,2023-07-01,8493.56,8493.56,220.6,52.05,0.0,False,0.821,0.3997,99.92,False,True,False
KL_0261,Palakkad,Chittur,Manjapuram,10.730396,76.867587,rural,85,21.55,True,2023,8,2023-08-01,5160.61,5160.61,225.2,31.57,0.0,False,0.811,0.2429,60.71,False,True,False
KL_0261,Palakkad,Chittur,Manjapuram,10.730396,76.867587,rural,85,21.55,True,2023,9,2023-09-01,8667.28,8667.28,239.5,53.21,0.0,False,0.832,0.4079,101.97,False,True,False
KL_0261,Palakkad,Chittur,Manjapuram,10.730396,76.867587,rural,85,21.55,True,2023,10,2023-10-01,9436.51,9436.51,232.6,59.89,0.0,False,0.844,0.4441,111.02,False,False,False
KL_0261,Palakkad,Chittur,Manjapuram,10.730396,76.867587,rural,85,21.55,True,2023,11,2023-11-01,7167.79,7167.79,231.1,41.06,0.0,False,0.884,0.3373,84.33,False,False,False
KL_0261,Palakkad,Chittur,Manjapuram,10.730396,76.867587,rural,85,21.55,True,2023,12,2023-12-01,9642.98,9642.98,221.2,58.44,0.0,False,0.815,0.4538,113.45,False,False,True
KL_0261,Palakkad,Chittur,Manjapuram,10.730396,76.867587,rural,85,21.55,True,2024,1,2024-01-01,6152.95,6152.95,217.4,41.05,0.0,False,0.797,0.2896,72.39,False,False,True
KL_0261,Palakkad,Chittur,Manjapuram,10.730396,76.867587,rural,85,21.55,True,2024,2,2024-02-01,3317.57,3317.57,229.6,22.0,0.0,False,0.823,0.1561,39.03,False,False,True
KL_0261,Palakkad,Chittur,Manjapuram,10.730396,76.867587,rural,85,21.55,True,2024,3,2024-03-01,2170.91,2170.91,214.6,13.61,0.0,False,0.973,0.1022,25.54,True,False,False
KL_0261,Palakkad,Chittur,Manjapuram,10.730396,76.867587,rural,85,21.55,True,2024,4,2024-04-01,10743.59,10743.59,225.9,69.49,0.0,False,0.858,0.5056,126.4,True,False,False
KL_0261,Palakkad,Chittur,Manjapuram,10.730396,76.867587,rural,85,21.55,True,2024,5,2024-05-01,12307.74,12307.74,230.6,67.49,0.0,False,0.87,0.5792,144.8,True,False,False
KL_0261,Palakkad,Chittur,Manjapuram,10.730396,76.867587,rural,85,21.55,True,2024,6,2024-06-01,10721.27,10721.27,205.7,75.46,0.0,False,0.837,0.5045,126.13,False,True,False
KL_0261,Palakkad,Chittur,Manjapuram,10.730396,76.867587,rural,85,21.55,True,2024,7,2024-07-01,10554.03,10554.03,241.1,62.13,0.0,False,0.937,0.4967,124.17,False,True,False
KL_0261,Palakkad,Chittur,Manjapuram,10.730396,76.867587,rural,85,21.55,True,2024,8,2024-08-01,4509.81,4509.81,224.7,28.16,0.0,False,0.893,0.2122,53.06,False,True,False
KL_0261,Palakkad,Chittur,Manjapuram,10.730396,76.867587,rural,85,21.55,True,2024,9,2024-09-01,5411.5,5411.5,231.8,31.71,0.0,False,0.798,0.2547,63.66,False,True,False
KL_0261,Palakkad,Chittur,Manjapuram,10.730396,76.867587,rural,85,21.55,True,2024,10,2024-10-01,5832.11,5832.11,239.2,33.95,0.0,False,0.858,0.2745,68.61,False,False,False
KL_0261,Palakkad,Chittur,Manjapuram,10.730396,76.867587,rural,85,21.55,True,2024,11,2024-11-01,6774.15,6774.15,218.5,43.66,0.0,False,0.831,0.3188,79.7,False,False,False
KL_0261,Palakkad,Chittur,Manjapuram,10.730396,76.867587,rural,85,21.55,True,2024,12,2024-12-01,10156.39,10156.39,219.7,67.07,0.0,False,0.871,0.4779,119.49,False,False,True
KL_0262,Kannur,Mattannur,Manjakavu,11.973982,75.303585,rural,176,8.99,True,2023,1,2023-01-01,12449.54,12449.54,241.8,72.72,0.0,False,0.9,0.2829,70.74,False,False,True
KL_0262,Kannur,Mattannur,Manjakavu,11.973982,75.303585,rural,176,8.99,True,2023,2,2023-02-01,11136.4,11136.4,239.0,66.21,0.0,False,0.789,0.2531,63.28,False,False,True
KL_0262,Kannur,Mattannur,Manjakavu,11.973982,75.303585,rural,176,8.99,True,2023,3,2023-03-01,19744.03,19744.03,231.6,120.53,0.0,False,0.868,0.4487,112.18,True,False,False
KL_0262,Kannur,Mattannur,Manjakavu,11.973982,75.303585,rural,176,8.99,True,2023,4,2023-04-01,15703.15,15703.15,233.1,96.76,0.0,False,0.81,0.3569,89.22,True,False,False
KL_0262,Kannur,Mattannur,Manjakavu,11.973982,75.303585,rural,176,8.99,True,2023,5,2023-05-01,19429.17,19429.17,233.6,113.24,0.0,False,0.921,0.4416,110.39,True,False,False
KL_0262,Kannur,Mattannur,Manjakavu,11.973982,75.303585,rural,176,8.99,True,2023,6,2023-06-01,15040.87,15040.87,224.5,92.08,0.0,False,0.898,0.3418,85.46,False,True,False
KL_0262,Kannur,Mattannur,Manjakavu,11.973982,75.303585,rural,176,8.99,True,2023,7,2023-07-01,25671.31,25671.31,222.0,171.4,0.0,False,0.751,0.5834,145.86,False,True,False
KL_0262,Kannur,Mattannur,Manjakavu,11.973982,75.303585,rural,176,8.99,True,2023,8,2023-08-01,13364.36,13364.36,220.2,76.22,0.0,False,0.794,0.3037,75.93,False,True,False
KL_0262,Kannur,Mattannur,Manjakavu,11.973982,75.303585,rural,176,8.99,True,2023,9,2023-09-01,14035.72,14035.72,231.5,79.82,0.0,False,0.783,0.319,79.75,False,True,False
KL_0262,Kannur,Mattannur,Manjakavu,11.973982,75.303585,rural,176,8.99,True,2023,10,2023-10-01,17958.9,17958.9,226.2,104.53,0.0,False,0.847,0.4082,102.04,False,False,False
KL_0262,Kannur,Mattannur,Manjakavu,11.973982,75.303585,rural,176,8.99,True,2023,11,2023-11-01,15294.15,15294.15,225.1,95.29,0.0,False,0.865,0.3476,86.9,False,False,False
KL_0262,Kannur,Mattannur,Manjakavu,11.973982,75.303585,rural,176,8.99,True,2023,12,2023-12-01,5716.82,5716.82,233.0,31.18,0.0,False,0.89,0.1299,32.48,False,False,True
KL_0262,Kannur,Mattannur,Manjakavu,11.973982,75.303585,rural,176,8.99,True,2024,1,2024-01-01,14763.91,14763.91,238.1,86.95,0.0,False,0.838,0.3355,83.89,False,False,True
KL_0262,Kannur,Mattannur,Manjakavu,11.973982,75.303585,rural,176,8.99,True,2024,2,2024-02-01,23114.57,23114.57,227.8,133.51,0.0,False,0.836,0.5253,131.33,False,False,True
KL_0262,Kannur,Mattannur,Manjakavu,11.973982,75.303585,rural,176,8.99,True,2024,3,2024-03-01,11436.55,11436.55,232.1,65.75,0.0,False,0.864,0.2599,64.98,True,False,False
KL_0262,Kannur,Mattannur,Manjakavu,11.973982,75.303585,rural,176,8.99,True,2024,4,2024-04-01,13280.14,13280.14,246.0,77.85,0.0,False,1.008,0.3018,75.46,True,False,False
KL_0262,Kannur,Mattannur,Manjakavu,11.973982,75.303585,rural,176,8.99,True,2024,5,2024-05-01,36393.23,36393.23,233.7,202.22,0.0,False,0.774,0.8271,206.78,True,False,False
KL_0262,Kannur,Mattannur,Manjakavu,11.973982,75.303585,rural,176,8.99,True,2024,6,2024-06-01,12448.53,12448.53,210.9,79.75,0.0,False,0.756,0.2829,70.73,False,True,False
KL_0262,Kannur,Mattannur,Manjakavu,11.973982,75.303585,rural,176,8.99,True,2024,7,2024-07-01,6110.42,6110.42,206.1,43.01,0.0,False,0.823,0.1389,34.72,False,True,False
KL_0262,Kannur,Mattannur,Manjakavu,11.973982,75.303585,rural,176,8.99,True,2024,8,2024-08-01,6600.01,6600.01,228.0,38.25,0.0,False,0.814,0.15,37.5,False,True,False
KL_0262,Kannur,Mattannur,Manjakavu,11.973982,75.303585,rural,176,8.99,True,2024,9,2024-09-01,13558.27,13558.27,240.4,81.37,0.0,False,0.813,0.3081,77.04,False,True,False
KL_0262,Kannur,Mattannur,Manjakavu,11.973982,75.303585,rural,176,8.99,True,2024,10,2024-10-01,18636.0,18636.0,227.3,123.87,0.0,False,0.849,0.4235,105.89,False,False,False
KL_0262,Kannur,Mattannur,Manjakavu,11.973982,75.303585,rural,176,8.99,True,2024,11,2024-11-01,13938.36,13938.36,252.7,73.56,0.0,False,0.791,0.3168,79.2,False,False,False
KL_0262,Kannur,Mattannur,Manjakavu,11.973982,75.303585,rural,176,8.99,True,2024,12,2024-12-01,12078.57,12078.57,222.2,77.52,0.0,False,0.82,0.2745,68.63,False,False,True
KL_0263,Malappuram,Perinthalmanna,Muthakunnu,10.777729,76.204912,rural,145,17.52,False,2023,1,2023-01-01,9676.82,9676.82,225.3,62.84,0.0,False,0.835,0.2669,66.74,False,False,True
KL_0263,Malappuram,Perinthalmanna,Muthakunnu,10.777729,76.204912,rural,145,17.52,False,2023,2,2023-02-01,11839.8,11839.8,216.4,81.78,0.0,False,0.836,0.3266,81.65,False,False,True
KL_0263,Malappuram,Perinthalmanna,Muthakunnu,10.777729,76.204912,rural,145,17.52,False,2023,3,2023-03-01,15489.6,15489.6,223.0,87.8,0.0,False,0.843,0.4273,106.82,True,False,False
KL_0263,Malappuram,Perinthalmanna,Muthakunnu,10.777729,76.204912,rural,145,17.52,False,2023,4,2023-04-01,12925.9,12925.9,211.0,78.15,0.0,False,0.843,0.3566,89.14,True,False,False
KL_0263,Malappuram,Perinthalmanna,Muthakunnu,10.777729,76.204912,rural,145,17.52,False,2023,5,2023-05-01,16316.54,16316.54,226.1,108.84,0.0,False,0.81,0.4501,112.53,True,False,False
KL_0263,Malappuram,Perinthalmanna,Muthakunnu,10.777729,76.204912,rural,145,17.52,False,2023,6,2023-06-01,27063.24,27063.24,221.7,167.75,0.0,False,0.837,0.7466,186.64,False,True,False
KL_0263,Malappuram,Perinthalmanna,Muthakunnu,10.777729,76.204912,rural,145,17.52,False,2023,7,2023-07-01,16386.27,16386.27,230.0,102.77,0.0,False,0.85,0.452,113.01,False,True,False
KL_0263,Malappuram,Perinthalmanna,Muthakunnu,10.777729,76.204912,rural,145,17.52,False,2023,8,2023-08-01,12413.58,12413.58,236.4,66.44,0.0,False,0.898,0.3424,85.61,False,True,False
KL_0263,Malappuram,Perinthalmanna,Muthakunnu,10.777729,76.204912,rural,145,17.52,False,2023,9,2023-09-01,15548.34,15548.34,231.8,97.42,0.0,False,0.776,0.4289,107.23,False,True,False
KL_0263,Malappuram,Perinthalmanna,Muthakunnu,10.777729,76.204912,rural,145,17.52,False,2023,10,2023-10-01,13253.69,13253.69,244.7,72.11,0.0,False,0.851,0.3656,91.4,False,False,False
KL_0263,Malappuram,Perinthalmanna,Muthakunnu,10.777729,76.204912,rural,145,17.52,False,2023,11,2023-11-01,12889.53,12889.53,232.7,75.62,0.0,False,0.858,0.3556,88.89,False,False,False
KL_0263,Malappuram,Perinthalmanna,Muthakunnu,10.777729,76.204912,rural,145,17.52,False,2023,12,2023-12-01,9573.45,9573.45,234.1,57.92,0.0,False,0.859,0.2641,66.02,False,False,True
KL_0263,Malappuram,Perinthalmanna,Muthakunnu,10.777729,76.204912,rural,145,17.52,False,2024,1,2024-01-01,10491.85,10491.85,212.7,64.08,0.0,False,0.862,0.2894,72.36,False,False,True
KL_0263,Malappuram,Perinthalmanna,Muthakunnu,10.777729,76.204912,rural,145,17.52,False,2024,2,2024-02-01,7542.76,7542.76,225.4,48.84,0.0,False,0.784,0.2081,52.02,False,False,True
KL_0263,Malappuram,Perinthalmanna,Muthakunnu,10.777729,76.204912,rural,145,17.52,False,2024,3,2024-03-01,14018.02,14018.02,228.0,82.22,0.0,False,0.858,0.3867,96.68,True,False,False
KL_0263,Malappuram,Perinthalmanna,Muthakunnu,10.777729,76.204912,rural,145,17.52,False,2024,4,2024-04-01,8386.27,8386.27,235.2,48.59,0.0,False,0.855,0.2313,57.84,True,False,False
KL_0263,Malappuram,Perinthalmanna,Muthakunnu,10.777729,76.204912,rural,145,17.52,False,2024,5,2024-05-01,12168.12,12168.12,239.3,68.14,0.0,False,0.877,0.3357,83.92,True,False,False
KL_0263,Malappuram,Perinthalmanna,Muthakunnu,10.777729,76.204912,rural,145,17.52,False,2024,6,2024-06-01,12902.0,12902.0,225.9,83.54,0.0,False,0.842,0.3559,88.98,False,True,False
KL_0263,Malappuram,Perinthalmanna,Muthakunnu,10.777729,76.204912,rural,145,17.52,False,2024,7,2024-07-01,8282.13,8282.13,229.4,52.6,0.0,False,0.823,0.2285,57.12,False,True,False
KL_0263,Malappuram,Perinthalmanna,Muthakunnu,10.777729,76.204912,rural,145,17.52,False,2024,8,2024-08-01,15093.4,15093.4,213.8,105.6,0.0,False,0.9,0.4164,104.09,False,True,False
KL_0263,Malappuram,Perinthalmanna,Muthakunnu,10.777729,76.204912,rural,145,17.52,False,2024,9,2024-09-01,11394.19,11394.19,243.2,62.28,0.0,False,0.789,0.3143,78.58,False,True,False
KL_0263,Malappuram,Perinthalmanna,Muthakunnu,10.777729,76.204912,rural,145,17.52,False,2024,10,2024-10-01,23409.01,23409.01,227.5,151.73,0.0,False,0.781,0.6458,161.44,False,False,False
KL_0263,Malappuram,Perinthalmanna,Muthakunnu,10.777729,76.204912,rural,145,17.52,False,2024,11,2024-11-01,15439.0,15439.0,231.3,85.24,0.0,False,0.788,0.4259,106.48,False,False,False
KL_0263,Malappuram,Perinthalmanna,Muthakunnu,10.777729,76.204912,rural,145,17.52,False,2024,12,2024-12-01,11949.01,11949.01,223.2,80.63,0.0,False,0.867,0.3296,82.41,False,False,True
KL_0264,Kottayam,Ettumanoor,Padammoodu,9.809039,76.521329,rural,110,17.43,False,2023,1,2023-01-01,5702.6,5702.6,237.5,34.71,0.0,False,0.814,0.2074,51.84,False,False,True
KL_0264,Kottayam,Ettumanoor,Padammoodu,9.809039,76.521329,rural,110,17.43,False,2023,2,2023-02-01,11028.07,11028.07,245.8,59.56,0.0,False,0.844,0.401,100.26,False,False,True
KL_0264,Kottayam,Ettumanoor,Padammoodu,9.809039,76.521329,rural,110,17.43,False,2023,3,2023-03-01,9148.06,9148.06,219.0,58.24,0.0,False,0.919,0.3327,83.16,True,False,False
KL_0264,Kottayam,Ettumanoor,Padammoodu,9.809039,76.521329,rural,110,17.43,False,2023,4,2023-04-01,4990.02,4990.02,241.4,27.5,0.0,False,0.791,0.1815,45.36,True,False,False
KL_0264,Kottayam,Ettumanoor,Padammoodu,9.809039,76.521329,rural,110,17.43,False,2023,5,2023-05-01,14343.88,14343.88,224.7,93.01,0.0,False,0.765,0.5216,130.4,True,False,False
KL_0264,Kottayam,Ettumanoor,Padammoodu,9.809039,76.521329,rural,110,17.43,False,2023,6,2023-06-01,13878.77,13878.77,234.3,74.45,0.0,False,0.891,0.5047,126.17,False,True,False
KL_0264,Kottayam,Ettumanoor,Padammoodu,9.809039,76.521329,rural,110,17.43,False,2023,7,2023-07-01,12430.25,12430.25,229.8,77.47,0.0,False,0.808,0.452,113.0,False,True,False
KL_0264,Kottayam,Ettumanoor,Padammoodu,9.809039,76.521329,rural,110,17.43,False,2023,8,2023-08-01,11081.45,11081.45,221.7,71.17,0.0,False,0.791,0.403,100.74,False,True,False
KL_0264,Kottayam,Ettumanoor,Padammoodu,9.809039,76.521329,rural,110,17.43,False,2023,9,2023-09-01,11009.53,11009.53,211.6,74.1,0.0,False,0.845,0.4003,100.09,False,True,False
KL_0264,Kottayam,Ettumanoor,Padammoodu,9.809039,76.521329,rural,110,17.43,False,2023,10,2023-10-01,8484.21,8484.21,222.7,47.68,0.0,False,0.84,0.3085,77.13,False,False,False
KL_0264,Kottayam,Ettumanoor,Padammoodu,9.809039,76.521329,rural,110,17.43,False,2023,11,2023-11-01,8468.0,8468.0,227.6,46.52,0.0,False,0.807,0.3079,76.98,False,False,False
KL_0264,Kottayam,Ettumanoor,Padammoodu,9.809039,76.521329,rural,110,17.43,False,2023,12,2023-12-01,13165.85,13165.85,223.5,77.76,0.0,False,0.878,0.4788,119.69,False,False,True
KL_0264,Kottayam,Ettumanoor,Padammoodu,9.809039,76.521329,rural,110,17.43,False,2024,1,2024-01-01,9159.27,9159.27,252.8,46.89,0.0,False,0.811,0.3331,83.27,False,False,True
KL_0264,Kottayam,Ettumanoor,Padammoodu,9.809039,76.521329,rural,110,17.43,False,2024,2,2024-02-01,8113.96,8113.96,225.1,51.62,0.0,False,0.809,0.2951,73.76,False,False,True
KL_0264,Kottayam,Ettumanoor,Padammoodu,9.809039,76.521329,rural,110,17.43,False,2024,3,2024-03-01,11961.1,11961.1,220.3,68.71,0.0,False,0.757,0.4349,108.74,True,False,False
KL_0264,Kottayam,Ettumanoor,Padammoodu,9.809039,76.521329,rural,110,17.43,False,2024,4,2024-04-01,11430.71,11430.71,205.5,79.42,0.0,False,0.727,0.4157,103.92,True,False,False
KL_0264,Kottayam,Ettumanoor,Padammoodu,9.809039,76.521329,rural,110,17.43,False,2024,5,2024-05-01,10981.91,10981.91,218.3,71.0,0.0,False,0.862,0.3993,99.84,True,False,False
KL_0264,Kottayam,Ettumanoor,Padammoodu,9.809039,76.521329,rural,110,17.43,False,2024,6,2024-06-01,9960.82,9960.82,231.0,58.62,0.0,False,0.784,0.3622,90.55,False,True,False
KL_0264,Kottayam,Ettumanoor,Padammoodu,9.809039,76.521329,rural,110,17.43,False,2024,7,2024-07-01,8161.58,8161.58,227.7,46.87,0.0,False,0.842,0.2968,74.2,False,True,False
KL_0264,Kottayam,Ettumanoor,Padammoodu,9.809039,76.521329,rural,110,17.43,False,2024,8,2024-08-01,7683.9,7683.9,227.5,46.25,0.0,False,0.946,0.2794,69.85,False,True,False
KL_0264,Kottayam,Ettumanoor,Padammoodu,9.809039,76.521329,rural,110,17.43,False,2024,9,2024-09-01,9093.83,9093.83,225.6,53.36,0.0,False,0.873,0.3307,82.67,False,True,False
KL_0264,Kottayam,Ettumanoor,Padammoodu,9.809039,76.521329,rural,110,17.43,False,2024,10,2024-10-01,11384.29,11384.29,223.4,71.81,0.0,False,0.851,0.414,103.49,False,False,False
KL_0264,Kottayam,Ettumanoor,Padammoodu,9.809039,76.521329,rural,110,17.43,False,2024,11,2024-11-01,16539.02,16539.02,228.1,92.14,0.0,False,0.871,0.6014,150.35,False,False,False
KL_0264,Kottayam,Ettumanoor,Padammoodu,9.809039,76.521329,rural,110,17.43,False,2024,12,2024-12-01,8268.14,8268.14,240.9,48.47,0.0,False,0.958,0.3007,75.16,False,False,True
KL_0265,Wayanad,Meenangadi,Kizhakkavu,11.805406,76.118557,rural,26,5.05,False,2023,1,2023-01-01,1827.84,1827.84,226.8,11.49,0.0,False,0.756,0.2812,70.3,False,False,True
KL_0265,Wayanad,Meenangadi,Kizhakkavu,11.805406,76.118557,rural,26,5.05,False,2023,2,2023-02-01,1583.88,1583.88,236.9,9.54,0.0,False,0.843,0.2437,60.92,False,False,True
KL_0265,Wayanad,Meenangadi,Kizhakkavu,11.805406,76.118557,rural,26,5.05,False,2023,3,2023-03-01,2752.58,2752.58,244.6,17.08,0.0,False,0.924,0.4235,105.87,True,False,False
KL_0265,Wayanad,Meenangadi,Kizhakkavu,11.805406,76.118557,rural,26,5.05,False,2023,4,2023-04-01,1913.98,1913.98,232.9,11.92,0.0,False,0.865,0.2945,73.61,True,False,False
KL_0265,Wayanad,Meenangadi,Kizhakkavu,11.805406,76.118557,rural,26,5.05,False,2023,5,2023-05-01,3185.58,3185.58,244.7,18.4,0.0,False,0.91,0.4901,122.52,True,False,False
KL_0265,Wayanad,Meenangadi,Kizhakkavu,11.805406,76.118557,rural,26,5.05,False,2023,6,2023-06-01,1696.97,1696.97,233.0,10.72,0.0,False,0.819,0.2611,65.27,False,True,False
KL_0265,Wayanad,Meenangadi,Kizhakkavu,11.805406,76.118557,rural,26,5.05,False,2023,7,2023-07-01,2238.08,2238.08,220.5,15.39,0.0,False,0.787,0.3443,86.08,False,True,False
KL_0265,Wayanad,Meenangadi,Kizhakkavu,11.805406,76.118557,rural,26,5.05,False,2023,8,2023-08-01,2725.98,2725.98,239.9,17.0,0.0,False,0.946,0.4194,104.85,False,True,False
KL_0265,Wayanad,Meenangadi,Kizhakkavu,11.805406,76.118557,rural,26,5.05,False,2023,9,2023-09-01,2394.16,2394.16,218.0,15.4,0.0,False,0.854,0.3683,92.08,False,True,False
KL_0265,Wayanad,Meenangadi,Kizhakkavu,11.805406,76.118557,rural,26,5.05,False,2023,10,2023-10-01,1810.43,1810.43,223.4,10.84,0.0,False,0.891,0.2785,69.63,False,False,False
KL_0265,Wayanad,Meenangadi,Kizhakkavu,11.805406,76.118557,rural,26,5.05,False,2023,11,2023-11-01,2223.26,2223.26,223.0,13.97,0.0,False,0.894,0.342,85.51,False,False,False
KL_0265,Wayanad,Meenangadi,Kizhakkavu,11.805406,76.118557,rural,26,5.05,False,2023,12,2023-12-01,1619.86,1619.86,216.9,10.78,0.0,False,0.914,0.2492,62.3,False,False,True
KL_0265,Wayanad,Meenangadi,Kizhakkavu,11.805406,76.118557,rural,26,5.05,False,2024,1,2024-01-01,2200.56,2200.56,229.3,12.94,0.0,False,0.865,0.3385,84.64,False,False,True
KL_0265,Wayanad,Meenangadi,Kizhakkavu,11.805406,76.118557,rural,26,5.05,False,2024,2,2024-02-01,1410.85,1410.85,230.9,9.2,0.0,False,0.867,0.2171,54.26,False,False,True
KL_0265,Wayanad,Meenangadi,Kizhakkavu,11.805406,76.118557,rural,26,5.05,False,2024,3,2024-03-01,1336.92,1336.92,215.3,7.98,0.0,False,0.875,0.2057,51.42,True,False,False
KL_0265,Wayanad,Meenangadi,Kizhakkavu,11.805406,76.118557,rural,26,5.05,False,2024,4,2024-04-01,3729.0,3729.0,226.5,24.78,0.0,False,0.818,0.5737,143.42,True,False,False
KL_0265,Wayanad,Meenangadi,Kizhakkavu,11.805406,76.118557,rural,26,5.05,False,2024,5,2024-05-01,3345.45,3345.45,219.6,21.35,0.0,False,0.903,0.5147,128.67,True,False,False
KL_0265,Wayanad,Meenangadi,Kizhakkavu,11.805406,76.118557,rural,26,5.05,False,2024,6,2024-06-01,2434.99,2434.99,233.8,13.94,0.0,False,0.821,0.3746,93.65,False,True,False
KL_0265,Wayanad,Meenangadi,Kizhakkavu,11.805406,76.118557,rural,26,5.05,False,2024,7,2024-07-01,3356.92,3356.92,216.8,20.22,0.0,False,0.905,0.5164,129.11,False,True,False
KL_0265,Wayanad,Meenangadi,Kizhakkavu,11.805406,76.118557,rural,26,5.05,False,2024,8,2024-08-01,2321.45,2321.45,227.0,13.29,0.0,False,0.89,0.3571,89.29,False,True,False
KL_0265,Wayanad,Meenangadi,Kizhakkavu,11.805406,76.118557,rural,26,5.05,False,2024,9,2024-09-01,2341.89,2341.89,229.2,14.86,0.0,False,0.74,0.3603,90.07,False,True,False
KL_0265,Wayanad,Meenangadi,Kizhakkavu,11.805406,76.118557,rural,26,5.05,False,2024,10,2024-10-01,1904.17,1904.17,220.6,13.09,0.0,False,0.89,0.2929,73.24,False,False,False
KL_0265,Wayanad,Meenangadi,Kizhakkavu,11.805406,76.118557,rural,26,5.05,False,2024,11,2024-11-01,2045.95,2045.95,228.4,13.18,0.0,False,0.862,0.3148,78.69,False,False,False
KL_0265,Wayanad,Meenangadi,Kizhakkavu,11.805406,76.118557,rural,26,5.05,False,2024,12,2024-12-01,1823.71,1823.71,226.9,11.61,0.0,False,0.917,0.2806,70.14,False,False,True
KL_0266,Kozhikode,Kozhikode,Thekkevayal,11.339316,75.777872,semi-urban,61,7.02,False,2023,1,2023-01-01,4651.21,4651.21,223.7,27.85,0.0,False,0.937,0.305,76.25,False,False,True
KL_0266,Kozhikode,Kozhikode,Thekkevayal,11.339316,75.777872,semi-urban,61,7.02,False,2023,2,2023-02-01,8104.24,8104.24,230.7,48.93,0.0,False,0.856,0.5314,132.86,False,False,True
KL_0266,Kozhikode,Kozhikode,Thekkevayal,11.339316,75.777872,semi-urban,61,7.02,False,2023,3,2023-03-01,9747.57,9747.57,246.6,58.95,0.0,False,0.868,0.6392,159.8,True,False,False
KL_0266,Kozhikode,Kozhikode,Thekkevayal,11.339316,75.777872,semi-urban,61,7.02,False,2023,4,2023-04-01,10210.97,10210.97,235.0,66.17,0.0,False,0.786,0.6696,167.39,True,False,False
KL_0266,Kozhikode,Kozhikode,Thekkevayal,11.339316,75.777872,semi-urban,61,7.02,False,2023,5,2023-05-01,9639.51,9639.51,239.9,54.08,0.0,False,0.842,0.6321,158.02,True,False,False
KL_0266,Kozhikode,Kozhikode,Thekkevayal,11.339316,75.777872,semi-urban,61,7.02,False,2023,6,2023-06-01,9289.67,9289.67,222.6,53.07,0.0,False,0.933,0.6092,152.29,False,True,False
KL_0266,Kozhikode,Kozhikode,Thekkevayal,11.339316,75.777872,semi-urban,61,7.02,False,2023,7,2023-07-01,5644.89,5644.89,229.3,36.89,0.0,False,0.85,0.3702,92.54,False,True,False
KL_0266,Kozhikode,Kozhikode,Thekkevayal,11.339316,75.777872,semi-urban,61,7.02,False,2023,8,2023-08-01,8428.17,8428.17,225.9,52.3,0.0,False,0.896,0.5527,138.17,False,True,False
KL_0266,Kozhikode,Kozhikode,Thekkevayal,11.339316,75.777872,semi-urban,61,7.02,False,2023,9,2023-09-01,6807.72,6807.72,240.0,38.01,0.0,False,0.849,0.4464,111.6,False,True,False
KL_0266,Kozhikode,Kozhikode,Thekkevayal,11.339316,75.777872,semi-urban,61,7.02,False,2023,10,2023-10-01,8286.8,8286.8,228.4,48.6,0.0,False,0.844,0.5434,135.85,False,False,False
KL_0266,Kozhikode,Kozhikode,Thekkevayal,11.339316,75.777872,semi-urban,61,7.02,False,2023,11,2023-11-01,7600.12,7600.12,230.6,42.24,0.0,False,0.879,0.4984,124.59,False,False,False
KL_0266,Kozhikode,Kozhikode,Thekkevayal,11.339316,75.777872,semi-urban,61,7.02,False,2023,12,2023-12-01,12281.87,12281.87,246.6,64.92,0.0,False,0.704,0.8054,201.34,False,False,True
KL_0266,Kozhikode,Kozhikode,Thekkevayal,11.339316,75.777872,semi-urban,61,7.02,False,2024,1,2024-01-01,10055.17,10055.17,228.3,57.93,0.0,False,0.869,0.6594,164.84,False,False,True
KL_0266,Kozhikode,Kozhikode,Thekkevayal,11.339316,75.777872,semi-urban,61,7.02,False,2024,2,2024-02-01,7910.04,7910.04,238.2,44.46,0.0,False,0.738,0.5187,129.67,False,False,True
KL_0266,Kozhikode,Kozhikode,Thekkevayal,11.339316,75.777872,semi-urban,61,7.02,False,2024,3,2024-03-01,12448.0,12448.0,220.6,77.78,0.0,False,0.846,0.8163,204.07,True,False,False
KL_0266,Kozhikode,Kozhikode,Thekkevayal,11.339316,75.777872,semi-urban,61,7.02,False,2024,4,2024-04-01,7700.9,7700.9,218.3,53.43,0.0,False,0.808,0.505,126.24,True,False,False
KL_0266,Kozhikode,Kozhikode,Thekkevayal,11.339316,75.777872,semi-urban,61,7.02,False,2024,5,2024-05-01,5746.45,5746.45,225.5,35.18,0.0,False,0.792,0.3768,94.2,True,False,False
KL_0266,Kozhikode,Kozhikode,Thekkevayal,11.339316,75.777872,semi-urban,61,7.02,False,2024,6,2024-06-01,3373.22,3373.22,233.8,20.2,0.0,False,0.924,0.2212,55.3,False,True,False
KL_0266,Kozhikode,Kozhikode,Thekkevayal,11.339316,75.777872,semi-urban,61,7.02,False,2024,7,2024-07-01,10282.95,10282.95,237.7,62.76,0.0,False,0.906,0.6743,168.57,False,True,False
KL_0266,Kozhikode,Kozhikode,Thekkevayal,11.339316,75.777872,semi-urban,61,7.02,False,2024,8,2024-08-01,8486.47,8486.47,215.6,53.98,0.0,False,0.832,0.5565,139.12,False,True,False
KL_0266,Kozhikode,Kozhikode,Thekkevayal,11.339316,75.777872,semi-urban,61,7.02,False,2024,9,2024-09-01,7843.17,7843.17,209.6,50.02,0.0,False,0.969,0.5143,128.58,False,True,False
KL_0266,Kozhikode,Kozhikode,Thekkevayal,11.339316,75.777872,semi-urban,61,7.02,False,2024,10,2024-10-01,10650.76,10650.76,233.9,61.23,0.0,False,0.9,0.6984,174.6,False,False,False
KL_0266,Kozhikode,Kozhikode,Thekkevayal,11.339316,75.777872,semi-urban,61,7.02,False,2024,11,2024-11-01,7430.44,7430.44,228.9,43.11,0.0,False,0.842,0.4872,121.81,False,False,False
KL_0266,Kozhikode,Kozhikode,Thekkevayal,11.339316,75.777872,semi-urban,61,7.02,False,2024,12,2024-12-01,5936.0,5936.0,219.9,34.19,0.0,False,0.756,0.3892,97.31,False,False,True
KL_0267,Kasaragod,Kasaragod,Manakavu,12.742573,75.196279,semi-urban,109,5.29,False,2023,1,2023-01-01,12114.13,12114.13,212.6,72.34,0.0,False,0.845,0.4446,111.14,False,False,True
KL_0267,Kasaragod,Kasaragod,Manakavu,12.742573,75.196279,semi-urban,109,5.29,False,2023,2,2023-02-01,8731.4,8731.4,219.2,57.25,0.0,False,0.818,0.3204,80.1,False,False,True
KL_0267,Kasaragod,Kasaragod,Manakavu,12.742573,75.196279,semi-urban,109,5.29,False,2023,3,2023-03-01,15588.82,15588.82,236.3,95.43,0.0,False,0.827,0.5721,143.02,True,False,False
KL_0267,Kasaragod,Kasaragod,Manakavu,12.742573,75.196279,semi-urban,109,5.29,False,2023,4,2023-04-01,9911.48,9911.48,227.2,63.56,0.0,False,0.871,0.3637,90.93,True,False,False
KL_0267,Kasaragod,Kasaragod,Manakavu,12.742573,75.196279,semi-urban,109,5.29,False,2023,5,2023-05-01,15496.68,15496.68,220.4,103.32,0.0,False,0.819,0.5687,142.17,True,False,False
KL_0267,Kasaragod,Kasaragod,Manakavu,12.742573,75.196279,semi-urban,109,5.29,False,2023,6,2023-06-01,16261.18,16261.18,229.8,97.82,0.0,False,0.916,0.5967,149.19,False,True,False
KL_0267,Kasaragod,Kasaragod,Manakavu,12.742573,75.196279,semi-urban,109,5.29,False,2023,7,2023-07-01,17326.89,17326.89,226.3,112.95,0.0,False,0.823,0.6358,158.96,False,True,False
KL_0267,Kasaragod,Kasaragod,Manakavu,12.742573,75.196279,semi-urban,109,5.29,False,2023,8,2023-08-01,8735.75,8735.75,235.2,46.56,0.0,False,0.799,0.3206,80.14,False,True,False
KL_0267,Kasaragod,Kasaragod,Manakavu,12.742573,75.196279,semi-urban,109,5.29,False,2023,9,2023-09-01,17693.49,17693.49,227.0,115.76,0.0,False,0.882,0.6493,162.33,False,True,False
KL_0267,Kasaragod,Kasaragod,Manakavu,12.742573,75.196279,semi-urban,109,5.29,False,2023,10,2023-10-01,17674.83,17674.83,229.3,108.73,0.0,False,0.849,0.6486,162.15,False,False,False
KL_0267,Kasaragod,Kasaragod,Manakavu,12.742573,75.196279,semi-urban,109,5.29,False,2023,11,2023-11-01,10293.92,10293.92,227.1,66.46,0.0,False,0.893,0.3778,94.44,False,False,False
KL_0267,Kasaragod,Kasaragod,Manakavu,12.742573,75.196279,semi-urban,109,5.29,False,2023,12,2023-12-01,12244.93,12244.93,233.4,67.88,0.0,False,0.859,0.4494,112.34,False,False,True
KL_0267,Kasaragod,Kasaragod,Manakavu,12.742573,75.196279,semi-urban,109,5.29,False,2024,1,2024-01-01,13553.08,13553.08,208.6,94.88,0.0,False,0.781,0.4974,124.34,False,False,True
KL_0267,Kasaragod,Kasaragod,Manakavu,12.742573,75.196279,semi-urban,109,5.29,False,2024,2,2024-02-01,10643.41,10643.41,237.6,61.04,0.0,False,0.865,0.3906,97.65,False,False,True
KL_0267,Kasaragod,Kasaragod,Manakavu,12.742573,75.196279,semi-urban,109,5.29,False,2024,3,2024-03-01,10042.71,10042.71,215.7,61.06,0.0,False,0.805,0.3685,92.13,True,False,False
KL_0267,Kasaragod,Kasaragod,Manakavu,12.742573,75.196279,semi-urban,109,5.29,False,2024,4,2024-04-01,16563.16,16563.16,212.8,106.93,0.0,False,0.857,0.6078,151.96,True,False,False
KL_0267,Kasaragod,Kasaragod,Manakavu,12.742573,75.196279,semi-urban,109,5.29,False,2024,5,2024-05-01,27518.18,27518.18,243.2,172.29,0.0,False,0.82,1.0098,252.46,True,False,False
KL_0267,Kasaragod,Kasaragod,Manakavu,12.742573,75.196279,semi-urban,109,5.29,False,2024,6,2024-06-01,20557.28,20557.28,225.7,132.75,0.0,False,0.84,0.7544,188.6,False,True,False
KL_0267,Kasaragod,Kasaragod,Manakavu,12.742573,75.196279,semi-urban,109,5.29,False,2024,7,2024-07-01,6260.35,6260.35,226.4,35.35,0.0,False,0.852,0.2297,57.43,False,True,False
KL_0267,Kasaragod,Kasaragod,Manakavu,12.742573,75.196279,semi-urban,109,5.29,False,2024,8,2024-08-01,12260.85,12260.85,236.8,77.91,0.0,False,0.887,0.4499,112.48,False,True,False
KL_0267,Kasaragod,Kasaragod,Manakavu,12.742573,75.196279,semi-urban,109,5.29,False,2024,9,2024-09-01,11463.95,11463.95,219.5,72.06,0.0,False,0.822,0.4207,105.17,False,True,False
KL_0267,Kasaragod,Kasaragod,Manakavu,12.742573,75.196279,semi-urban,109,5.29,False,2024,10,2024-10-01,15786.7,15786.7,226.1,103.39,0.0,False,0.711,0.5793,144.83,False,False,False
KL_0267,Kasaragod,Kasaragod,Manakavu,12.742573,75.196279,semi-urban,109,5.29,False,2024,11,2024-11-01,21304.94,21304.94,221.8,125.12,0.0,False,0.802,0.7818,195.46,False,False,False
KL_0267,Kasaragod,Kasaragod,Manakavu,12.742573,75.196279,semi-urban,109,5.29,False,2024,12,2024-12-01,14426.67,14426.67,233.1,77.9,0.0,False,0.857,0.5294,132.35,False,False,True
KL_0268,Kannur,Iritty,Kodumukku,12.255863,75.730091,urban,127,3.16,False,2023,1,2023-01-01,19990.9,19990.9,218.9,133.33,0.0,False,0.909,0.6296,157.41,False,False,True
KL_0268,Kannur,Iritty,Kodumukku,12.255863,75.730091,urban,127,3.16,False,2023,2,2023-02-01,24012.38,24012.38,243.9,127.94,0.0,False,0.865,0.7563,189.07,False,False,True
KL_0268,Kannur,Iritty,Kodumukku,12.255863,75.730091,urban,127,3.16,False,2023,3,2023-03-01,21084.1,21084.1,233.4,135.05,0.0,False,0.9,0.6641,166.02,True,False,False
KL_0268,Kannur,Iritty,Kodumukku,12.255863,75.730091,urban,127,3.16,False,2023,4,2023-04-01,35207.09,35207.09,222.7,239.91,0.0,False,0.858,1.1089,277.22,True,False,False
KL_0268,Kannur,Iritty,Kodumukku,12.255863,75.730091,urban,127,3.16,False,2023,5,2023-05-01,30798.86,30798.86,232.2,178.38,0.0,False,0.861,0.97,242.51,True,False,False
KL_0268,Kannur,Iritty,Kodumukku,12.255863,75.730091,urban,127,3.16,False,2023,6,2023-06-01,19124.54,19124.54,217.0,120.03,0.0,False,0.838,0.6023,150.59,False,True,False
KL_0268,Kannur,Iritty,Kodumukku,12.255863,75.730091,urban,127,3.16,False,2023,7,2023-07-01,26893.57,26893.57,222.7,159.81,0.0,False,0.902,0.847,211.76,False,True,False
KL_0268,Kannur,Iritty,Kodumukku,12.255863,75.730091,urban,127,3.16,False,2023,8,2023-08-01,24214.3,24214.3,236.8,138.26,0.0,False,0.932,0.7627,190.66,False,True,False
KL_0268,Kannur,Iritty,Kodumukku,12.255863,75.730091,urban,127,3.16,False,2023,9,2023-09-01,19856.53,19856.53,209.3,123.34,0.0,False,0.802,0.6254,156.35,False,True,False
KL_0268,Kannur,Iritty,Kodumukku,12.255863,75.730091,urban,127,3.16,False,2023,10,2023-10-01,27132.98,27132.98,247.4,153.7,0.0,False,0.861,0.8546,213.65,False,False,False
KL_0268,Kannur,Iritty,Kodumukku,12.255863,75.730091,urban,127,3.16,False,2023,11,2023-11-01,10649.47,10649.47,248.2,56.87,0.0,False,0.79,0.3354,83.85,False,False,False
KL_0268,Kannur,Iritty,Kodumukku,12.255863,75.730091,urban,127,3.16,False,2023,12,2023-12-01,28125.37,28125.37,230.5,164.22,0.0,False,0.934,0.8858,221.46,False,False,True
KL_0268,Kannur,Iritty,Kodumukku,12.255863,75.730091,urban,127,3.16,False,2024,1,2024-01-01,19624.41,19624.41,227.2,124.02,0.0,False,0.859,0.6181,154.52,False,False,True
KL_0268,Kannur,Iritty,Kodumukku,12.255863,75.730091,urban,127,3.16,False,2024,2,2024-02-01,25485.17,25485.17,216.5,167.41,0.0,False,0.849,0.8027,200.67,False,False,True
KL_0268,Kannur,Iritty,Kodumukku,12.255863,75.730091,urban,127,3.16,False,2024,3,2024-03-01,20959.58,20959.58,237.5,128.21,0.0,False,0.793,0.6601,165.04,True,False,False
KL_0268,Kannur,Iritty,Kodumukku,12.255863,75.730091,urban,127,3.16,False,2024,4,2024-04-01,27583.09,27583.09,226.2,186.11,0.0,False,0.839,0.8688,217.19,True,False,False
KL_0268,Kannur,Iritty,Kodumukku,12.255863,75.730091,urban,127,3.16,False,2024,5,2024-05-01,36284.46,36284.46,233.1,231.24,0.0,False,0.846,1.1428,285.7,True,False,False
KL_0268,Kannur,Iritty,Kodumukku,12.255863,75.730091,urban,127,3.16,False,2024,6,2024-06-01,33487.69,33487.69,228.1,211.65,0.0,False,0.796,1.0547,263.68,False,True,False
KL_0268,Kannur,Iritty,Kodumukku,12.255863,75.730091,urban,127,3.16,False,2024,7,2024-07-01,30755.55,30755.55,218.1,205.52,0.0,False,0.858,0.9687,242.17,False,True,False
KL_0268,Kannur,Iritty,Kodumukku,12.255863,75.730091,urban,127,3.16,False,2024,8,2024-08-01,19280.83,19280.83,235.6,112.52,0.0,False,0.807,0.6073,151.82,False,True,False
KL_0268,Kannur,Iritty,Kodumukku,12.255863,75.730091,urban,127,3.16,False,2024,9,2024-09-01,32718.62,32718.62,243.2,175.04,0.0,False,0.872,1.0305,257.63,False,True,False
KL_0268,Kannur,Iritty,Kodumukku,12.255863,75.730091,urban,127,3.16,False,2024,10,2024-10-01,16302.35,16302.35,225.8,106.09,0.0,False,0.801,0.5135,128.36,False,False,False
KL_0268,Kannur,Iritty,Kodumukku,12.255863,75.730091,urban,127,3.16,False,2024,11,2024-11-01,31716.7,31716.7,227.1,187.07,0.0,False,0.858,0.999,249.74,False,False,False
KL_0268,Kannur,Iritty,Kodumukku,12.255863,75.730091,urban,127,3.16,False,2024,12,2024-12-01,19030.15,19030.15,235.1,103.0,0.0,False,0.84,0.5994,149.84,False,False,True
KL_0269,Pathanamthitta,Kozhencherry,Manakunnu,9.552675,76.872185,rural,63,23.06,True,2023,1,2023-01-01,6457.61,6457.61,235.0,40.15,0.0,False,0.865,0.41,102.5,False,False,True
KL_0269,Pathanamthitta,Kozhencherry,Manakunnu,9.552675,76.872185,rural,63,23.06,True,2023,2,2023-02-01,2756.14,3267.0,227.6,25.45,18.54,True,0.858,0.2074,51.86,False,False,True
KL_0269,Pathanamthitta,Kozhencherry,Manakunnu,9.552675,76.872185,rural,63,23.06,True,2023,3,2023-03-01,5154.56,6672.99,226.1,51.1,29.46,True,0.855,0.4237,105.92,True,False,False
KL_0269,Pathanamthitta,Kozhencherry,Manakunnu,9.552675,76.872185,rural,63,23.06,True,2023,4,2023-04-01,5367.35,7773.28,218.7,58.81,44.83,True,0.813,0.4935,123.39,True,False,False
KL_0269,Pathanamthitta,Kozhencherry,Manakunnu,9.552675,76.872185,rural,63,23.06,True,2023,5,2023-05-01,8611.4,10615.64,215.8,88.67,23.27,True,0.878,0.674,168.5,True,False,False
KL_0269,Pathanamthitta,Kozhencherry,Manakunnu,9.552675,76.872185,rural,63,23.06,True,2023,6,2023-06-01,6337.4,8975.91,214.6,69.49,41.63,True,0.864,0.5699,142.47,False,True,False
KL_0269,Pathanamthitta,Kozhencherry,Manakunnu,9.552675,76.872185,rural,63,23.06,True,2023,7,2023-07-01,6334.0,8668.74,234.5,57.48,36.86,True,0.882,0.5504,137.6,False,True,False
KL_0269,Pathanamthitta,Kozhencherry,Manakunnu,9.552675,76.872185,rural,63,23.06,True,2023,8,2023-08-01,4348.41,5670.68,227.7,41.6,30.41,True,0.849,0.36,90.01,False,True,False
KL_0269,Pathanamthitta,Kozhencherry,Manakunnu,9.552675,76.872185,rural,63,23.06,True,2023,9,2023-09-01,2721.36,2721.36,212.6,17.21,0.0,False,0.841,0.1728,43.2,False,True,False
KL_0269,Pathanamthitta,Kozhencherry,Manakunnu,9.552675,76.872185,rural,63,23.06,True,2023,10,2023-10-01,8071.42,8071.42,225.3,48.5,0.0,False,0.799,0.5125,128.12,False,False,False
KL_0269,Pathanamthitta,Kozhencherry,Manakunnu,9.552675,76.872185,rural,63,23.06,True,2023,11,2023-11-01,6574.5,8658.25,228.2,60.57,31.69,True,0.817,0.5497,137.43,False,False,False
KL_0269,Pathanamthitta,Kozhencherry,Manakunnu,9.552675,76.872185,rural,63,23.06,True,2023,12,2023-12-01,6751.39,8045.61,213.1,60.15,19.17,True,0.826,0.5108,127.71,False,False,True
KL_0269,Pathanamthitta,Kozhencherry,Manakunnu,9.552675,76.872185,rural,63,23.06,True,2024,1,2024-01-01,4158.71,5926.05,218.7,43.66,42.5,True,0.898,0.3763,94.06,False,False,True
KL_0269,Pathanamthitta,Kozhencherry,Manakunnu,9.552675,76.872185,rural,63,23.06,True,2024,2,2024-02-01,4151.59,5685.71,215.4,46.34,36.95,True,0.788,0.361,90.25,False,False,True
KL_0269,Pathanamthitta,Kozhencherry,Manakunnu,9.552675,76.872185,rural,63,23.06,True,2024,3,2024-03-01,5244.01,6373.83,220.6,48.39,21.54,True,0.783,0.4047,101.17,True,False,False
KL_0269,Pathanamthitta,Kozhencherry,Manakunnu,9.552675,76.872185,rural,63,23.06,True,2024,4,2024-04-01,3773.82,5235.59,220.1,40.96,38.73,True,0.846,0.3324,83.1,True,False,False
KL_0269,Pathanamthitta,Kozhencherry,Manakunnu,9.552675,76.872185,rural,63,23.06,True,2024,5,2024-05-01,3381.48,4019.02,212.8,29.61,18.85,True,0.812,0.2552,63.79,True,False,False
KL_0269,Pathanamthitta,Kozhencherry,Manakunnu,9.552675,76.872185,rural,63,23.06,True,2024,6,2024-06-01,6308.24,8722.47,225.2,69.51,38.27,True,0.831,0.5538,138.45,False,True,False
KL_0269,Pathanamthitta,Kozhencherry,Manakunnu,9.552675,76.872185,rural,63,23.06,True,2024,7,2024-07-01,6388.41,8358.59,219.3,63.56,30.84,True,0.828,0.5307,132.68,False,True,False
KL_0269,Pathanamthitta,Kozhencherry,Manakunnu,9.552675,76.872185,rural,63,23.06,True,2024,8,2024-08-01,6672.19,6672.19,219.2,41.04,0.0,False,0.818,0.4236,105.91,False,True,False
KL_0269,Pathanamthitta,Kozhencherry,Manakunnu,9.552675,76.872185,rural,63,23.06,True,2024,9,2024-09-01,5105.86,6403.26,220.9,47.32,25.41,True,0.812,0.4066,101.64,False,True,False
KL_0269,Pathanamthitta,Kozhencherry,Manakunnu,9.552675,76.872185,rural,63,23.06,True,2024,10,2024-10-01,2932.95,3994.68,205.1,33.63,36.2,True,0.803,0.2536,63.41,False,False,False
KL_0269,Pathanamthitta,Kozhencherry,Manakunnu,9.552675,76.872185,rural,63,23.06,True,2024,11,2024-11-01,4064.43,5705.39,227.3,42.91,40.37,True,0.832,0.3622,90.56,False,False,False
KL_0269,Pathanamthitta,Kozhencherry,Manakunnu,9.552675,76.872185,rural,63,23.06,True,2024,12,2024-12-01,6652.26,8857.82,216.3,64.74,33.16,True,0.777,0.5624,140.6,False,False,True
KL_0270,Kozhikode,Koyilandy,Manakavu,11.411842,75.809371,rural,18,12.89,False,2023,1,2023-01-01,1173.3,1173.3,209.2,7.03,0.0,False,0.88,0.2607,65.18,False,False,True
KL_0270,Kozhikode,Koyilandy,Manakavu,11.411842,75.809371,rural,18,12.89,False,2023,2,2023-02-01,1308.93,1308.93,231.9,8.48,0.0,False,0.806,0.2909,72.72,False,False,True
KL_0270,Kozhikode,Koyilandy,Manakavu,11.411842,75.809371,rural,18,12.89,False,2023,3,2023-03-01,734.12,734.12,233.1,4.72,0.0,False,0.873,0.1631,40.78,True,False,False
KL_0270,Kozhikode,Koyilandy,Manakavu,11.411842,75.809371,rural,18,12.89,False,2023,4,2023-04-01,1303.8,1303.8,225.4,8.59,0.0,False,0.817,0.2897,72.43,True,False,False
KL_0270,Kozhikode,Koyilandy,Manakavu,11.411842,75.809371,rural,18,12.89,False,2023,5,2023-05-01,2419.07,2419.07,233.0,13.45,0.0,False,0.902,0.5376,134.39,True,False,False
KL_0270,Kozhikode,Koyilandy,Manakavu,11.411842,75.809371,rural,18,12.89,False,2023,6,2023-06-01,1722.11,1722.11,235.0,10.78,0.0,False,0.852,0.3827,95.67,False,True,False
KL_0270,Kozhikode,Koyilandy,Manakavu,11.411842,75.809371,rural,18,12.89,False,2023,7,2023-07-01,1137.19,1137.19,215.0,8.06,0.0,False,0.796,0.2527,63.18,False,True,False
KL_0270,Kozhikode,Koyilandy,Manakavu,11.411842,75.809371,rural,18,12.89,False,2023,8,2023-08-01,1161.46,1161.46,221.2,7.09,0.0,False,0.975,0.2581,64.53,False,True,False
KL_0270,Kozhikode,Koyilandy,Manakavu,11.411842,75.809371,rural,18,12.89,False,2023,9,2023-09-01,2976.35,2976.35,223.3,16.8,0.0,False,0.829,0.6614,165.35,False,True,False
KL_0270,Kozhikode,Koyilandy,Manakavu,11.411842,75.809371,rural,18,12.89,False,2023,10,2023-10-01,2557.13,2557.13,230.2,15.08,0.0,False,0.822,0.5683,142.06,False,False,False
KL_0270,Kozhikode,Koyilandy,Manakavu,11.411842,75.809371,rural,18,12.89,False,2023,11,2023-11-01,1651.33,1651.33,219.9,10.91,0.0,False,0.826,0.367,91.74,False,False,False
KL_0270,Kozhikode,Koyilandy,Manakavu,11.411842,75.809371,rural,18,12.89,False,2023,12,2023-12-01,1774.35,1774.35,223.4,10.96,0.0,False,0.87,0.3943,98.57,False,False,True
KL_0270,Kozhikode,Koyilandy,Manakavu,11.411842,75.809371,rural,18,12.89,False,2024,1,2024-01-01,1596.49,1596.49,223.6,9.39,0.0,False,0.777,0.3548,88.69,False,False,True
KL_0270,Kozhikode,Koyilandy,Manakavu,11.411842,75.809371,rural,18,12.89,False,2024,2,2024-02-01,1621.66,1621.66,230.7,8.88,0.0,False,0.857,0.3604,90.09,False,False,True
KL_0270,Kozhikode,Koyilandy,Manakavu,11.411842,75.809371,rural,18,12.89,False,2024,3,2024-03-01,1783.1,1783.1,225.2,11.78,0.0,False,0.766,0.3962,99.06,True,False,False
KL_0270,Kozhikode,Koyilandy,Manakavu,11.411842,75.809371,rural,18,12.89,False,2024,4,2024-04-01,1522.42,1522.42,223.1,8.53,0.0,False,0.846,0.3383,84.58,True,False,False
KL_0270,Kozhikode,Koyilandy,Manakavu,11.411842,75.809371,rural,18,12.89,False,2024,5,2024-05-01,2413.26,2413.26,225.9,15.64,0.0,False,0.906,0.5363,134.07,True,False,False
KL_0270,Kozhikode,Koyilandy,Manakavu,11.411842,75.809371,rural,18,12.89,False,2024,6,2024-06-01,1334.55,1334.55,229.8,8.25,0.0,False,0.822,0.2966,74.14,False,True,False
KL_0270,Kozhikode,Koyilandy,Manakavu,11.411842,75.809371,rural,18,12.89,False,2024,7,2024-07-01,796.09,796.09,228.6,4.42,0.0,False,0.894,0.1769,44.23,False,True,False
KL_0270,Kozhikode,Koyilandy,Manakavu,11.411842,75.809371,rural,18,12.89,False,2024,8,2024-08-01,1720.71,1720.71,224.8,10.34,0.0,False,0.767,0.3824,95.6,False,True,False
KL_0270,Kozhikode,Koyilandy,Manakavu,11.411842,75.809371,rural,18,12.89,False,2024,9,2024-09-01,2479.75,2479.75,225.5,14.83,0.0,False,0.819,0.5511,137.76,False,True,False
KL_0270,Kozhikode,Koyilandy,Manakavu,11.411842,75.809371,rural,18,12.89,False,2024,10,2024-10-01,984.96,984.96,214.6,5.93,0.0,False,0.789,0.2189,54.72,False,False,False
KL_0270,Kozhikode,Koyilandy,Manakavu,11.411842,75.809371,rural,18,12.89,False,2024,11,2024-11-01,1239.19,1239.19,232.2,8.09,0.0,False,0.945,0.2754,68.84,False,False,False
KL_0270,Kozhikode,Koyilandy,Manakavu,11.411842,75.809371,rural,18,12.89,False,2024,12,2024-12-01,2165.83,2165.83,220.4,14.82,0.0,False,0.83,0.4813,120.32,False,False,True
KL_0271,Palakkad,Shoranur,Kottathara,10.762097,76.881371,rural,127,17.95,False,2023,1,2023-01-01,12592.88,12592.88,224.6,73.33,0.0,False,0.817,0.3966,99.16,False,False,True
KL_0271,Palakkad,Shoranur,Kottathara,10.762097,76.881371,rural,127,17.95,False,2023,2,2023-02-01,13563.71,13563.71,224.1,80.96,0.0,False,0.837,0.4272,106.8,False,False,True
KL_0271,Palakkad,Shoranur,Kottathara,10.762097,76.881371,rural,127,17.95,False,2023,3,2023-03-01,13637.29,13637.29,228.0,85.92,0.0,False,0.85,0.4295,107.38,True,False,False
KL_0271,Palakkad,Shoranur,Kottathara,10.762097,76.881371,rural,127,17.95,False,2023,4,2023-04-01,11752.27,11752.27,244.0,71.16,0.0,False,0.831,0.3702,92.54,True,False,False
KL_0271,Palakkad,Shoranur,Kottathara,10.762097,76.881371,rural,127,17.95,False,2023,5,2023-05-01,20492.26,20492.26,221.5,133.25,0.0,False,0.79,0.6454,161.36,True,False,False
KL_0271,Palakkad,Shoranur,Kottathara,10.762097,76.881371,rural,127,17.95,False,2023,6,2023-06-01,17459.68,17459.68,219.7,100.64,0.0,False,0.917,0.5499,137.48,False,True,False
KL_0271,Palakkad,Shoranur,Kottathara,10.762097,76.881371,rural,127,17.95,False,2023,7,2023-07-01,5774.41,5774.41,232.2,31.38,0.0,False,0.904,0.1819,45.47,False,True,False
KL_0271,Palakkad,Shoranur,Kottathara,10.762097,76.881371,rural,127,17.95,False,2023,8,2023-08-01,5319.58,5319.58,234.5,32.34,0.0,False,0.867,0.1675,41.89,False,True,False
KL_0271,Palakkad,Shoranur,Kottathara,10.762097,76.881371,rural,127,17.95,False,2023,9,2023-09-01,12738.88,12738.88,239.6,79.49,0.0,False,0.864,0.4012,100.31,False,True,False
KL_0271,Palakkad,Shoranur,Kottathara,10.762097,76.881371,rural,127,17.95,False,2023,10,2023-10-01,7699.52,7699.52,222.7,50.07,0.0,False,0.861,0.2425,60.63,False,False,False
KL_0271,Palakkad,Shoranur,Kottathara,10.762097,76.881371,rural,127,17.95,False,2023,11,2023-11-01,7516.85,7516.85,220.9,50.55,0.0,False,0.827,0.2368,59.19,False,False,False
KL_0271,Palakkad,Shoranur,Kottathara,10.762097,76.881371,rural,127,17.95,False,2023,12,2023-12-01,5754.69,5754.69,230.0,34.62,0.0,False,0.822,0.1813,45.31,False,False,True
KL_0271,Palakkad,Shoranur,Kottathara,10.762097,76.881371,rural,127,17.95,False,2024,1,2024-01-01,8368.95,8368.95,233.2,45.97,0.0,False,0.93,0.2636,65.9,False,False,True
KL_0271,Palakkad,Shoranur,Kottathara,10.762097,76.881371,rural,127,17.95,False,2024,2,2024-02-01,9085.25,9085.25,224.4,56.81,0.0,False,0.881,0.2861,71.54,False,False,True
KL_0271,Palakkad,Shoranur,Kottathara,10.762097,76.881371,rural,127,17.95,False,2024,3,2024-03-01,8052.17,8052.17,220.7,48.94,0.0,False,0.784,0.2536,63.4,True,False,False
KL_0271,Palakkad,Shoranur,Kottathara,10.762097,76.881371,rural,127,17.95,False,2024,4,2024-04-01,9574.18,9574.18,209.6,58.92,0.0,False,0.827,0.3015,75.39,True,False,False
KL_0271,Palakkad,Shoranur,Kottathara,10.762097,76.881371,rural,127,17.95,False,2024,5,2024-05-01,11447.64,11447.64,225.2,64.36,0.0,False,0.874,0.3606,90.14,True,False,False
KL_0271,Palakkad,Shoranur,Kottathara,10.762097,76.881371,rural,127,17.95,False,2024,6,2024-06-01,15240.94,15240.94,235.5,88.65,0.0,False,0.868,0.48,120.01,False,True,False
KL_0271,Palakkad,Shoranur,Kottathara,10.762097,76.881371,rural,127,17.95,False,2024,7,2024-07-01,9640.86,9640.86,229.5,57.85,0.0,False,0.876,0.3036,75.91,False,True,False
KL_0271,Palakkad,Shoranur,Kottathara,10.762097,76.881371,rural,127,17.95,False,2024,8,2024-08-01,5881.11,5881.11,230.2,34.71,0.0,False,0.776,0.1852,46.31,False,True,False
KL_0271,Palakkad,Shoranur,Kottathara,10.762097,76.881371,rural,127,17.95,False,2024,9,2024-09-01,7366.52,7366.52,233.6,44.32,0.0,False,0.866,0.232,58.0,False,True,False
KL_0271,Palakkad,Shoranur,Kottathara,10.762097,76.881371,rural,127,17.95,False,2024,10,2024-10-01,3463.82,3463.82,226.2,21.86,0.0,False,0.906,0.1091,27.27,False,False,False
KL_0271,Palakkad,Shoranur,Kottathara,10.762097,76.881371,rural,127,17.95,False,2024,11,2024-11-01,5706.23,5706.23,237.1,30.31,0.0,False,0.775,0.1797,44.93,False,False,False
KL_0271,Palakkad,Shoranur,Kottathara,10.762097,76.881371,rural,127,17.95,False,2024,12,2024-12-01,11405.95,11405.95,228.7,76.1,0.0,False,0.937,0.3592,89.81,False,False,True
KL_0272,Wayanad,Vythiri,Padamkavu,11.701537,75.471426,rural,168,9.09,False,2023,1,2023-01-01,7779.38,7779.38,230.6,48.23,0.0,False,0.867,0.1852,46.31,False,False,True
KL_0272,Wayanad,Vythiri,Padamkavu,11.701537,75.471426,rural,168,9.09,False,2023,2,2023-02-01,9754.74,9754.74,221.6,62.56,0.0,False,0.855,0.2323,58.06,False,False,True
KL_0272,Wayanad,Vythiri,Padamkavu,11.701537,75.471426,rural,168,9.09,False,2023,3,2023-03-01,13110.62,13110.62,225.1,79.08,0.0,False,0.802,0.3122,78.04,True,False,False
KL_0272,Wayanad,Vythiri,Padamkavu,11.701537,75.471426,rural,168,9.09,False,2023,4,2023-04-01,19249.11,19249.11,216.7,122.81,0.0,False,0.818,0.4583,114.58,True,False,False
KL_0272,Wayanad,Vythiri,Padamkavu,11.701537,75.471426,rural,168,9.09,False,2023,5,2023-05-01,20728.2,20728.2,217.1,141.6,0.0,False,0.831,0.4935,123.38,True,False,False
KL_0272,Wayanad,Vythiri,Padamkavu,11.701537,75.471426,rural,168,9.09,False,2023,6,2023-06-01,11715.5,11715.5,222.0,76.45,0.0,False,0.779,0.2789,69.74,False,True,False
KL_0272,Wayanad,Vythiri,Padamkavu,11.701537,75.471426,rural,168,9.09,False,2023,7,2023-07-01,21746.81,21746.81,238.3,135.42,0.0,False,0.834,0.5178,129.45,False,True,False
KL_0272,Wayanad,Vythiri,Padamkavu,11.701537,75.471426,rural,168,9.09,False,2023,8,2023-08-01,12897.32,12897.32,224.2,73.81,0.0,False,0.805,0.3071,76.77,False,True,False
KL_0272,Wayanad,Vythiri,Padamkavu,11.701537,75.471426,rural,168,9.09,False,2023,9,2023-09-01,7236.41,7236.41,233.1,44.42,0.0,False,0.884,0.1723,43.07,False,True,False
KL_0272,Wayanad,Vythiri,Padamkavu,11.701537,75.471426,rural,168,9.09,False,2023,10,2023-10-01,15125.08,15125.08,229.7,99.87,0.0,False,0.698,0.3601,90.03,False,False,False
KL_0272,Wayanad,Vythiri,Padamkavu,11.701537,75.471426,rural,168,9.09,False,2023,11,2023-11-01,17062.46,17062.46,231.8,96.6,0.0,False,0.838,0.4062,101.56,False,False,False
KL_0272,Wayanad,Vythiri,Padamkavu,11.701537,75.471426,rural,168,9.09,False,2023,12,2023-12-01,6432.82,6432.82,208.9,46.03,0.0,False,0.802,0.1532,38.29,False,False,True
KL_0272,Wayanad,Vythiri,Padamkavu,11.701537,75.471426,rural,168,9.09,False,2024,1,2024-01-01,9867.06,9867.06,222.3,63.39,0.0,False,0.85,0.2349,58.73,False,False,True
KL_0272,Wayanad,Vythiri,Padamkavu,11.701537,75.471426,rural,168,9.09,False,2024,2,2024-02-01,8478.7,8478.7,235.9,47.6,0.0,False,0.968,0.2019,50.47,False,False,True
KL_0272,Wayanad,Vythiri,Padamkavu,11.701537,75.471426,rural,168,9.09,False,2024,3,2024-03-01,18515.97,18515.97,219.7,125.82,0.0,False,0.934,0.4409,110.21,True,False,False
KL_0272,Wayanad,Vythiri,Padamkavu,11.701537,75.471426,rural,168,9.09,False,2024,4,2024-04-01,12029.63,12029.63,232.4,66.47,0.0,False,0.825,0.2864,71.6,True,False,False
KL_0272,Wayanad,Vythiri,Padamkavu,11.701537,75.471426,rural,168,9.09,False,2024,5,2024-05-01,13269.33,13269.33,217.8,88.34,0.0,False,0.841,0.3159,78.98,True,False,False
KL_0272,Wayanad,Vythiri,Padamkavu,11.701537,75.471426,rural,168,9.09,False,2024,6,2024-06-01,16702.08,16702.08,232.5,109.28,0.0,False,0.808,0.3977,99.42,False,True,False
KL_0272,Wayanad,Vythiri,Padamkavu,11.701537,75.471426,rural,168,9.09,False,2024,7,2024-07-01,10644.67,10644.67,219.3,63.73,0.0,False,0.842,0.2534,63.36,False,True,False
KL_0272,Wayanad,Vythiri,Padamkavu,11.701537,75.471426,rural,168,9.09,False,2024,8,2024-08-01,17357.94,17357.94,227.7,116.34,0.0,False,0.887,0.4133,103.32,False,True,False
KL_0272,Wayanad,Vythiri,Padamkavu,11.701537,75.471426,rural,168,9.09,False,2024,9,2024-09-01,11880.12,11880.12,219.0,77.11,0.0,False,0.784,0.2829,70.72,False,True,False
KL_0272,Wayanad,Vythiri,Padamkavu,11.701537,75.471426,rural,168,9.09,False,2024,10,2024-10-01,14176.56,14176.56,233.6,78.86,0.0,False,0.928,0.3375,84.38,False,False,False
KL_0272,Wayanad,Vythiri,Padamkavu,11.701537,75.471426,rural,168,9.09,False,2024,11,2024-11-01,14172.39,14172.39,223.4,87.84,0.0,False,0.896,0.3374,84.36,False,False,False
KL_0272,Wayanad,Vythiri,Padamkavu,11.701537,75.471426,rural,168,9.09,False,2024,12,2024-12-01,14125.65,14125.65,219.3,95.89,0.0,False,0.894,0.3363,84.08,False,False,True
KL_0273,Kannur,Payyanur,Kizhaknagar,12.205082,75.514108,rural,54,21.09,False,2023,1,2023-01-01,3916.92,3916.92,226.8,25.52,0.0,False,0.869,0.2901,72.54,False,False,True
KL_0273,Kannur,Payyanur,Kizhaknagar,12.205082,75.514108,rural,54,21.09,False,2023,2,2023-02-01,3057.73,3057.73,222.3,19.4,0.0,False,0.805,0.2265,56.62,False,False,True
KL_0273,Kannur,Payyanur,Kizhaknagar,12.205082,75.514108,rural,54,21.09,False,2023,3,2023-03-01,4941.96,4941.96,222.2,30.51,0.0,False,0.901,0.3661,91.52,True,False,False
KL_0273,Kannur,Payyanur,Kizhaknagar,12.205082,75.514108,rural,54,21.09,False,2023,4,2023-04-01,4711.47,4711.47,236.0,30.49,0.0,False,0.834,0.349,87.25,True,False,False
KL_0273,Kannur,Payyanur,Kizhaknagar,12.205082,75.514108,rural,54,21.09,False,2023,5,2023-05-01,6717.9,6717.9,222.8,39.74,0.0,False,0.766,0.4976,124.41,True,False,False
KL_0273,Kannur,Payyanur,Kizhaknagar,12.205082,75.514108,rural,54,21.09,False,2023,6,2023-06-01,1923.33,1923.33,204.3,14.12,0.0,False,0.854,0.1425,35.62,False,True,False
KL_0273,Kannur,Payyanur,Kizhaknagar,12.205082,75.514108,rural,54,21.09,False,2023,7,2023-07-01,4187.73,4187.73,237.4,26.93,0.0,False,0.792,0.3102,77.55,False,True,False
KL_0273,Kannur,Payyanur,Kizhaknagar,12.205082,75.514108,rural,54,21.09,False,2023,8,2023-08-01,2762.85,2762.85,221.5,18.87,0.0,False,0.82,0.2047,51.16,False,True,False
KL_0273,Kannur,Payyanur,Kizhaknagar,12.205082,75.514108,rural,54,21.09,False,2023,9,2023-09-01,4265.44,4265.44,235.0,22.71,0.0,False,0.885,0.316,78.99,False,True,False
KL_0273,Kannur,Payyanur,Kizhaknagar,12.205082,75.514108,rural,54,21.09,False,2023,10,2023-10-01,8742.29,8742.29,233.7,53.69,0.0,False,0.844,0.6476,161.89,False,False,False
KL_0273,Kannur,Payyanur,Kizhaknagar,12.205082,75.514108,rural,54,21.09,False,2023,11,2023-11-01,2434.99,2434.99,231.4,13.79,0.0,False,0.848,0.1804,45.09,False,False,False
KL_0273,Kannur,Payyanur,Kizhaknagar,12.205082,75.514108,rural,54,21.09,False,2023,12,2023-12-01,4812.92,4812.92,232.4,27.61,0.0,False,0.908,0.3565,89.13,False,False,True
KL_0273,Kannur,Payyanur,Kizhaknagar,12.205082,75.514108,rural,54,21.09,False,2024,1,2024-01-01,2489.17,2489.17,215.1,16.69,0.0,False,0.737,0.1844,46.1,False,False,True
KL_0273,Kannur,Payyanur,Kizhaknagar,12.205082,75.514108,rural,54,21.09,False,2024,2,2024-02-01,2984.38,2984.38,233.8,18.13,0.0,False,0.906,0.2211,55.27,False,False,True
KL_0273,Kannur,Payyanur,Kizhaknagar,12.205082,75.514108,rural,54,21.09,False,2024,3,2024-03-01,3450.69,3450.69,218.5,19.88,0.0,False,0.857,0.2556,63.9,True,False,False
KL_0273,Kannur,Payyanur,Kizhaknagar,12.205082,75.514108,rural,54,21.09,False,2024,4,2024-04-01,3018.87,3018.87,210.6,20.69,0.0,False,0.847,0.2236,55.9,True,False,False
KL_0273,Kannur,Payyanur,Kizhaknagar,12.205082,75.514108,rural,54,21.09,False,2024,5,2024-05-01,6632.94,6632.94,232.7,43.27,0.0,False,0.848,0.4913,122.83,True,False,False
KL_0273,Kannur,Payyanur,Kizhaknagar,12.205082,75.514108,rural,54,21.09,False,2024,6,2024-06-01,4139.23,4139.23,232.9,24.7,0.0,False,0.882,0.3066,76.65,False,True,False
KL_0273,Kannur,Payyanur,Kizhaknagar,12.205082,75.514108,rural,54,21.09,False,2024,7,2024-07-01,5565.04,5565.04,233.9,32.9,0.0,False,0.901,0.4122,103.06,False,True,False
KL_0273,Kannur,Payyanur,Kizhaknagar,12.205082,75.514108,rural,54,21.09,False,2024,8,2024-08-01,5717.22,5717.22,237.1,32.85,0.0,False,0.838,0.4235,105.87,False,True,False
KL_0273,Kannur,Payyanur,Kizhaknagar,12.205082,75.514108,rural,54,21.09,False,2024,9,2024-09-01,5874.67,5874.67,230.5,32.63,0.0,False,0.843,0.4352,108.79,False,True,False
KL_0273,Kannur,Payyanur,Kizhaknagar,12.205082,75.514108,rural,54,21.09,False,2024,10,2024-10-01,5437.04,5437.04,224.4,32.13,0.0,False,0.88,0.4027,100.69,False,False,False
KL_0273,Kannur,Payyanur,Kizhaknagar,12.205082,75.514108,rural,54,21.09,False,2024,11,2024-11-01,7827.06,7827.06,222.1,46.97,0.0,False,0.745,0.5798,144.95,False,False,False
KL_0273,Kannur,Payyanur,Kizhaknagar,12.205082,75.514108,rural,54,21.09,False,2024,12,2024-12-01,3842.97,3842.97,239.6,20.82,0.0,False,0.845,0.2847,71.17,False,False,True
KL_0274,Ernakulam,Perumbavoor,Thoduthara,10.013116,76.617269,rural,197,13.62,True,2023,1,2023-01-01,14429.59,14429.59,233.1,79.4,0.0,False,0.875,0.293,73.25,False,False,True
KL_0274,Ernakulam,Perumbavoor,Thoduthara,10.013116,76.617269,rural,197,13.62,True,2023,2,2023-02-01,16117.32,16117.32,224.8,102.01,0.0,False,0.825,0.3273,81.81,False,False,True
KL_0274,Ernakulam,Perumbavoor,Thoduthara,10.013116,76.617269,rural,197,13.62,True,2023,3,2023-03-01,25294.17,25294.17,231.5,154.19,0.0,False,0.81,0.5136,128.4,True,False,False
KL_0274,Ernakulam,Perumbavoor,Thoduthara,10.013116,76.617269,rural,197,13.62,True,2023,4,2023-04-01,23890.17,23890.17,220.0,151.06,0.0,False,0.842,0.4851,121.27,True,False,False
KL_0274,Ernakulam,Perumbavoor,Thoduthara,10.013116,76.617269,rural,197,13.62,True,2023,5,2023-05-01,10668.69,10668.69,209.6,70.62,0.0,False,0.821,0.2166,54.16,True,False,False
KL_0274,Ernakulam,Perumbavoor,Thoduthara,10.013116,76.617269,rural,197,13.62,True,2023,6,2023-06-01,26100.52,26100.52,208.7,182.75,0.0,False,0.838,0.53,132.49,False,True,False
KL_0274,Ernakulam,Perumbavoor,Thoduthara,10.013116,76.617269,rural,197,13.62,True,2023,7,2023-07-01,20729.64,20729.64,213.8,147.07,0.0,False,0.826,0.4209,105.23,False,True,False
KL_0274,Ernakulam,Perumbavoor,Thoduthara,10.013116,76.617269,rural,197,13.62,True,2023,8,2023-08-01,13083.52,13083.52,224.9,87.32,0.0,False,0.928,0.2657,66.41,False,True,False
KL_0274,Ernakulam,Perumbavoor,Thoduthara,10.013116,76.617269,rural,197,13.62,True,2023,9,2023-09-01,15147.32,15147.32,229.6,92.14,0.0,False,0.793,0.3076,76.89,False,True,False
KL_0274,Ernakulam,Perumbavoor,Thoduthara,10.013116,76.617269,rural,197,13.62,True,2023,10,2023-10-01,11994.1,11994.1,230.6,77.27,0.0,False,0.892,0.2435,60.88,False,False,False
KL_0274,Ernakulam,Perumbavoor,Thoduthara,10.013116,76.617269,rural,197,13.62,True,2023,11,2023-11-01,18912.86,18912.86,246.2,99.34,0.0,False,0.821,0.384,96.0,False,False,False
KL_0274,Ernakulam,Perumbavoor,Thoduthara,10.013116,76.617269,rural,197,13.62,True,2023,12,2023-12-01,4665.93,4665.93,233.6,26.88,0.0,False,0.866,0.0947,23.68,False,False,True
KL_0274,Ernakulam,Perumbavoor,Thoduthara,10.013116,76.617269,rural,197,13.62,True,2024,1,2024-01-01,23231.97,23231.97,230.0,152.14,0.0,False,0.882,0.4717,117.93,False,False,True
KL_0274,Ernakulam,Perumbavoor,Thoduthara,10.013116,76.617269,rural,197,13.62,True,2024,2,2024-02-01,10930.74,10930.74,218.2,68.44,0.0,False,0.927,0.2219,55.49,False,False,True
KL_0274,Ernakulam,Perumbavoor,Thoduthara,10.013116,76.617269,rural,197,13.62,True,2024,3,2024-03-01,10936.45,10936.45,235.0,66.09,0.0,False,0.87,0.2221,55.51,True,False,False
KL_0274,Ernakulam,Perumbavoor,Thoduthara,10.013116,76.617269,rural,197,13.62,True,2024,4,2024-04-01,17325.09,17325.09,248.8,100.18,0.0,False,0.83,0.3518,87.94,True,False,False
KL_0274,Ernakulam,Perumbavoor,Thoduthara,10.013116,76.617269,rural,197,13.62,True,2024,5,2024-05-01,30650.36,30650.36,228.8,173.12,0.0,False,0.853,0.6223,155.59,True,False,False
KL_0274,Ernakulam,Perumbavoor,Thoduthara,10.013116,76.617269,rural,197,13.62,True,2024,6,2024-06-01,13455.42,13455.42,246.4,78.03,0.0,False,0.946,0.2732,68.3,False,True,False
KL_0274,Ernakulam,Perumbavoor,Thoduthara,10.013116,76.617269,rural,197,13.62,True,2024,7,2024-07-01,17543.62,17543.62,215.7,112.63,0.0,False,0.858,0.3562,89.05,False,True,False
KL_0274,Ernakulam,Perumbavoor,Thoduthara,10.013116,76.617269,rural,197,13.62,True,2024,8,2024-08-01,14096.71,14096.71,227.7,94.16,0.0,False,0.785,0.2862,71.56,False,True,False
KL_0274,Ernakulam,Perumbavoor,Thoduthara,10.013116,76.617269,rural,197,13.62,True,2024,9,2024-09-01,15811.48,15811.48,222.1,99.2,0.0,False,0.831,0.321,80.26,False,True,False
KL_0274,Ernakulam,Perumbavoor,Thoduthara,10.013116,76.617269,rural,197,13.62,True,2024,10,2024-10-01,10717.76,10717.76,231.2,60.6,0.0,False,0.83,0.2176,54.4,False,False,False
KL_0274,Ernakulam,Perumbavoor,Thoduthara,10.013116,76.617269,rural,197,13.62,True,2024,11,2024-11-01,20322.84,20322.84,225.6,125.72,0.0,False,0.886,0.4126,103.16,False,False,False
KL_0274,Ernakulam,Perumbavoor,Thoduthara,10.013116,76.617269,rural,197,13.62,True,2024,12,2024-12-01,14464.84,14464.84,232.5,90.44,0.0,False,0.789,0.2937,73.43,False,False,True
KL_0275,Thrissur,Kodungallur,Idavamukku,10.642251,76.045281,rural,102,19.43,False,2023,1,2023-01-01,10149.56,10149.56,231.9,64.36,0.0,False,0.825,0.398,99.51,False,False,True
KL_0275,Thrissur,Kodungallur,Idavamukku,10.642251,76.045281,rural,102,19.43,False,2023,2,2023-02-01,8434.4,8434.4,214.7,52.16,0.0,False,0.861,0.3308,82.69,False,False,True
KL_0275,Thrissur,Kodungallur,Idavamukku,10.642251,76.045281,rural,102,19.43,False,2023,3,2023-03-01,12417.02,12417.02,220.4,71.2,0.0,False,0.836,0.4869,121.74,True,False,False
KL_0275,Thrissur,Kodungallur,Idavamukku,10.642251,76.045281,rural,102,19.43,False,2023,4,2023-04-01,9175.98,9175.98,232.7,55.76,0.0,False,0.855,0.3598,89.96,True,False,False
KL_0275,Thrissur,Kodungallur,Idavamukku,10.642251,76.045281,rural,102,19.43,False,2023,5,2023-05-01,11277.13,11277.13,240.9,64.91,0.0,False,0.857,0.4422,110.56,True,False,False
KL_0275,Thrissur,Kodungallur,Idavamukku,10.642251,76.045281,rural,102,19.43,False,2023,6,2023-06-01,3579.01,3579.01,235.1,21.58,0.0,False,0.861,0.1404,35.09,False,True,False
KL_0275,Thrissur,Kodungallur,Idavamukku,10.642251,76.045281,rural,102,19.43,False,2023,7,2023-07-01,3044.21,3044.21,241.1,16.27,0.0,False,0.804,0.1194,29.85,False,True,False
KL_0275,Thrissur,Kodungallur,Idavamukku,10.642251,76.045281,rural,102,19.43,False,2023,8,2023-08-01,7192.26,7192.26,209.6,49.03,0.0,False,0.89,0.282,70.51,False,True,False
KL_0275,Thrissur,Kodungallur,Idavamukku,10.642251,76.045281,rural,102,19.43,False,2023,9,2023-09-01,13720.03,13720.03,237.5,80.39,0.0,False,0.823,0.538,134.51,False,True,False
KL_0275,Thrissur,Kodungallur,Idavamukku,10.642251,76.045281,rural,102,19.43,False,2023,10,2023-10-01,12544.37,12544.37,216.7,82.63,0.0,False,0.849,0.4919,122.98,False,False,False
KL_0275,Thrissur,Kodungallur,Idavamukku,10.642251,76.045281,rural,102,19.43,False,2023,11,2023-11-01,5293.76,5293.76,225.8,31.3,0.0,False,0.789,0.2076,51.9,False,False,False
KL_0275,Thrissur,Kodungallur,Idavamukku,10.642251,76.045281,rural,102,19.43,False,2023,12,2023-12-01,8249.64,8249.64,224.7,49.96,0.0,False,0.852,0.3235,80.88,False,False,True
KL_0275,Thrissur,Kodungallur,Idavamukku,10.642251,76.045281,rural,102,19.43,False,2024,1,2024-01-01,7463.75,7463.75,225.1,49.57,0.0,False,0.86,0.2927,73.17,False,False,True
KL_0275,Thrissur,Kodungallur,Idavamukku,10.642251,76.045281,rural,102,19.43,False,2024,2,2024-02-01,5926.55,5926.55,227.9,39.57,0.0,False,0.852,0.2324,58.1,False,False,True
KL_0275,Thrissur,Kodungallur,Idavamukku,10.642251,76.045281,rural,102,19.43,False,2024,3,2024-03-01,8462.38,8462.38,232.8,47.37,0.0,False,0.811,0.3319,82.96,True,False,False
KL_0275,Thrissur,Kodungallur,Idavamukku,10.642251,76.045281,rural,102,19.43,False,2024,4,2024-04-01,10177.48,10177.48,213.7,68.18,0.0,False,0.906,0.3991,99.78,True,False,False
KL_0275,Thrissur,Kodungallur,Idavamukku,10.642251,76.045281,rural,102,19.43,False,2024,5,2024-05-01,14002.52,14002.52,223.0,89.65,0.0,False,0.879,0.5491,137.28,True,False,False
KL_0275,Thrissur,Kodungallur,Idavamukku,10.642251,76.045281,rural,102,19.43,False,2024,6,2024-06-01,7727.89,7727.89,226.0,43.05,0.0,False,0.843,0.3031,75.76,False,True,False
KL_0275,Thrissur,Kodungallur,Idavamukku,10.642251,76.045281,rural,102,19.43,False,2024,7,2024-07-01,8926.72,8926.72,220.4,58.29,0.0,False,0.843,0.3501,87.52,False,True,False
KL_0275,Thrissur,Kodungallur,Idavamukku,10.642251,76.045281,rural,102,19.43,False,2024,8,2024-08-01,7686.94,7686.94,214.8,47.2,0.0,False,0.813,0.3014,75.36,False,True,False
KL_0275,Thrissur,Kodungallur,Idavamukku,10.642251,76.045281,rural,102,19.43,False,2024,9,2024-09-01,4761.76,4761.76,224.2,32.23,0.0,False,0.819,0.1867,46.68,False,True,False
KL_0275,Thrissur,Kodungallur,Idavamukku,10.642251,76.045281,rural,102,19.43,False,2024,10,2024-10-01,4131.82,4131.82,247.5,23.18,0.0,False,0.923,0.162,40.51,False,False,False
KL_0275,Thrissur,Kodungallur,Idavamukku,10.642251,76.045281,rural,102,19.43,False,2024,11,2024-11-01,11513.28,11513.28,247.6,62.99,0.0,False,0.832,0.4515,112.88,False,False,False
KL_0275,Thrissur,Kodungallur,Idavamukku,10.642251,76.045281,rural,102,19.43,False,2024,12,2024-12-01,6868.28,6868.28,216.8,48.23,0.0,False,0.988,0.2693,67.34,False,False,True
KL_0276,Palakkad,Shoranur,Thodunagar,10.855997,76.766623,semi-urban,158,7.01,False,2023,1,2023-01-01,23555.43,23555.43,223.6,135.4,0.0,False,0.792,0.5963,149.08,False,False,True
KL_0276,Palakkad,Shoranur,Thodunagar,10.855997,76.766623,semi-urban,158,7.01,False,2023,2,2023-02-01,17230.82,17230.82,224.5,99.35,0.0,False,0.868,0.4362,109.06,False,False,True
KL_0276,Palakkad,Shoranur,Thodunagar,10.855997,76.766623,semi-urban,158,7.01,False,2023,3,2023-03-01,24379.37,24379.37,224.2,140.85,0.0,False,0.861,0.6172,154.3,True,False,False
KL_0276,Palakkad,Shoranur,Thodunagar,10.855997,76.766623,semi-urban,158,7.01,False,2023,4,2023-04-01,24262.38,24262.38,227.1,153.66,0.0,False,0.852,0.6142,153.56,True,False,False
KL_0276,Palakkad,Shoranur,Thodunagar,10.855997,76.766623,semi-urban,158,7.01,False,2023,5,2023-05-01,28934.13,28934.13,233.9,176.84,0.0,False,0.77,0.7325,183.13,True,False,False
KL_0276,Palakkad,Shoranur,Thodunagar,10.855997,76.766623,semi-urban,158,7.01,False,2023,6,2023-06-01,24424.93,24424.93,225.2,151.34,0.0,False,0.781,0.6184,154.59,False,True,False
KL_0276,Palakkad,Shoranur,Thodunagar,10.855997,76.766623,semi-urban,158,7.01,False,2023,7,2023-07-01,22873.58,22873.58,224.2,139.69,0.0,False,0.86,0.5791,144.77,False,True,False
KL_0276,Palakkad,Shoranur,Thodunagar,10.855997,76.766623,semi-urban,158,7.01,False,2023,8,2023-08-01,21466.4,21466.4,230.8,124.04,0.0,False,0.799,0.5435,135.86,False,True,False
KL_0276,Palakkad,Shoranur,Thodunagar,10.855997,76.766623,semi-urban,158,7.01,False,2023,9,2023-09-01,19730.91,19730.91,227.1,123.77,0.0,False,0.91,0.4995,124.88,False,True,False
KL_0276,Palakkad,Shoranur,Thodunagar,10.855997,76.766623,semi-urban,158,7.01,False,2023,10,2023-10-01,22931.69,22931.69,225.7,127.11,0.0,False,0.839,0.5805,145.14,False,False,False
KL_0276,Palakkad,Shoranur,Thodunagar,10.855997,76.766623,semi-urban,158,7.01,False,2023,11,2023-11-01,22080.89,22080.89,210.5,142.14,0.0,False,0.863,0.559,139.75,False,False,False
KL_0276,Palakkad,Shoranur,Thodunagar,10.855997,76.766623,semi-urban,158,7.01,False,2023,12,2023-12-01,17093.51,17093.51,241.4,91.03,0.0,False,0.848,0.4327,108.19,False,False,True
KL_0276,Palakkad,Shoranur,Thodunagar,10.855997,76.766623,semi-urban,158,7.01,False,2024,1,2024-01-01,19622.95,19622.95,221.6,131.99,0.0,False,0.847,0.4968,124.2,False,False,True
KL_0276,Palakkad,Shoranur,Thodunagar,10.855997,76.766623,semi-urban,158,7.01,False,2024,2,2024-02-01,25803.92,25803.92,222.3,152.98,0.0,False,0.926,0.6533,163.32,False,False,True
KL_0276,Palakkad,Shoranur,Thodunagar,10.855997,76.766623,semi-urban,158,7.01,False,2024,3,2024-03-01,21224.62,21224.62,219.1,135.13,0.0,False,0.904,0.5373,134.33,True,False,False
KL_0276,Palakkad,Shoranur,Thodunagar,10.855997,76.766623,semi-urban,158,7.01,False,2024,4,2024-04-01,26285.62,26285.62,222.7,160.08,0.0,False,0.858,0.6655,166.36,True,False,False
KL_0276,Palakkad,Shoranur,Thodunagar,10.855997,76.766623,semi-urban,158,7.01,False,2024,5,2024-05-01,39013.47,39013.47,226.5,235.03,0.0,False,0.884,0.9877,246.92,True,False,False
KL_0276,Palakkad,Shoranur,Thodunagar,10.855997,76.766623,semi-urban,158,7.01,False,2024,6,2024-06-01,26137.49,26137.49,240.3,149.31,0.0,False,0.909,0.6617,165.43,False,True,False
KL_0276,Palakkad,Shoranur,Thodunagar,10.855997,76.766623,semi-urban,158,7.01,False,2024,7,2024-07-01,14395.61,14395.61,244.9,76.93,0.0,False,0.82,0.3644,91.11,False,True,False
KL_0276,Palakkad,Shoranur,Thodunagar,10.855997,76.766623,semi-urban,158,7.01,False,2024,8,2024-08-01,18188.79,18188.79,230.2,110.28,0.0,False,0.772,0.4605,115.12,False,True,False
KL_0276,Palakkad,Shoranur,Thodunagar,10.855997,76.766623,semi-urban,158,7.01,False,2024,9,2024-09-01,26402.68,26402.68,229.0,167.62,0.0,False,0.878,0.6684,167.11,False,True,False
KL_0276,Palakkad,Shoranur,Thodunagar,10.855997,76.766623,semi-urban,158,7.01,False,2024,10,2024-10-01,18717.76,18717.76,219.4,121.75,0.0,False,0.912,0.4739,118.47,False,False,False
KL_0276,Palakkad,Shoranur,Thodunagar,10.855997,76.766623,semi-urban,158,7.01,False,2024,11,2024-11-01,17557.76,17557.76,231.8,97.22,0.0,False,0.764,0.4445,111.13,False,False,False
KL_0276,Palakkad,Shoranur,Thodunagar,10.855997,76.766623,semi-urban,158,7.01,False,2024,12,2024-12-01,25190.98,25190.98,230.1,151.72,0.0,False,0.82,0.6377,159.44,False,False,True
KL_0277,Alappuzha,Alappuzha,Manjamukku,9.251713,76.480773,rural,146,23.12,False,2023,1,2023-01-01,10073.14,11899.67,220.1,91.79,18.13,True,0.838,0.326,81.5,False,False,True
KL_0277,Alappuzha,Alappuzha,Manjamukku,9.251713,76.480773,rural,146,23.12,False,2023,2,2023-02-01,12382.4,17545.82,218.6,133.16,41.7,True,0.801,0.4807,120.18,False,False,True
KL_0277,Alappuzha,Alappuzha,Manjamukku,9.251713,76.480773,rural,146,23.12,False,2023,3,2023-03-01,16897.32,20973.07,212.0,172.68,24.12,True,0.843,0.5746,143.65,True,False,False
KL_0277,Alappuzha,Alappuzha,Manjamukku,9.251713,76.480773,rural,146,23.12,False,2023,4,2023-04-01,9491.32,13344.44,211.9,111.77,40.6,True,0.794,0.3656,91.4,True,False,False
KL_0277,Alappuzha,Alappuzha,Manjamukku,9.251713,76.480773,rural,146,23.12,False,2023,5,2023-05-01,10829.73,13939.84,225.0,104.1,28.72,True,0.834,0.3819,95.48,True,False,False
KL_0277,Alappuzha,Alappuzha,Manjamukku,9.251713,76.480773,rural,146,23.12,False,2023,6,2023-06-01,8445.89,10331.51,217.7,78.27,22.33,True,0.885,0.2831,70.76,False,True,False
KL_0277,Alappuzha,Alappuzha,Manjamukku,9.251713,76.480773,rural,146,23.12,False,2023,7,2023-07-01,15557.84,15557.84,237.1,84.79,0.0,False,0.747,0.4262,106.56,False,True,False
KL_0277,Alappuzha,Alappuzha,Manjamukku,9.251713,76.480773,rural,146,23.12,False,2023,8,2023-08-01,15947.12,18894.81,220.2,137.58,18.48,True,0.797,0.5177,129.42,False,True,False
KL_0277,Alappuzha,Alappuzha,Manjamukku,9.251713,76.480773,rural,146,23.12,False,2023,9,2023-09-01,17440.57,17440.57,227.0,98.95,0.0,False,0.92,0.4778,119.46,False,True,False
KL_0277,Alappuzha,Alappuzha,Manjamukku,9.251713,76.480773,rural,146,23.12,False,2023,10,2023-10-01,14128.9,14128.9,232.4,90.52,0.0,False,0.809,0.3871,96.77,False,False,False
KL_0277,Alappuzha,Alappuzha,Manjamukku,9.251713,76.480773,rural,146,23.12,False,2023,11,2023-11-01,13519.75,18435.14,227.3,129.61,36.36,True,0.72,0.5051,126.27,False,False,False
KL_0277,Alappuzha,Alappuzha,Manjamukku,9.251713,76.480773,rural,146,23.12,False,2023,12,2023-12-01,9341.01,11401.48,214.3,90.62,22.06,True,0.859,0.3124,78.09,False,False,True
KL_0277,Alappuzha,Alappuzha,Manjamukku,9.251713,76.480773,rural,146,23.12,False,2024,1,2024-01-01,5584.79,5584.79,218.3,35.0,0.0,False,0.846,0.153,38.25,False,False,True
KL_0277,Alappuzha,Alappuzha,Manjamukku,9.251713,76.480773,rural,146,23.12,False,2024,2,2024-02-01,10457.43,15063.51,218.3,115.28,44.05,True,0.857,0.4127,103.17,False,False,True
KL_0277,Alappuzha,Alappuzha,Manjamukku,9.251713,76.480773,rural,146,23.12,False,2024,3,2024-03-01,11996.61,14392.89,213.6,105.99,19.97,True,0.853,0.3943,98.58,True,False,False
KL_0277,Alappuzha,Alappuzha,Manjamukku,9.251713,76.480773,rural,146,23.12,False,2024,4,2024-04-01,11576.1,11576.1,219.6,73.24,0.0,False,0.914,0.3172,79.29,True,False,False
KL_0277,Alappuzha,Alappuzha,Manjamukku,9.251713,76.480773,rural,146,23.12,False,2024,5,2024-05-01,20575.2,29520.86,231.8,207.89,43.48,True,0.815,0.8088,202.2,True,False,False
KL_0277,Alappuzha,Alappuzha,Manjamukku,9.251713,76.480773,rural,146,23.12,False,2024,6,2024-06-01,11456.69,15419.96,218.7,117.73,34.59,True,0.845,0.4225,105.62,False,True,False
KL_0277,Alappuzha,Alappuzha,Manjamukku,9.251713,76.480773,rural,146,23.12,False,2024,7,2024-07-01,12411.9,17744.75,213.0,137.71,42.97,True,0.828,0.4862,121.54,False,True,False
KL_0277,Alappuzha,Alappuzha,Manjamukku,9.251713,76.480773,rural,146,23.12,False,2024,8,2024-08-01,11250.95,14409.62,209.1,105.62,28.07,True,0.884,0.3948,98.7,False,True,False
KL_0277,Alappuzha,Alappuzha,Manjamukku,9.251713,76.480773,rural,146,23.12,False,2024,9,2024-09-01,10877.33,10877.33,217.4,73.43,0.0,False,0.889,0.298,74.5,False,True,False
KL_0277,Alappuzha,Alappuzha,Manjamukku,9.251713,76.480773,rural,146,23.12,False,2024,10,2024-10-01,15284.19,15284.19,224.3,91.77,0.0,False,0.869,0.4187,104.69,False,False,False
KL_0277,Alappuzha,Alappuzha,Manjamukku,9.251713,76.480773,rural,146,23.12,False,2024,11,2024-11-01,9894.92,13391.61,211.1,99.47,35.34,True,0.958,0.3669,91.72,False,False,False
KL_0277,Alappuzha,Alappuzha,Manjamukku,9.251713,76.480773,rural,146,23.12,False,2024,12,2024-12-01,18532.28,18532.28,245.7,113.86,0.0,False,0.878,0.5077,126.93,False,False,True
KL_0278,Pathanamthitta,Pathanamthitta,Puzhakavu,9.341851,76.962316,rural,123,18.77,False,2023,1,2023-01-01,9255.91,9255.91,241.6,57.91,0.0,False,0.913,0.301,75.25,False,False,True
KL_0278,Pathanamthitta,Pathanamthitta,Puzhakavu,9.341851,76.962316,rural,123,18.77,False,2023,2,2023-02-01,12470.11,12470.11,237.1,75.22,0.0,False,0.806,0.4055,101.38,False,False,True
KL_0278,Pathanamthitta,Pathanamthitta,Puzhakavu,9.341851,76.962316,rural,123,18.77,False,2023,3,2023-03-01,4826.65,4826.65,232.4,28.35,0.0,False,0.815,0.157,39.24,True,False,False
KL_0278,Pathanamthitta,Pathanamthitta,Puzhakavu,9.341851,76.962316,rural,123,18.77,False,2023,4,2023-04-01,9812.23,9812.23,241.9,60.05,0.0,False,0.949,0.3191,79.77,True,False,False
KL_0278,Pathanamthitta,Pathanamthitta,Puzhakavu,9.341851,76.962316,rural,123,18.77,False,2023,5,2023-05-01,4382.02,4382.02,232.2,27.07,0.0,False,0.782,0.1425,35.63,True,False,False
KL_0278,Pathanamthitta,Pathanamthitta,Puzhakavu,9.341851,76.962316,rural,123,18.77,False,2023,6,2023-06-01,11518.44,11518.44,229.7,73.4,0.0,False,0.888,0.3746,93.65,False,True,False
KL_0278,Pathanamthitta,Pathanamthitta,Puzhakavu,9.341851,76.962316,rural,123,18.77,False,2023,7,2023-07-01,12565.12,12565.12,227.9,73.77,0.0,False,0.914,0.4086,102.16,False,True,False
KL_0278,Pathanamthitta,Pathanamthitta,Puzhakavu,9.341851,76.962316,rural,123,18.77,False,2023,8,2023-08-01,10604.03,10604.03,239.3,63.04,0.0,False,0.909,0.3448,86.21,False,True,False
KL_0278,Pathanamthitta,Pathanamthitta,Puzhakavu,9.341851,76.962316,rural,123,18.77,False,2023,9,2023-09-01,8295.08,8295.08,225.1,55.84,0.0,False,0.77,0.2698,67.44,False,True,False
KL_0278,Pathanamthitta,Pathanamthitta,Puzhakavu,9.341851,76.962316,rural,123,18.77,False,2023,10,2023-10-01,7505.9,7505.9,228.9,42.39,0.0,False,0.832,0.2441,61.02,False,False,False
KL_0278,Pathanamthitta,Pathanamthitta,Puzhakavu,9.341851,76.962316,rural,123,18.77,False,2023,11,2023-11-01,6374.43,6374.43,211.5,44.05,0.0,False,0.881,0.2073,51.82,False,False,False
KL_0278,Pathanamthitta,Pathanamthitta,Puzhakavu,9.341851,76.962316,rural,123,18.77,False,2023,12,2023-12-01,6094.19,6094.19,233.0,38.54,0.0,False,0.887,0.1982,49.55,False,False,True
KL_0278,Pathanamthitta,Pathanamthitta,Puzhakavu,9.341851,76.962316,rural,123,18.77,False,2024,1,2024-01-01,9790.68,9790.68,226.0,63.06,0.0,False,0.85,0.3184,79.6,False,False,True
KL_0278,Pathanamthitta,Pathanamthitta,Puzhakavu,9.341851,76.962316,rural,123,18.77,False,2024,2,2024-02-01,5607.78,5607.78,227.3,35.09,0.0,False,0.815,0.1824,45.59,False,False,True
KL_0278,Pathanamthitta,Pathanamthitta,Puzhakavu,9.341851,76.962316,rural,123,18.77,False,2024,3,2024-03-01,10557.26,10557.26,223.6,62.6,0.0,False,0.836,0.3433,85.83,True,False,False
KL_0278,Pathanamthitta,Pathanamthitta,Puzhakavu,9.341851,76.962316,rural,123,18.77,False,2024,4,2024-04-01,9709.51,9709.51,220.3,55.39,0.0,False,0.819,0.3158,78.94,True,False,False
KL_0278,Pathanamthitta,Pathanamthitta,Puzhakavu,9.341851,76.962316,rural,123,18.77,False,2024,5,2024-05-01,13856.71,13856.71,231.6,80.46,0.0,False,0.788,0.4506,112.66,True,False,False
KL_0278,Pathanamthitta,Pathanamthitta,Puzhakavu,9.341851,76.962316,rural,123,18.77,False,2024,6,2024-06-01,15412.91,15412.91,228.6,98.58,0.0,False,0.835,0.5012,125.31,False,True,False
KL_0278,Pathanamthitta,Pathanamthitta,Puzhakavu,9.341851,76.962316,rural,123,18.77,False,2024,7,2024-07-01,6286.61,6286.61,229.6,38.8,0.0,False,0.942,0.2044,51.11,False,True,False
KL_0278,Pathanamthitta,Pathanamthitta,Puzhakavu,9.341851,76.962316,rural,123,18.77,False,2024,8,2024-08-01,12235.53,12235.53,231.4,72.91,0.0,False,0.836,0.3979,99.48,False,True,False
KL_0278,Pathanamthitta,Pathanamthitta,Puzhakavu,9.341851,76.962316,rural,123,18.77,False,2024,9,2024-09-01,11265.18,11265.18,231.7,61.95,0.0,False,0.774,0.3663,91.59,False,True,False
KL_0278,Pathanamthitta,Pathanamthitta,Puzhakavu,9.341851,76.962316,rural,123,18.77,False,2024,10,2024-10-01,11695.86,11695.86,215.7,81.12,0.0,False,0.832,0.3804,95.09,False,False,False
KL_0278,Pathanamthitta,Pathanamthitta,Puzhakavu,9.341851,76.962316,rural,123,18.77,False,2024,11,2024-11-01,10407.44,10407.44,234.9,56.82,0.0,False,0.936,0.3385,84.61,False,False,False
KL_0278,Pathanamthitta,Pathanamthitta,Puzhakavu,9.341851,76.962316,rural,123,18.77,False,2024,12,2024-12-01,10275.13,10275.13,224.0,63.47,0.0,False,0.77,0.3342,83.54,False,False,True
KL_0279,Kasaragod,Nileshwar,Vellipuram,12.416789,75.097272,rural,197,18.42,False,2023,1,2023-01-01,14198.12,14198.12,235.7,89.14,0.0,False,0.85,0.2883,72.07,False,False,True
KL_0279,Kasaragod,Nileshwar,Vellipuram,12.416789,75.097272,rural,197,18.42,False,2023,2,2023-02-01,16947.46,16947.46,234.0,109.3,0.0,False,0.887,0.3441,86.03,False,False,True
KL_0279,Kasaragod,Nileshwar,Vellipuram,12.416789,75.097272,rural,197,18.42,False,2023,3,2023-03-01,6277.68,6277.68,226.0,35.31,0.0,False,0.793,0.1275,31.87,True,False,False
KL_0279,Kasaragod,Nileshwar,Vellipuram,12.416789,75.097272,rural,197,18.42,False,2023,4,2023-04-01,6392.47,6392.47,242.7,38.59,0.0,False,0.86,0.1298,32.45,True,False,False
KL_0279,Kasaragod,Nileshwar,Vellipuram,12.416789,75.097272,rural,197,18.42,False,2023,5,2023-05-01,28444.39,28444.39,222.6,177.09,0.0,False,0.804,0.5776,144.39,True,False,False
KL_0279,Kasaragod,Nileshwar,Vellipuram,12.416789,75.097272,rural,197,18.42,False,2023,6,2023-06-01,14483.34,14483.34,228.1,86.42,0.0,False,0.789,0.2941,73.52,False,True,False
KL_0279,Kasaragod,Nileshwar,Vellipuram,12.416789,75.097272,rural,197,18.42,False,2023,7,2023-07-01,20200.34,20200.34,222.4,131.32,0.0,False,0.881,0.4102,102.54,False,True,False
KL_0279,Kasaragod,Nileshwar,Vellipuram,12.416789,75.097272,rural,197,18.42,False,2023,8,2023-08-01,14194.98,14194.98,255.9,82.13,0.0,False,0.941,0.2882,72.06,False,True,False
KL_0279,Kasaragod,Nileshwar,Vellipuram,12.416789,75.097272,rural,197,18.42,False,2023,9,2023-09-01,15168.64,15168.64,222.0,99.97,0.0,False,0.831,0.308,77.0,False,True,False
KL_0279,Kasaragod,Nileshwar,Vellipuram,12.416789,75.097272,rural,197,18.42,False,2023,10,2023-10-01,12246.01,12246.01,220.9,69.4,0.0,False,0.879,0.2486,62.16,False,False,False
KL_0279,Kasaragod,Nileshwar,Vellipuram,12.416789,75.097272,rural,197,18.42,False,2023,11,2023-11-01,11563.2,11563.2,219.9,67.59,0.0,False,0.874,0.2348,58.7,False,False,False
KL_0279,Kasaragod,Nileshwar,Vellipuram,12.416789,75.097272,rural,197,18.42,False,2023,12,2023-12-01,19135.59,19135.59,216.2,133.75,0.0,False,0.859,0.3885,97.13,False,False,True
KL_0279,Kasaragod,Nileshwar,Vellipuram,12.416789,75.097272,rural,197,18.42,False,2024,1,2024-01-01,18346.8,18346.8,227.6,102.81,0.0,False,0.816,0.3725,93.13,False,False,True
KL_0279,Kasaragod,Nileshwar,Vellipuram,12.416789,75.097272,rural,197,18.42,False,2024,2,2024-02-01,16545.23,16545.23,239.1,87.74,0.0,False,0.799,0.3359,83.99,False,False,True
KL_0279,Kasaragod,Nileshwar,Vellipuram,12.416789,75.097272,rural,197,18.42,False,2024,3,2024-03-01,10710.65,10710.65,225.2,66.72,0.0,False,0.81,0.2175,54.37,True,False,False
KL_0279,Kasaragod,Nileshwar,Vellipuram,12.416789,75.097272,rural,197,18.42,False,2024,4,2024-04-01,16241.58,16241.58,209.3,103.7,0.0,False,0.841,0.3298,82.44,True,False,False
KL_0279,Kasaragod,Nileshwar,Vellipuram,12.416789,75.097272,rural,197,18.42,False,2024,5,2024-05-01,23531.07,23531.07,210.2,152.4,0.0,False,0.829,0.4778,119.45,True,False,False
KL_0279,Kasaragod,Nileshwar,Vellipuram,12.416789,75.097272,rural,197,18.42,False,2024,6,2024-06-01,17676.69,17676.69,237.0,113.79,0.0,False,0.793,0.3589,89.73,False,True,False
KL_0279,Kasaragod,Nileshwar,Vellipuram,12.416789,75.097272,rural,197,18.42,False,2024,7,2024-07-01,5036.5,5036.5,242.1,29.76,0.0,False,0.84,0.1023,25.57,False,True,False
KL_0279,Kasaragod,Nileshwar,Vellipuram,12.416789,75.097272,rural,197,18.42,False,2024,8,2024-08-01,9990.86,9990.86,235.4,57.07,0.0,False,0.818,0.2029,50.72,False,True,False
KL_0279,Kasaragod,Nileshwar,Vellipuram,12.416789,75.097272,rural,197,18.42,False,2024,9,2024-09-01,16991.64,16991.64,210.5,106.18,0.0,False,0.878,0.345,86.25,False,True,False
KL_0279,Kasaragod,Nileshwar,Vellipuram,12.416789,75.097272,rural,197,18.42,False,2024,10,2024-10-01,11898.74,11898.74,241.6,73.98,0.0,False,0.83,0.2416,60.4,False,False,False
KL_0279,Kasaragod,Nileshwar,Vellipuram,12.416789,75.097272,rural,197,18.42,False,2024,11,2024-11-01,18580.82,18580.82,226.1,103.78,0.0,False,0.892,0.3773,94.32,False,False,False
KL_0279,Kasaragod,Nileshwar,Vellipuram,12.416789,75.097272,rural,197,18.42,False,2024,12,2024-12-01,14317.78,14317.78,237.5,77.88,0.0,False,0.861,0.2907,72.68,False,False,True
KL_0280,Idukki,Munnar,Vadakkemoodu,9.744949,77.124689,rural,96,15.53,False,2023,1,2023-01-01,6087.45,6087.45,241.7,35.36,0.0,False,0.825,0.2536,63.41,False,False,True
KL_0280,Idukki,Munnar,Vadakkemoodu,9.744949,77.124689,rural,96,15.53,False,2023,2,2023-02-01,6520.06,6520.06,225.1,36.51,0.0,False,0.842,0.2717,67.92,False,False,True
KL_0280,Idukki,Munnar,Vadakkemoodu,9.744949,77.124689,rural,96,15.53,False,2023,3,2023-03-01,6268.03,6268.03,232.3,34.36,0.0,False,0.843,0.2612,65.29,True,False,False
KL_0280,Idukki,Munnar,Vadakkemoodu,9.744949,77.124689,rural,96,15.53,False,2023,4,2023-04-01,9651.09,9651.09,231.2,56.07,0.0,False,0.858,0.4021,100.53,True,False,False
KL_0280,Idukki,Munnar,Vadakkemoodu,9.744949,77.124689,rural,96,15.53,False,2023,5,2023-05-01,11795.65,11795.65,211.0,80.23,0.0,False,0.868,0.4915,122.87,True,False,False
KL_0280,Idukki,Munnar,Vadakkemoodu,9.744949,77.124689,rural,96,15.53,False,2023,6,2023-06-01,8302.92,8302.92,237.6,45.18,0.0,False,0.827,0.346,86.49,False,True,False
KL_0280,Idukki,Munnar,Vadakkemoodu,9.744949,77.124689,rural,96,15.53,False,2023,7,2023-07-01,10448.26,10448.26,229.8,56.94,0.0,False,0.838,0.4353,108.84,False,True,False
KL_0280,Idukki,Munnar,Vadakkemoodu,9.744949,77.124689,rural,96,15.53,False,2023,8,2023-08-01,6595.48,6595.48,237.5,39.2,0.0,False,0.856,0.2748,68.7,False,True,False
KL_0280,Idukki,Munnar,Vadakkemoodu,9.744949,77.124689,rural,96,15.53,False,2023,9,2023-09-01,6507.85,6507.85,235.8,38.05,0.0,False,0.702,0.2712,67.79,False,True,False
KL_0280,Idukki,Munnar,Vadakkemoodu,9.744949,77.124689,rural,96,15.53,False,2023,10,2023-10-01,17061.08,17061.08,225.5,99.16,0.0,False,0.878,0.7109,177.72,False,False,False
KL_0280,Idukki,Munnar,Vadakkemoodu,9.744949,77.124689,rural,96,15.53,False,2023,11,2023-11-01,5102.17,5102.17,218.2,31.52,0.0,False,0.802,0.2126,53.15,False,False,False
KL_0280,Idukki,Munnar,Vadakkemoodu,9.744949,77.124689,rural,96,15.53,False,2023,12,2023-12-01,7205.49,7205.49,227.7,44.77,0.0,False,0.836,0.3002,75.06,False,False,True
KL_0280,Idukki,Munnar,Vadakkemoodu,9.744949,77.124689,rural,96,15.53,False,2024,1,2024-01-01,6072.22,6072.22,222.9,36.59,0.0,False,0.816,0.253,63.25,False,False,True
KL_0280,Idukki,Munnar,Vadakkemoodu,9.744949,77.124689,rural,96,15.53,False,2024,2,2024-02-01,5558.67,5558.67,231.7,32.52,0.0,False,0.887,0.2316,57.9,False,False,True
KL_0280,Idukki,Munnar,Vadakkemoodu,9.744949,77.124689,rural,96,15.53,False,2024,3,2024-03-01,8107.92,8107.92,241.1,42.59,0.0,False,0.901,0.3378,84.46,True,False,False
KL_0280,Idukki,Munnar,Vadakkemoodu,9.744949,77.124689,rural,96,15.53,False,2024,4,2024-04-01,7660.77,7660.77,228.0,51.07,0.0,False,0.844,0.3192,79.8,True,False,False
KL_0280,Idukki,Munnar,Vadakkemoodu,9.744949,77.124689,rural,96,15.53,False,2024,5,2024-05-01,11734.48,11734.48,231.0,66.04,0.0,False,0.845,0.4889,122.23,True,False,False
KL_0280,Idukki,Munnar,Vadakkemoodu,9.744949,77.124689,rural,96,15.53,False,2024,6,2024-06-01,10002.46,10002.46,237.9,59.23,0.0,False,0.848,0.4168,104.19,False,True,False
KL_0280,Idukki,Munnar,Vadakkemoodu,9.744949,77.124689,rural,96,15.53,False,2024,7,2024-07-01,8334.98,8334.98,226.2,51.21,0.0,False,0.849,0.3473,86.82,False,True,False
KL_0280,Idukki,Munnar,Vadakkemoodu,9.744949,77.124689,rural,96,15.53,False,2024,8,2024-08-01,8146.64,8146.64,232.3,44.04,0.0,False,0.9,0.3394,84.86,False,True,False
KL_0280,Idukki,Munnar,Vadakkemoodu,9.744949,77.124689,rural,96,15.53,False,2024,9,2024-09-01,6636.25,6636.25,223.8,43.67,0.0,False,1.001,0.2765,69.13,False,True,False
KL_0280,Idukki,Munnar,Vadakkemoodu,9.744949,77.124689,rural,96,15.53,False,2024,10,2024-10-01,7269.13,7269.13,221.8,46.22,0.0,False,0.841,0.3029,75.72,False,False,False
KL_0280,Idukki,Munnar,Vadakkemoodu,9.744949,77.124689,rural,96,15.53,False,2024,11,2024-11-01,10465.64,10465.64,235.8,64.57,0.0,False,0.878,0.4361,109.02,False,False,False
KL_0280,Idukki,Munnar,Vadakkemoodu,9.744949,77.124689,rural,96,15.53,False,2024,12,2024-12-01,7339.5,7339.5,233.5,47.73,0.0,False,0.808,0.3058,76.45,False,False,True
KL_0281,Pathanamthitta,Kozhencherry,Vadakkethara,9.52128,76.694506,rural,114,18.38,False,2023,1,2023-01-01,10348.17,10348.17,217.9,67.72,0.0,False,0.812,0.3631,90.77,False,False,True
KL_0281,Pathanamthitta,Kozhencherry,Vadakkethara,9.52128,76.694506,rural,114,18.38,False,2023,2,2023-02-01,5617.21,5617.21,222.0,38.37,0.0,False,0.799,0.1971,49.27,False,False,True
KL_0281,Pathanamthitta,Kozhencherry,Vadakkethara,9.52128,76.694506,rural,114,18.38,False,2023,3,2023-03-01,9349.61,9349.61,232.2,52.8,0.0,False,0.917,0.3281,82.01,True,False,False
KL_0281,Pathanamthitta,Kozhencherry,Vadakkethara,9.52128,76.694506,rural,114,18.38,False,2023,4,2023-04-01,9465.74,9465.74,242.5,58.3,0.0,False,0.885,0.3321,83.03,True,False,False
KL_0281,Pathanamthitta,Kozhencherry,Vadakkethara,9.52128,76.694506,rural,114,18.38,False,2023,5,2023-05-01,12590.29,12590.29,237.5,71.36,0.0,False,0.831,0.4418,110.44,True,False,False
KL_0281,Pathanamthitta,Kozhencherry,Vadakkethara,9.52128,76.694506,rural,114,18.38,False,2023,6,2023-06-01,14077.27,14077.27,216.7,83.91,0.0,False,0.861,0.4939,123.48,False,True,False
KL_0281,Pathanamthitta,Kozhencherry,Vadakkethara,9.52128,76.694506,rural,114,18.38,False,2023,7,2023-07-01,6031.66,6031.66,224.4,36.48,0.0,False,0.888,0.2116,52.91,False,True,False
KL_0281,Pathanamthitta,Kozhencherry,Vadakkethara,9.52128,76.694506,rural,114,18.38,False,2023,8,2023-08-01,8756.91,8756.91,227.2,50.73,0.0,False,0.91,0.3073,76.82,False,True,False
KL_0281,Pathanamthitta,Kozhencherry,Vadakkethara,9.52128,76.694506,rural,114,18.38,False,2023,9,2023-09-01,10138.34,10138.34,219.2,61.96,0.0,False,0.87,0.3557,88.93,False,True,False
KL_0281,Pathanamthitta,Kozhencherry,Vadakkethara,9.52128,76.694506,rural,114,18.38,False,2023,10,2023-10-01,9214.99,9214.99,237.6,49.53,0.0,False,0.855,0.3233,80.83,False,False,False
KL_0281,Pathanamthitta,Kozhencherry,Vadakkethara,9.52128,76.694506,rural,114,18.38,False,2023,11,2023-11-01,11645.97,11645.97,227.1,69.6,0.0,False,0.916,0.4086,102.16,False,False,False
KL_0281,Pathanamthitta,Kozhencherry,Vadakkethara,9.52128,76.694506,rural,114,18.38,False,2023,12,2023-12-01,10147.15,10147.15,226.7,67.53,0.0,False,0.795,0.356,89.01,False,False,True
KL_0281,Pathanamthitta,Kozhencherry,Vadakkethara,9.52128,76.694506,rural,114,18.38,False,2024,1,2024-01-01,7101.64,7101.64,224.5,43.54,0.0,False,0.754,0.2492,62.3,False,False,True
KL_0281,Pathanamthitta,Kozhencherry,Vadakkethara,9.52128,76.694506,rural,114,18.38,False,2024,2,2024-02-01,8363.39,8363.39,226.6,53.3,0.0,False,0.913,0.2935,73.36,False,False,True
KL_0281,Pathanamthitta,Kozhencherry,Vadakkethara,9.52128,76.694506,rural,114,18.38,False,2024,3,2024-03-01,4198.32,4198.32,226.7,24.69,0.0,False,0.828,0.1473,36.83,True,False,False
KL_0281,Pathanamthitta,Kozhencherry,Vadakkethara,9.52128,76.694506,rural,114,18.38,False,2024,4,2024-04-01,10876.67,10876.67,234.3,64.82,0.0,False,0.917,0.3816,95.41,True,False,False
KL_0281,Pathanamthitta,Kozhencherry,Vadakkethara,9.52128,76.694506,rural,114,18.38,False,2024,5,2024-05-01,10396.34,10396.34,220.7,68.37,0.0,False,0.946,0.3648,91.2,True,False,False
KL_0281,Pathanamthitta,Kozhencherry,Vadakkethara,9.52128,76.694506,rural,114,18.38,False,2024,6,2024-06-01,11700.03,11700.03,225.7,71.21,0.0,False,0.943,0.4105,102.63,False,True,False
KL_0281,Pathanamthitta,Kozhencherry,Vadakkethara,9.52128,76.694506,rural,114,18.38,False,2024,7,2024-07-01,9873.84,9873.84,225.1,56.35,0.0,False,0.699,0.3465,86.61,False,True,False
KL_0281,Pathanamthitta,Kozhencherry,Vadakkethara,9.52128,76.694506,rural,114,18.38,False,2024,8,2024-08-01,6817.0,6817.0,224.6,44.19,0.0,False,0.89,0.2392,59.8,False,True,False
KL_0281,Pathanamthitta,Kozhencherry,Vadakkethara,9.52128,76.694506,rural,114,18.38,False,2024,9,2024-09-01,4608.0,4608.0,222.2,31.52,0.0,False,0.825,0.1617,40.42,False,True,False
KL_0281,Pathanamthitta,Kozhencherry,Vadakkethara,9.52128,76.694506,rural,114,18.38,False,2024,10,2024-10-01,16036.79,16036.79,240.4,91.46,0.0,False,0.817,0.5627,140.67,False,False,False
KL_0281,Pathanamthitta,Kozhencherry,Vadakkethara,9.52128,76.694506,rural,114,18.38,False,2024,11,2024-11-01,9068.58,9068.58,240.2,53.7,0.0,False,0.869,0.3182,79.55,False,False,False
KL_0281,Pathanamthitta,Kozhencherry,Vadakkethara,9.52128,76.694506,rural,114,18.38,False,2024,12,2024-12-01,13935.84,13935.84,228.9,84.18,0.0,False,0.819,0.489,122.24,False,False,True
KL_0282,Pathanamthitta,Mallappally,Melapara,9.566767,77.079993,rural,164,18.16,False,2023,1,2023-01-01,13130.88,13130.88,225.1,74.62,0.0,False,0.887,0.3203,80.07,False,False,True
KL_0282,Pathanamthitta,Mallappally,Melapara,9.566767,77.079993,rural,164,18.16,False,2023,2,2023-02-01,12363.09,12363.09,224.9,73.79,0.0,False,0.916,0.3015,75.38,False,False,True
KL_0282,Pathanamthitta,Mallappally,Melapara,9.566767,77.079993,rural,164,18.16,False,2023,3,2023-03-01,17212.12,17212.12,220.7,101.61,0.0,False,0.84,0.4198,104.95,True,False,False
KL_0282,Pathanamthitta,Mallappally,Melapara,9.566767,77.079993,rural,164,18.16,False,2023,4,2023-04-01,14882.83,14882.83,236.9,81.74,0.0,False,0.868,0.363,90.75,True,False,False
KL_0282,Pathanamthitta,Mallappally,Melapara,9.566767,77.079993,rural,164,18.16,False,2023,5,2023-05-01,14991.52,14991.52,228.8,98.21,0.0,False,0.827,0.3656,91.41,True,False,False
KL_0282,Pathanamthitta,Mallappally,Melapara,9.566767,77.079993,rural,164,18.16,False,2023,6,2023-06-01,22676.89,22676.89,211.7,151.97,0.0,False,0.873,0.5531,138.27,False,True,False
KL_0282,Pathanamthitta,Mallappally,Melapara,9.566767,77.079993,rural,164,18.16,False,2023,7,2023-07-01,16812.83,16812.83,222.9,111.17,0.0,False,0.921,0.4101,102.52,False,True,False
KL_0282,Pathanamthitta,Mallappally,Melapara,9.566767,77.079993,rural,164,18.16,False,2023,8,2023-08-01,8864.4,8864.4,220.1,53.44,0.0,False,0.87,0.2162,54.05,False,True,False
KL_0282,Pathanamthitta,Mallappally,Melapara,9.566767,77.079993,rural,164,18.16,False,2023,9,2023-09-01,14076.5,14076.5,226.6,87.21,0.0,False,0.844,0.3433,85.83,False,True,False
KL_0282,Pathanamthitta,Mallappally,Melapara,9.566767,77.079993,rural,164,18.16,False,2023,10,2023-10-01,15596.18,15596.18,233.9,89.79,0.0,False,0.916,0.3804,95.1,False,False,False
KL_0282,Pathanamthitta,Mallappally,Melapara,9.566767,77.079993,rural,164,18.16,False,2023,11,2023-11-01,19316.75,19316.75,221.5,125.43,0.0,False,0.83,0.4711,117.79,False,False,False
KL_0282,Pathanamthitta,Mallappally,Melapara,9.566767,77.079993,rural,164,18.16,False,2023,12,2023-12-01,10903.3,10903.3,222.5,63.43,0.0,False,0.831,0.2659,66.48,False,False,True
KL_0282,Pathanamthitta,Mallappally,Melapara,9.566767,77.079993,rural,164,18.16,False,2024,1,2024-01-01,8441.57,8441.57,219.2,58.48,0.0,False,0.817,0.2059,51.47,False,False,True
KL_0282,Pathanamthitta,Mallappally,Melapara,9.566767,77.079993,rural,164,18.16,False,2024,2,2024-02-01,18696.38,18696.38,233.4,108.87,0.0,False,0.772,0.456,114.0,False,False,True
KL_0282,Pathanamthitta,Mallappally,Melapara,9.566767,77.079993,rural,164,18.16,False,2024,3,2024-03-01,17294.56,17294.56,223.7,108.67,0.0,False,0.807,0.4218,105.45,True,False,False
KL_0282,Pathanamthitta,Mallappally,Melapara,9.566767,77.079993,rural,164,18.16,False,2024,4,2024-04-01,26793.44,26793.44,223.4,151.46,0.0,False,0.853,0.6535,163.37,True,False,False
KL_0282,Pathanamthitta,Mallappally,Melapara,9.566767,77.079993,rural,164,18.16,False,2024,5,2024-05-01,29022.62,29022.62,221.4,186.94,0.0,False,0.861,0.7079,176.97,True,False,False
KL_0282,Pathanamthitta,Mallappally,Melapara,9.566767,77.079993,rural,164,18.16,False,2024,6,2024-06-01,9740.12,9740.12,220.2,58.01,0.0,False,0.802,0.2376,59.39,False,True,False
KL_0282,Pathanamthitta,Mallappally,Melapara,9.566767,77.079993,rural,164,18.16,False,2024,7,2024-07-01,20554.03,20554.03,236.0,123.93,0.0,False,0.824,0.5013,125.33,False,True,False
KL_0282,Pathanamthitta,Mallappally,Melapara,9.566767,77.079993,rural,164,18.16,False,2024,8,2024-08-01,15132.04,15132.04,220.2,89.27,0.0,False,0.755,0.3691,92.27,False,True,False
KL_0282,Pathanamthitta,Mallappally,Melapara,9.566767,77.079993,rural,164,18.16,False,2024,9,2024-09-01,19333.05,19333.05,212.2,114.96,0.0,False,0.959,0.4715,117.88,False,True,False
KL_0282,Pathanamthitta,Mallappally,Melapara,9.566767,77.079993,rural,164,18.16,False,2024,10,2024-10-01,9680.04,9680.04,229.3,60.82,0.0,False,0.923,0.2361,59.02,False,False,False
KL_0282,Pathanamthitta,Mallappally,Melapara,9.566767,77.079993,rural,164,18.16,False,2024,11,2024-11-01,20355.51,20355.51,231.0,128.79,0.0,False,0.814,0.4965,124.12,False,False,False
KL_0282,Pathanamthitta,Mallappally,Melapara,9.566767,77.079993,rural,164,18.16,False,2024,12,2024-12-01,13088.67,13088.67,232.0,81.82,0.0,False,0.857,0.3192,79.81,False,False,True
KL_0283,Malappuram,Manjeri,Muthavayal,11.334759,76.273256,urban,186,0.51,False,2023,1,2023-01-01,32827.25,32827.25,238.3,183.5,0.0,False,0.806,0.706,176.49,False,False,True
KL_0283,Malappuram,Manjeri,Muthavayal,11.334759,76.273256,urban,186,0.51,False,2023,2,2023-02-01,30825.2,30825.2,219.0,201.96,0.0,False,0.901,0.6629,165.73,False,False,True
KL_0283,Malappuram,Manjeri,Muthavayal,11.334759,76.273256,urban,186,0.51,False,2023,3,2023-03-01,38324.85,38324.85,227.6,231.57,0.0,False,0.882,0.8242,206.05,True,False,False
KL_0283,Malappuram,Manjeri,Muthavayal,11.334759,76.273256,urban,186,0.51,False,2023,4,2023-04-01,41403.85,41403.85,227.0,232.51,0.0,False,0.784,0.8904,222.6,True,False,False
KL_0283,Malappuram,Manjeri,Muthavayal,11.334759,76.273256,urban,186,0.51,False,2023,5,2023-05-01,36007.42,36007.42,232.8,226.21,0.0,False,0.801,0.7744,193.59,True,False,False
KL_0283,Malappuram,Manjeri,Muthavayal,11.334759,76.273256,urban,186,0.51,False,2023,6,2023-06-01,24412.46,24412.46,230.1,158.04,0.0,False,0.847,0.525,131.25,False,True,False
KL_0283,Malappuram,Manjeri,Muthavayal,11.334759,76.273256,urban,186,0.51,False,2023,7,2023-07-01,31931.48,31931.48,237.9,176.81,0.0,False,0.919,0.6867,171.67,False,True,False
KL_0283,Malappuram,Manjeri,Muthavayal,11.334759,76.273256,urban,186,0.51,False,2023,8,2023-08-01,26188.77,26188.77,219.8,166.13,0.0,False,0.831,0.5632,140.8,False,True,False
KL_0283,Malappuram,Manjeri,Muthavayal,11.334759,76.273256,urban,186,0.51,False,2023,9,2023-09-01,35924.36,35924.36,223.2,214.21,0.0,False,0.915,0.7726,193.14,False,True,False
KL_0283,Malappuram,Manjeri,Muthavayal,11.334759,76.273256,urban,186,0.51,False,2023,10,2023-10-01,43293.81,43293.81,244.1,238.79,0.0,False,0.866,0.931,232.76,False,False,False
KL_0283,Malappuram,Manjeri,Muthavayal,11.334759,76.273256,urban,186,0.51,False,2023,11,2023-11-01,38253.62,38253.62,210.9,250.49,0.0,False,0.808,0.8227,205.66,False,False,False
KL_0283,Malappuram,Manjeri,Muthavayal,11.334759,76.273256,urban,186,0.51,False,2023,12,2023-12-01,51337.01,51337.01,228.5,339.96,0.0,False,0.829,1.104,276.01,False,False,True
KL_0283,Malappuram,Manjeri,Muthavayal,11.334759,76.273256,urban,186,0.51,False,2024,1,2024-01-01,26292.44,26292.44,230.4,164.77,0.0,False,0.882,0.5654,141.36,False,False,True
KL_0283,Malappuram,Manjeri,Muthavayal,11.334759,76.273256,urban,186,0.51,False,2024,2,2024-02-01,42586.01,42586.01,231.9,255.23,0.0,False,0.892,0.9158,228.96,False,False,True
KL_0283,Malappuram,Manjeri,Muthavayal,11.334759,76.273256,urban,186,0.51,False,2024,3,2024-03-01,35136.98,35136.98,222.5,230.58,0.0,False,0.897,0.7556,188.91,True,False,False
KL_0283,Malappuram,Manjeri,Muthavayal,11.334759,76.273256,urban,186,0.51,False,2024,4,2024-04-01,41525.88,41525.88,230.6,241.34,0.0,False,0.861,0.893,223.26,True,False,False
KL_0283,Malappuram,Manjeri,Muthavayal,11.334759,76.273256,urban,186,0.51,False,2024,5,2024-05-01,37105.75,37105.75,231.1,234.63,0.0,False,0.872,0.798,199.49,True,False,False
KL_0283,Malappuram,Manjeri,Muthavayal,11.334759,76.273256,urban,186,0.51,False,2024,6,2024-06-01,50574.24,50574.24,227.4,309.97,0.0,False,0.963,1.0876,271.9,False,True,False
KL_0283,Malappuram,Manjeri,Muthavayal,11.334759,76.273256,urban,186,0.51,False,2024,7,2024-07-01,40426.26,40426.26,240.5,253.48,0.0,False,0.97,0.8694,217.35,False,True,False
KL_0283,Malappuram,Manjeri,Muthavayal,11.334759,76.273256,urban,186,0.51,False,2024,8,2024-08-01,28470.43,28470.43,230.3,165.43,0.0,False,0.852,0.6123,153.07,False,True,False
KL_0283,Malappuram,Manjeri,Muthavayal,11.334759,76.273256,urban,186,0.51,False,2024,9,2024-09-01,30428.3,30428.3,225.0,177.21,0.0,False,0.762,0.6544,163.59,False,True,False
KL_0283,Malappuram,Manjeri,Muthavayal,11.334759,76.273256,urban,186,0.51,False,2024,10,2024-10-01,45366.56,45366.56,218.0,291.28,0.0,False,0.856,0.9756,243.91,False,False,False
KL_0283,Malappuram,Manjeri,Muthavayal,11.334759,76.273256,urban,186,0.51,False,2024,11,2024-11-01,37821.22,37821.22,226.7,247.4,0.0,False,0.856,0.8134,203.34,False,False,False
KL_0283,Malappuram,Manjeri,Muthavayal,11.334759,76.273256,urban,186,0.51,False,2024,12,2024-12-01,29110.08,29110.08,223.0,165.01,0.0,False,0.787,0.626,156.51,False,False,True
KL_0284,Kasaragod,Uppala,Manjaveli,12.664757,74.918282,rural,64,11.22,True,2023,1,2023-01-01,4293.17,4293.17,219.1,28.61,0.0,False,0.856,0.2683,67.08,False,False,True
KL_0284,Kasaragod,Uppala,Manjaveli,12.664757,74.918282,rural,64,11.22,True,2023,2,2023-02-01,4542.63,4542.63,237.4,28.28,0.0,False,0.798,0.2839,70.98,False,False,True
KL_0284,Kasaragod,Uppala,Manjaveli,12.664757,74.918282,rural,64,11.22,True,2023,3,2023-03-01,5930.72,5930.72,240.2,36.0,0.0,False,0.869,0.3707,92.67,True,False,False
KL_0284,Kasaragod,Uppala,Manjaveli,12.664757,74.918282,rural,64,11.22,True,2023,4,2023-04-01,5453.17,5453.17,239.5,34.45,0.0,False,0.88,0.3408,85.21,True,False,False
KL_0284,Kasaragod,Uppala,Manjaveli,12.664757,74.918282,rural,64,11.22,True,2023,5,2023-05-01,3498.85,3498.85,218.8,20.8,0.0,False,0.876,0.2187,54.67,True,False,False
KL_0284,Kasaragod,Uppala,Manjaveli,12.664757,74.918282,rural,64,11.22,True,2023,6,2023-06-01,8004.41,8004.41,246.4,44.84,0.0,False,0.899,0.5003,125.07,False,True,False
KL_0284,Kasaragod,Uppala,Manjaveli,12.664757,74.918282,rural,64,11.22,True,2023,7,2023-07-01,4476.34,4476.34,232.7,24.35,0.0,False,0.873,0.2798,69.94,False,True,False
KL_0284,Kasaragod,Uppala,Manjaveli,12.664757,74.918282,rural,64,11.22,True,2023,8,2023-08-01,6205.38,6205.38,224.9,41.76,0.0,False,0.889,0.3878,96.96,False,True,False
KL_0284,Kasaragod,Uppala,Manjaveli,12.664757,74.918282,rural,64,11.22,True,2023,9,2023-09-01,3258.68,3258.68,239.5,17.92,0.0,False,0.915,0.2037,50.92,False,True,False
KL_0284,Kasaragod,Uppala,Manjaveli,12.664757,74.918282,rural,64,11.22,True,2023,10,2023-10-01,10385.99,10385.99,226.4,62.04,0.0,False,0.828,0.6491,162.28,False,False,False
KL_0284,Kasaragod,Uppala,Manjaveli,12.664757,74.918282,rural,64,11.22,True,2023,11,2023-11-01,6092.34,6092.34,218.9,38.41,0.0,False,0.843,0.3808,95.19,False,False,False
KL_0284,Kasaragod,Uppala,Manjaveli,12.664757,74.918282,rural,64,11.22,True,2023,12,2023-12-01,10619.32,10619.32,224.9,63.76,0.0,False,0.832,0.6637,165.93,False,False,True
KL_0284,Kasaragod,Uppala,Manjaveli,12.664757,74.918282,rural,64,11.22,True,2024,1,2024-01-01,5595.97,5595.97,235.5,34.68,0.0,False,0.813,0.3497,87.44,False,False,True
KL_0284,Kasaragod,Uppala,Manjaveli,12.664757,74.918282,rural,64,11.22,True,2024,2,2024-02-01,3741.4,3741.4,228.2,24.7,0.0,False,0.835,0.2338,58.46,False,False,True
KL_0284,Kasaragod,Uppala,Manjaveli,12.664757,74.918282,rural,64,11.22,True,2024,3,2024-03-01,5591.66,5591.66,235.7,29.83,0.0,False,0.892,0.3495,87.37,True,False,False
KL_0284,Kasaragod,Uppala,Manjaveli,12.664757,74.918282,rural,64,11.22,True,2024,4,2024-04-01,5440.46,5440.46,238.5,32.94,0.0,False,0.886,0.34,85.01,True,False,False
KL_0284,Kasaragod,Uppala,Manjaveli,12.664757,74.918282,rural,64,11.22,True,2024,5,2024-05-01,9866.88,9866.88,244.2,58.01,0.0,False,0.765,0.6167,154.17,True,False,False
KL_0284,Kasaragod,Uppala,Manjaveli,12.664757,74.918282,rural,64,11.22,True,2024,6,2024-06-01,11302.62,11302.62,221.0,66.45,0.0,False,0.936,0.7064,176.6,False,True,False
KL_0284,Kasaragod,Uppala,Manjaveli,12.664757,74.918282,rural,64,11.22,True,2024,7,2024-07-01,2459.6,2459.6,227.0,15.82,0.0,False,0.892,0.1537,38.43,False,True,False
KL_0284,Kasaragod,Uppala,Manjaveli,12.664757,74.918282,rural,64,11.22,True,2024,8,2024-08-01,7748.51,7748.51,226.9,51.74,0.0,False,0.861,0.4843,121.07,False,True,False
KL_0284,Kasaragod,Uppala,Manjaveli,12.664757,74.918282,rural,64,11.22,True,2024,9,2024-09-01,4417.99,4417.99,221.3,27.92,0.0,False,0.781,0.2761,69.03,False,True,False
KL_0284,Kasaragod,Uppala,Manjaveli,12.664757,74.918282,rural,64,11.22,True,2024,10,2024-10-01,3731.8,3731.8,232.7,22.64,0.0,False,0.791,0.2332,58.31,False,False,False
KL_0284,Kasaragod,Uppala,Manjaveli,12.664757,74.918282,rural,64,11.22,True,2024,11,2024-11-01,3363.61,3363.61,235.9,21.26,0.0,False,0.925,0.2102,52.56,False,False,False
KL_0284,Kasaragod,Uppala,Manjaveli,12.664757,74.918282,rural,64,11.22,True,2024,12,2024-12-01,3245.8,3245.8,236.8,20.25,0.0,False,0.9,0.2029,50.72,False,False,True
KL_0285,Pathanamthitta,Mallappally,Padammukku,9.434943,77.075657,semi-urban,173,9.17,False,2023,1,2023-01-01,22585.12,22585.12,229.7,129.91,0.0,False,0.906,0.5222,130.55,False,False,True
KL_0285,Pathanamthitta,Mallappally,Padammukku,9.434943,77.075657,semi-urban,173,9.17,False,2023,2,2023-02-01,20010.68,20010.68,243.1,117.48,0.0,False,0.843,0.4627,115.67,False,False,True
KL_0285,Pathanamthitta,Mallappally,Padammukku,9.434943,77.075657,semi-urban,173,9.17,False,2023,3,2023-03-01,22174.91,22174.91,237.5,134.84,0.0,False,0.915,0.5127,128.18,True,False,False
KL_0285,Pathanamthitta,Mallappally,Padammukku,9.434943,77.075657,semi-urban,173,9.17,False,2023,4,2023-04-01,30287.73,30287.73,221.5,190.43,0.0,False,0.782,0.7003,175.07,True,False,False
KL_0285,Pathanamthitta,Mallappally,Padammukku,9.434943,77.075657,semi-urban,173,9.17,False,2023,5,2023-05-01,35917.7,35917.7,226.9,215.42,0.0,False,0.788,0.8305,207.62,True,False,False
KL_0285,Pathanamthitta,Mallappally,Padammukku,9.434943,77.075657,semi-urban,173,9.17,False,2023,6,2023-06-01,31602.32,31602.32,230.9,203.39,0.0,False,0.9,0.7307,182.67,False,True,False
KL_0285,Pathanamthitta,Mallappally,Padammukku,9.434943,77.075657,semi-urban,173,9.17,False,2023,7,2023-07-01,19895.59,19895.59,218.8,138.33,0.0,False,0.804,0.46,115.0,False,True,False
KL_0285,Pathanamthitta,Mallappally,Padammukku,9.434943,77.075657,semi-urban,173,9.17,False,2023,8,2023-08-01,9749.96,9749.96,217.4,59.74,0.0,False,0.848,0.2254,56.36,False,True,False
KL_0285,Pathanamthitta,Mallappally,Padammukku,9.434943,77.075657,semi-urban,173,9.17,False,2023,9,2023-09-01,24921.47,24921.47,247.7,129.29,0.0,False,0.761,0.5762,144.05,False,True,False
KL_0285,Pathanamthitta,Mallappally,Padammukku,9.434943,77.075657,semi-urban,173,9.17,False,2023,10,2023-10-01,27552.89,27552.89,230.9,163.0,0.0,False,0.708,0.6371,159.27,False,False,False
KL_0285,Pathanamthitta,Mallappally,Padammukku,9.434943,77.075657,semi-urban,173,9.17,False,2023,11,2023-11-01,23498.28,23498.28,237.5,144.03,0.0,False,0.799,0.5433,135.83,False,False,False
KL_0285,Pathanamthitta,Mallappally,Padammukku,9.434943,77.075657,semi-urban,173,9.17,False,2023,12,2023-12-01,13388.98,13388.98,243.8,74.35,0.0,False,0.831,0.3096,77.39,False,False,True
KL_0285,Pathanamthitta,Mallappally,Padammukku,9.434943,77.075657,semi-urban,173,9.17,False,2024,1,2024-01-01,22120.26,22120.26,224.4,146.73,0.0,False,0.804,0.5115,127.86,False,False,True
KL_0285,Pathanamthitta,Mallappally,Padammukku,9.434943,77.075657,semi-urban,173,9.17,False,2024,2,2024-02-01,15316.66,15316.66,231.3,91.91,0.0,False,0.881,0.3541,88.54,False,False,True
KL_0285,Pathanamthitta,Mallappally,Padammukku,9.434943,77.075657,semi-urban,173,9.17,False,2024,3,2024-03-01,21229.62,21229.62,228.0,127.35,0.0,False,0.901,0.4909,122.71,True,False,False
KL_0285,Pathanamthitta,Mallappally,Padammukku,9.434943,77.075657,semi-urban,173,9.17,False,2024,4,2024-04-01,15765.19,15765.19,235.2,94.53,0.0,False,0.881,0.3645,91.13,True,False,False
KL_0285,Pathanamthitta,Mallappally,Padammukku,9.434943,77.075657,semi-urban,173,9.17,False,2024,5,2024-05-01,32362.72,32362.72,222.9,181.79,0.0,False,0.792,0.7483,187.07,True,False,False
KL_0285,Pathanamthitta,Mallappally,Padammukku,9.434943,77.075657,semi-urban,173,9.17,False,2024,6,2024-06-01,27374.4,27374.4,232.9,150.31,0.0,False,0.876,0.6329,158.23,False,True,False
KL_0285,Pathanamthitta,Mallappally,Padammukku,9.434943,77.075657,semi-urban,173,9.17,False,2024,7,2024-07-01,23519.97,23519.97,229.4,135.85,0.0,False,0.789,0.5438,135.95,False,True,False
KL_0285,Pathanamthitta,Mallappally,Padammukku,9.434943,77.075657,semi-urban,173,9.17,False,2024,8,2024-08-01,20775.03,20775.03,230.0,119.06,0.0,False,0.943,0.4803,120.09,False,True,False
KL_0285,Pathanamthitta,Mallappally,Padammukku,9.434943,77.075657,semi-urban,173,9.17,False,2024,9,2024-09-01,14559.05,14559.05,220.9,87.18,0.0,False,0.852,0.3366,84.16,False,True,False
KL_0285,Pathanamthitta,Mallappally,Padammukku,9.434943,77.075657,semi-urban,173,9.17,False,2024,10,2024-10-01,21303.65,21303.65,237.2,135.65,0.0,False,0.807,0.4926,123.14,False,False,False
KL_0285,Pathanamthitta,Mallappally,Padammukku,9.434943,77.075657,semi-urban,173,9.17,False,2024,11,2024-11-01,22223.97,22223.97,236.6,124.51,0.0,False,0.853,0.5138,128.46,False,False,False
KL_0285,Pathanamthitta,Mallappally,Padammukku,9.434943,77.075657,semi-urban,173,9.17,False,2024,12,2024-12-01,17508.89,17508.89,215.8,109.72,0.0,False,0.858,0.4048,101.21,False,False,True
KL_0286,Kannur,Payyanur,Padamthara,11.948723,75.41051,urban,15,0.95,False,2023,1,2023-01-01,2635.4,2635.4,235.1,17.1,0.0,False,0.885,0.7028,175.69,False,False,True
KL_0286,Kannur,Payyanur,Padamthara,11.948723,75.41051,urban,15,0.95,False,2023,2,2023-02-01,2150.83,2150.83,245.8,12.14,0.0,False,0.756,0.5736,143.39,False,False,True
KL_0286,Kannur,Payyanur,Padamthara,11.948723,75.41051,urban,15,0.95,False,2023,3,2023-03-01,1873.94,1873.94,243.7,9.67,0.0,False,0.815,0.4997,124.93,True,False,False
KL_0286,Kannur,Payyanur,Padamthara,11.948723,75.41051,urban,15,0.95,False,2023,4,2023-04-01,4065.87,4065.87,213.7,25.31,0.0,False,0.874,1.0842,271.06,True,False,False
KL_0286,Kannur,Payyanur,Padamthara,11.948723,75.41051,urban,15,0.95,False,2023,5,2023-05-01,3556.92,3556.92,220.3,23.03,0.0,False,0.889,0.9485,237.13,True,False,False
KL_0286,Kannur,Payyanur,Padamthara,11.948723,75.41051,urban,15,0.95,False,2023,6,2023-06-01,2274.97,2274.97,217.5,13.18,0.0,False,1.014,0.6067,151.66,False,True,False
KL_0286,Kannur,Payyanur,Padamthara,11.948723,75.41051,urban,15,0.95,False,2023,7,2023-07-01,2409.6,2409.6,245.8,13.92,0.0,False,0.919,0.6426,160.64,False,True,False
KL_0286,Kannur,Payyanur,Padamthara,11.948723,75.41051,urban,15,0.95,False,2023,8,2023-08-01,2219.05,2219.05,232.2,14.44,0.0,False,0.816,0.5917,147.94,False,True,False
KL_0286,Kannur,Payyanur,Padamthara,11.948723,75.41051,urban,15,0.95,False,2023,9,2023-09-01,3726.83,3726.83,216.9,25.98,0.0,False,0.939,0.9938,248.46,False,True,False
KL_0286,Kannur,Payyanur,Padamthara,11.948723,75.41051,urban,15,0.95,False,2023,10,2023-10-01,3341.0,3341.0,232.4,18.36,0.0,False,0.879,0.8909,222.73,False,False,False
KL_0286,Kannur,Payyanur,Padamthara,11.948723,75.41051,urban,15,0.95,False,2023,11,2023-11-01,2707.0,2707.0,240.0,15.77,0.0,False,0.918,0.7219,180.47,False,False,False
KL_0286,Kannur,Payyanur,Padamthara,11.948723,75.41051,urban,15,0.95,False,2023,12,2023-12-01,3495.91,3495.91,235.5,21.93,0.0,False,0.873,0.9322,233.06,False,False,True
KL_0286,Kannur,Payyanur,Padamthara,11.948723,75.41051,urban,15,0.95,False,2024,1,2024-01-01,3100.49,3100.49,232.0,20.24,0.0,False,0.922,0.8268,206.7,False,False,True
KL_0286,Kannur,Payyanur,Padamthara,11.948723,75.41051,urban,15,0.95,False,2024,2,2024-02-01,2383.14,2383.14,221.8,13.44,0.0,False,0.904,0.6355,158.88,False,False,True
KL_0286,Kannur,Payyanur,Padamthara,11.948723,75.41051,urban,15,0.95,False,2024,3,2024-03-01,2179.32,2179.32,223.0,13.33,0.0,False,0.878,0.5812,145.29,True,False,False
KL_0286,Kannur,Payyanur,Padamthara,11.948723,75.41051,urban,15,0.95,False,2024,4,2024-04-01,3972.18,3972.18,234.8,22.96,0.0,False,0.828,1.0592,264.81,True,False,False
KL_0286,Kannur,Payyanur,Padamthara,11.948723,75.41051,urban,15,0.95,False,2024,5,2024-05-01,5732.1,5732.1,236.1,36.33,0.0,False,0.828,1.5286,382.14,True,False,False
KL_0286,Kannur,Payyanur,Padamthara,11.948723,75.41051,urban,15,0.95,False,2024,6,2024-06-01,3642.02,3642.02,228.7,23.55,0.0,False,0.803,0.9712,242.8,False,True,False
KL_0286,Kannur,Payyanur,Padamthara,11.948723,75.41051,urban,15,0.95,False,2024,7,2024-07-01,2746.39,2746.39,236.7,17.54,0.0,False,0.846,0.7324,183.09,False,True,False
KL_0286,Kannur,Payyanur,Padamthara,11.948723,75.41051,urban,15,0.95,False,2024,8,2024-08-01,2067.86,2067.86,230.1,11.76,0.0,False,0.905,0.5514,137.86,False,True,False
KL_0286,Kannur,Payyanur,Padamthara,11.948723,75.41051,urban,15,0.95,False,2024,9,2024-09-01,3616.28,3616.28,221.6,23.75,0.0,False,0.879,0.9643,241.09,False,True,False
KL_0286,Kannur,Payyanur,Padamthara,11.948723,75.41051,urban,15,0.95,False,2024,10,2024-10-01,3188.68,3188.68,227.2,19.17,0.0,False,0.811,0.8503,212.58,False,False,False
KL_0286,Kannur,Payyanur,Padamthara,11.948723,75.41051,urban,15,0.95,False,2024,11,2024-11-01,2168.14,2168.14,225.3,14.42,0.0,False,0.898,0.5782,144.54,False,False,False
KL_0286,Kannur,Payyanur,Padamthara,11.948723,75.41051,urban,15,0.95,False,2024,12,2024-12-01,2765.94,2765.94,234.6,16.96,0.0,False,0.791,0.7376,184.4,False,False,True
KL_0287,Kottayam,Vaikom,Kottapuram,9.841777,76.568556,rural,50,19.44,False,2023,1,2023-01-01,4107.69,4107.69,217.1,28.43,0.0,False,0.867,0.3286,82.15,False,False,True
KL_0287,Kottayam,Vaikom,Kottapuram,9.841777,76.568556,rural,50,19.44,False,2023,2,2023-02-01,3647.32,3647.32,226.1,23.6,0.0,False,0.92,0.2918,72.95,False,False,True
KL_0287,Kottayam,Vaikom,Kottapuram,9.841777,76.568556,rural,50,19.44,False,2023,3,2023-03-01,5259.41,5259.41,222.7,33.99,0.0,False,0.791,0.4208,105.19,True,False,False
KL_0287,Kottayam,Vaikom,Kottapuram,9.841777,76.568556,rural,50,19.44,False,2023,4,2023-04-01,3859.73,3859.73,217.1,24.54,0.0,False,0.859,0.3088,77.19,True,False,False
KL_0287,Kottayam,Vaikom,Kottapuram,9.841777,76.568556,rural,50,19.44,False,2023,5,2023-05-01,6163.17,6163.17,210.3,40.3,0.0,False,0.815,0.4931,123.26,True,False,False
KL_0287,Kottayam,Vaikom,Kottapuram,9.841777,76.568556,rural,50,19.44,False,2023,6,2023-06-01,3527.1,3527.1,231.1,23.28,0.0,False,0.931,0.2822,70.54,False,True,False
KL_0287,Kottayam,Vaikom,Kottapuram,9.841777,76.568556,rural,50,19.44,False,2023,7,2023-07-01,3898.98,3898.98,232.6,22.93,0.0,False,0.962,0.3119,77.98,False,True,False
KL_0287,Kottayam,Vaikom,Kottapuram,9.841777,76.568556,rural,50,19.44,False,2023,8,2023-08-01,3125.94,3125.94,224.8,18.67,0.0,False,0.878,0.2501,62.52,False,True,False
KL_0287,Kottayam,Vaikom,Kottapuram,9.841777,76.568556,rural,50,19.44,False,2023,9,2023-09-01,4671.76,4671.76,233.8,28.49,0.0,False,0.894,0.3737,93.44,False,True,False
KL_0287,Kottayam,Vaikom,Kottapuram,9.841777,76.568556,rural,50,19.44,False,2023,10,2023-10-01,7482.27,7482.27,227.5,45.82,0.0,False,0.918,0.5986,149.65,False,False,False
KL_0287,Kottayam,Vaikom,Kottapuram,9.841777,76.568556,rural,50,19.44,False,2023,11,2023-11-01,3823.23,3823.23,228.1,22.71,0.0,False,0.888,0.3059,76.46,False,False,False
KL_0287,Kottayam,Vaikom,Kottapuram,9.841777,76.568556,rural,50,19.44,False,2023,12,2023-12-01,3722.78,3722.78,221.9,25.13,0.0,False,0.809,0.2978,74.46,False,False,True
KL_0287,Kottayam,Vaikom,Kottapuram,9.841777,76.568556,rural,50,19.44,False,2024,1,2024-01-01,2927.39,2927.39,232.7,17.81,0.0,False,0.828,0.2342,58.55,False,False,True
KL_0287,Kottayam,Vaikom,Kottapuram,9.841777,76.568556,rural,50,19.44,False,2024,2,2024-02-01,4201.76,4201.76,220.3,25.12,0.0,False,0.827,0.3361,84.04,False,False,True
KL_0287,Kottayam,Vaikom,Kottapuram,9.841777,76.568556,rural,50,19.44,False,2024,3,2024-03-01,4628.11,4628.11,221.6,28.33,0.0,False,0.763,0.3702,92.56,True,False,False
KL_0287,Kottayam,Vaikom,Kottapuram,9.841777,76.568556,rural,50,19.44,False,2024,4,2024-04-01,5834.48,5834.48,231.5,31.75,0.0,False,0.899,0.4668,116.69,True,False,False
KL_0287,Kottayam,Vaikom,Kottapuram,9.841777,76.568556,rural,50,19.44,False,2024,5,2024-05-01,8310.45,8310.45,220.5,54.14,0.0,False,0.787,0.6648,166.21,True,False,False
KL_0287,Kottayam,Vaikom,Kottapuram,9.841777,76.568556,rural,50,19.44,False,2024,6,2024-06-01,3868.07,3868.07,230.5,21.71,0.0,False,0.891,0.3094,77.36,False,True,False
KL_0287,Kottayam,Vaikom,Kottapuram,9.841777,76.568556,rural,50,19.44,False,2024,7,2024-07-01,2929.47,2929.47,228.2,19.48,0.0,False,0.814,0.2344,58.59,False,True,False
KL_0287,Kottayam,Vaikom,Kottapuram,9.841777,76.568556,rural,50,19.44,False,2024,8,2024-08-01,5116.93,5116.93,221.3,31.46,0.0,False,0.839,0.4094,102.34,False,True,False
KL_0287,Kottayam,Vaikom,Kottapuram,9.841777,76.568556,rural,50,19.44,False,2024,9,2024-09-01,7412.89,7412.89,232.3,44.3,0.0,False,0.878,0.593,148.26,False,True,False
KL_0287,Kottayam,Vaikom,Kottapuram,9.841777,76.568556,rural,50,19.44,False,2024,10,2024-10-01,1821.59,1821.59,231.7,11.33,0.0,False,0.926,0.1457,36.43,False,False,False
KL_0287,Kottayam,Vaikom,Kottapuram,9.841777,76.568556,rural,50,19.44,False,2024,11,2024-11-01,4271.8,4271.8,225.8,25.73,0.0,False,0.893,0.3417,85.44,False,False,False
KL_0287,Kottayam,Vaikom,Kottapuram,9.841777,76.568556,rural,50,19.44,False,2024,12,2024-12-01,4523.05,4523.05,229.4,28.83,0.0,False,0.844,0.3618,90.46,False,False,True
KL_0288,Pathanamthitta,Mallappally,Manjathara,9.315455,76.714698,urban,160,4.63,False,2023,1,2023-01-01,19211.03,19211.03,236.1,115.15,0.0,False,0.848,0.4803,120.07,False,False,True
KL_0288,Pathanamthitta,Mallappally,Manjathara,9.315455,76.714698,urban,160,4.63,False,2023,2,2023-02-01,44501.0,44501.0,230.0,242.29,0.0,False,0.791,1.1125,278.13,False,False,True
KL_0288,Pathanamthitta,Mallappally,Manjathara,9.315455,76.714698,urban,160,4.63,False,2023,3,2023-03-01,35772.15,35772.15,223.1,203.14,0.0,False,0.882,0.8943,223.58,True,False,False
KL_0288,Pathanamthitta,Mallappally,Manjathara,9.315455,76.714698,urban,160,4.63,False,2023,4,2023-04-01,43672.4,43672.4,215.0,272.34,0.0,False,0.846,1.0918,272.95,True,False,False
KL_0288,Pathanamthitta,Mallappally,Manjathara,9.315455,76.714698,urban,160,4.63,False,2023,5,2023-05-01,44478.53,44478.53,222.9,259.68,0.0,False,0.803,1.112,277.99,True,False,False
KL_0288,Pathanamthitta,Mallappally,Manjathara,9.315455,76.714698,urban,160,4.63,False,2023,6,2023-06-01,26840.04,26840.04,218.6,158.0,0.0,False,0.889,0.671,167.75,False,True,False
KL_0288,Pathanamthitta,Mallappally,Manjathara,9.315455,76.714698,urban,160,4.63,False,2023,7,2023-07-01,26466.06,26466.06,239.4,166.96,0.0,False,0.921,0.6617,165.41,False,True,False
KL_0288,Pathanamthitta,Mallappally,Manjathara,9.315455,76.714698,urban,160,4.63,False,2023,8,2023-08-01,23933.27,23933.27,239.3,125.81,0.0,False,0.841,0.5983,149.58,False,True,False
KL_0288,Pathanamthitta,Mallappally,Manjathara,9.315455,76.714698,urban,160,4.63,False,2023,9,2023-09-01,41335.21,41335.21,238.2,247.77,0.0,False,0.822,1.0334,258.35,False,True,False
KL_0288,Pathanamthitta,Mallappally,Manjathara,9.315455,76.714698,urban,160,4.63,False,2023,10,2023-10-01,40384.89,40384.89,228.6,223.04,0.0,False,0.821,1.0096,252.41,False,False,False
KL_0288,Pathanamthitta,Mallappally,Manjathara,9.315455,76.714698,urban,160,4.63,False,2023,11,2023-11-01,26722.23,26722.23,222.8,156.33,0.0,False,0.87,0.6681,167.01,False,False,False
KL_0288,Pathanamthitta,Mallappally,Manjathara,9.315455,76.714698,urban,160,4.63,False,2023,12,2023-12-01,21528.68,21528.68,223.9,146.09,0.0,False,0.79,0.5382,134.55,False,False,True
KL_0288,Pathanamthitta,Mallappally,Manjathara,9.315455,76.714698,urban,160,4.63,False,2024,1,2024-01-01,15004.17,15004.17,217.9,92.78,0.0,False,0.854,0.3751,93.78,False,False,True
KL_0288,Pathanamthitta,Mallappally,Manjathara,9.315455,76.714698,urban,160,4.63,False,2024,2,2024-02-01,22297.83,22297.83,216.9,149.3,0.0,False,0.83,0.5574,139.36,False,False,True
KL_0288,Pathanamthitta,Mallappally,Manjathara,9.315455,76.714698,urban,160,4.63,False,2024,3,2024-03-01,23677.22,23677.22,228.7,155.28,0.0,False,0.875,0.5919,147.98,True,False,False
KL_0288,Pathanamthitta,Mallappally,Manjathara,9.315455,76.714698,urban,160,4.63,False,2024,4,2024-04-01,38861.19,38861.19,214.8,242.61,0.0,False,0.879,0.9715,242.88,True,False,False
KL_0288,Pathanamthitta,Mallappally,Manjathara,9.315455,76.714698,urban,160,4.63,False,2024,5,2024-05-01,48854.95,48854.95,241.4,265.7,0.0,False,0.794,1.2214,305.34,True,False,False
KL_0288,Pathanamthitta,Mallappally,Manjathara,9.315455,76.714698,urban,160,4.63,False,2024,6,2024-06-01,33433.96,33433.96,226.4,214.39,0.0,False,0.883,0.8358,208.96,False,True,False
KL_0288,Pathanamthitta,Mallappally,Manjathara,9.315455,76.714698,urban,160,4.63,False,2024,7,2024-07-01,25209.24,25209.24,222.9,156.49,0.0,False,0.873,0.6302,157.56,False,True,False
KL_0288,Pathanamthitta,Mallappally,Manjathara,9.315455,76.714698,urban,160,4.63,False,2024,8,2024-08-01,24780.24,24780.24,212.1,175.35,0.0,False,0.84,0.6195,154.88,False,True,False
KL_0288,Pathanamthitta,Mallappally,Manjathara,9.315455,76.714698,urban,160,4.63,False,2024,9,2024-09-01,24280.43,24280.43,229.8,133.65,0.0,False,0.828,0.607,151.75,False,True,False
KL_0288,Pathanamthitta,Mallappally,Manjathara,9.315455,76.714698,urban,160,4.63,False,2024,10,2024-10-01,25105.69,25105.69,213.2,173.68,0.0,False,0.829,0.6276,156.91,False,False,False
KL_0288,Pathanamthitta,Mallappally,Manjathara,9.315455,76.714698,urban,160,4.63,False,2024,11,2024-11-01,39198.19,39198.19,228.9,219.37,0.0,False,0.841,0.98,244.99,False,False,False
KL_0288,Pathanamthitta,Mallappally,Manjathara,9.315455,76.714698,urban,160,4.63,False,2024,12,2024-12-01,35885.06,35885.06,230.1,230.93,0.0,False,0.803,0.8971,224.28,False,False,True
KL_0289,Kottayam,Vaikom,Manamukku,9.510474,76.602625,rural,86,12.39,False,2023,1,2023-01-01,5007.89,5007.89,219.8,32.38,0.0,False,0.816,0.2329,58.23,False,False,True
KL_0289,Kottayam,Vaikom,Manamukku,9.510474,76.602625,rural,86,12.39,False,2023,2,2023-02-01,4877.18,4877.18,220.6,32.49,0.0,False,0.86,0.2268,56.71,False,False,True
KL_0289,Kottayam,Vaikom,Manamukku,9.510474,76.602625,rural,86,12.39,False,2023,3,2023-03-01,9914.31,9914.31,223.3,62.48,0.0,False,0.821,0.4611,115.28,True,False,False
KL_0289,Kottayam,Vaikom,Manamukku,9.510474,76.602625,rural,86,12.39,False,2023,4,2023-04-01,11699.43,11699.43,225.7,77.78,0.0,False,0.894,0.5442,136.04,True,False,False
KL_0289,Kottayam,Vaikom,Manamukku,9.510474,76.602625,rural,86,12.39,False,2023,5,2023-05-01,10304.26,10304.26,229.2,60.61,0.0,False,0.843,0.4793,119.82,True,False,False
KL_0289,Kottayam,Vaikom,Manamukku,9.510474,76.602625,rural,86,12.39,False,2023,6,2023-06-01,7636.25,7636.25,237.3,45.52,0.0,False,0.826,0.3552,88.79,False,True,False
KL_0289,Kottayam,Vaikom,Manamukku,9.510474,76.602625,rural,86,12.39,False,2023,7,2023-07-01,8468.86,8468.86,225.0,57.5,0.0,False,0.867,0.3939,98.48,False,True,False
KL_0289,Kottayam,Vaikom,Manamukku,9.510474,76.602625,rural,86,12.39,False,2023,8,2023-08-01,7422.9,7422.9,230.5,44.92,0.0,False,0.83,0.3453,86.31,False,True,False
KL_0289,Kottayam,Vaikom,Manamukku,9.510474,76.602625,rural,86,12.39,False,2023,9,2023-09-01,11325.32,11325.32,247.0,61.15,0.0,False,0.811,0.5268,131.69,False,True,False
KL_0289,Kottayam,Vaikom,Manamukku,9.510474,76.602625,rural,86,12.39,False,2023,10,2023-10-01,4622.03,4622.03,229.7,27.67,0.0,False,0.833,0.215,53.74,False,False,False
KL_0289,Kottayam,Vaikom,Manamukku,9.510474,76.602625,rural,86,12.39,False,2023,11,2023-11-01,9586.66,9586.66,223.5,56.01,0.0,False,0.748,0.4459,111.47,False,False,False
KL_0289,Kottayam,Vaikom,Manamukku,9.510474,76.602625,rural,86,12.39,False,2023,12,2023-12-01,8834.59,8834.59,243.1,52.58,0.0,False,0.751,0.4109,102.73,False,False,True
KL_0289,Kottayam,Vaikom,Manamukku,9.510474,76.602625,rural,86,12.39,False,2024,1,2024-01-01,8968.16,8968.16,235.5,55.29,0.0,False,0.804,0.4171,104.28,False,False,True
KL_0289,Kottayam,Vaikom,Manamukku,9.510474,76.602625,rural,86,12.39,False,2024,2,2024-02-01,9226.97,9226.97,245.0,54.52,0.0,False,0.79,0.4292,107.29,False,False,True
KL_0289,Kottayam,Vaikom,Manamukku,9.510474,76.602625,rural,86,12.39,False,2024,3,2024-03-01,5872.31,5872.31,231.4,36.12,0.0,False,0.883,0.2731,68.28,True,False,False
KL_0289,Kottayam,Vaikom,Manamukku,9.510474,76.602625,rural,86,12.39,False,2024,4,2024-04-01,7190.16,7190.16,233.0,38.93,0.0,False,0.913,0.3344,83.61,True,False,False
KL_0289,Kottayam,Vaikom,Manamukku,9.510474,76.602625,rural,86,12.39,False,2024,5,2024-05-01,10769.17,10769.17,225.2,68.79,0.0,False,0.866,0.5009,125.22,True,False,False
KL_0289,Kottayam,Vaikom,Manamukku,9.510474,76.602625,rural,86,12.39,False,2024,6,2024-06-01,12422.28,12422.28,228.0,78.42,0.0,False,0.755,0.5778,144.45,False,True,False
KL_0289,Kottayam,Vaikom,Manamukku,9.510474,76.602625,rural,86,12.39,False,2024,7,2024-07-01,6692.32,6692.32,223.9,43.01,0.0,False,0.78,0.3113,77.82,False,True,False
KL_0289,Kottayam,Vaikom,Manamukku,9.510474,76.602625,rural,86,12.39,False,2024,8,2024-08-01,3674.48,3674.48,232.9,22.61,0.0,False,0.868,0.1709,42.73,False,True,False
KL_0289,Kottayam,Vaikom,Manamukku,9.510474,76.602625,rural,86,12.39,False,2024,9,2024-09-01,3790.73,3790.73,209.1,27.41,0.0,False,0.841,0.1763,44.08,False,True,False
KL_0289,Kottayam,Vaikom,Manamukku,9.510474,76.602625,rural,86,12.39,False,2024,10,2024-10-01,8757.62,8757.62,237.0,50.76,0.0,False,0.757,0.4073,101.83,False,False,False
KL_0289,Kottayam,Vaikom,Manamukku,9.510474,76.602625,rural,86,12.39,False,2024,11,2024-11-01,5415.67,5415.67,223.5,35.97,0.0,False,0.807,0.2519,62.97,False,False,False
KL_0289,Kottayam,Vaikom,Manamukku,9.510474,76.602625,rural,86,12.39,False,2024,12,2024-12-01,8474.31,8474.31,238.7,53.61,0.0,False,0.796,0.3942,98.54,False,False,True
KL_0290,Pathanamthitta,Mallappally,Manaveli,9.520949,77.051918,semi-urban,46,4.53,False,2023,1,2023-01-01,6086.98,6086.98,233.4,32.87,0.0,False,0.923,0.5293,132.33,False,False,True
KL_0290,Pathanamthitta,Mallappally,Manaveli,9.520949,77.051918,semi-urban,46,4.53,False,2023,2,2023-02-01,7612.02,7612.02,219.8,51.15,0.0,False,0.885,0.6619,165.48,False,False,True
KL_0290,Pathanamthitta,Mallappally,Manaveli,9.520949,77.051918,semi-urban,46,4.53,False,2023,3,2023-03-01,3660.87,3660.87,227.4,20.92,0.0,False,0.836,0.3183,79.58,True,False,False
KL_0290,Pathanamthitta,Mallappally,Manaveli,9.520949,77.051918,semi-urban,46,4.53,False,2023,4,2023-04-01,7224.66,7224.66,235.3,45.02,0.0,False,0.861,0.6282,157.06,True,False,False
KL_0290,Pathanamthitta,Mallappally,Manaveli,9.520949,77.051918,semi-urban,46,4.53,False,2023,5,2023-05-01,4117.92,4117.92,250.1,23.62,0.0,False,0.857,0.3581,89.52,True,False,False
KL_0290,Pathanamthitta,Mallappally,Manaveli,9.520949,77.051918,semi-urban,46,4.53,False,2023,6,2023-06-01,5642.81,5642.81,236.8,34.46,0.0,False,0.854,0.4907,122.67,False,True,False
KL_0290,Pathanamthitta,Mallappally,Manaveli,9.520949,77.051918,semi-urban,46,4.53,False,2023,7,2023-07-01,6402.83,6402.83,224.1,37.83,0.0,False,0.941,0.5568,139.19,False,True,False
KL_0290,Pathanamthitta,Mallappally,Manaveli,9.520949,77.051918,semi-urban,46,4.53,False,2023,8,2023-08-01,4882.61,4882.61,239.0,28.05,0.0,False,0.92,0.4246,106.14,False,True,False
KL_0290,Pathanamthitta,Mallappally,Manaveli,9.520949,77.051918,semi-urban,46,4.53,False,2023,9,2023-09-01,5918.05,5918.05,220.3,36.78,0.0,False,0.926,0.5146,128.65,False,True,False
KL_0290,Pathanamthitta,Mallappally,Manaveli,9.520949,77.051918,semi-urban,46,4.53,False,2023,10,2023-10-01,4206.94,4206.94,219.0,27.36,0.0,False,0.867,0.3658,91.46,False,False,False
KL_0290,Pathanamthitta,Mallappally,Manaveli,9.520949,77.051918,semi-urban,46,4.53,False,2023,11,2023-11-01,5253.32,5253.32,218.0,31.28,0.0,False,0.833,0.4568,114.2,False,False,False
KL_0290,Pathanamthitta,Mallappally,Manaveli,9.520949,77.051918,semi-urban,46,4.53,False,2023,12,2023-12-01,5905.17,5905.17,222.5,37.15,0.0,False,0.788,0.5135,128.37,False,False,True
KL_0290,Pathanamthitta,Mallappally,Manaveli,9.520949,77.051918,semi-urban,46,4.53,False,2024,1,2024-01-01,5550.78,5550.78,227.0,36.67,0.0,False,0.8,0.4827,120.67,False,False,True
KL_0290,Pathanamthitta,Mallappally,Manaveli,9.520949,77.051918,semi-urban,46,4.53,False,2024,2,2024-02-01,6693.83,6693.83,223.0,38.1,0.0,False,0.901,0.5821,145.52,False,False,True
KL_0290,Pathanamthitta,Mallappally,Manaveli,9.520949,77.051918,semi-urban,46,4.53,False,2024,3,2024-03-01,4573.09,4573.09,228.6,28.7,0.0,False,0.786,0.3977,99.42,True,False,False
KL_0290,Pathanamthitta,Mallappally,Manaveli,9.520949,77.051918,semi-urban,46,4.53,False,2024,4,2024-04-01,9731.44,9731.44,218.3,65.33,0.0,False,0.841,0.8462,211.55,True,False,False
KL_0290,Pathanamthitta,Mallappally,Manaveli,9.520949,77.051918,semi-urban,46,4.53,False,2024,5,2024-05-01,5440.21,5440.21,227.4,31.67,0.0,False,0.781,0.4731,118.27,True,False,False
KL_0290,Pathanamthitta,Mallappally,Manaveli,9.520949,77.051918,semi-urban,46,4.53,False,2024,6,2024-06-01,9152.37,9152.37,227.1,59.08,0.0,False,0.845,0.7959,198.96,False,True,False
KL_0290,Pathanamthitta,Mallappally,Manaveli,9.520949,77.051918,semi-urban,46,4.53,False,2024,7,2024-07-01,5037.26,5037.26,230.5,31.05,0.0,False,0.797,0.438,109.51,False,True,False
KL_0290,Pathanamthitta,Mallappally,Manaveli,9.520949,77.051918,semi-urban,46,4.53,False,2024,8,2024-08-01,5901.58,5901.58,238.9,37.4,0.0,False,0.883,0.5132,128.3,False,True,False
KL_0290,Pathanamthitta,Mallappally,Manaveli,9.520949,77.051918,semi-urban,46,4.53,False,2024,9,2024-09-01,6580.66,6580.66,231.6,39.88,0.0,False,0.838,0.5722,143.06,False,True,False
KL_0290,Pathanamthitta,Mallappally,Manaveli,9.520949,77.051918,semi-urban,46,4.53,False,2024,10,2024-10-01,2891.89,2891.89,247.7,17.07,0.0,False,0.81,0.2515,62.87,False,False,False
KL_0290,Pathanamthitta,Mallappally,Manaveli,9.520949,77.051918,semi-urban,46,4.53,False,2024,11,2024-11-01,8880.4,8880.4,230.2,48.94,0.0,False,0.802,0.7722,193.05,False,False,False
KL_0290,Pathanamthitta,Mallappally,Manaveli,9.520949,77.051918,semi-urban,46,4.53,False,2024,12,2024-12-01,5240.78,5240.78,233.4,32.82,0.0,False,0.857,0.4557,113.93,False,False,True
KL_0291,Thrissur,Kunnamkulam,Vattamukku,10.675459,76.361488,urban,79,2.05,False,2023,1,2023-01-01,18454.47,18454.47,229.3,108.53,0.0,False,0.853,0.9344,233.6,False,False,True
KL_0291,Thrissur,Kunnamkulam,Vattamukku,10.675459,76.361488,urban,79,2.05,False,2023,2,2023-02-01,9647.72,9647.72,243.2,50.28,0.0,False,0.822,0.4885,122.12,False,False,True
KL_0291,Thrissur,Kunnamkulam,Vattamukku,10.675459,76.361488,urban,79,2.05,False,2023,3,2023-03-01,13414.66,13414.66,218.4,83.53,0.0,False,0.834,0.6792,169.81,True,False,False
KL_0291,Thrissur,Kunnamkulam,Vattamukku,10.675459,76.361488,urban,79,2.05,False,2023,4,2023-04-01,26771.16,26771.16,217.5,169.65,0.0,False,0.825,1.3555,338.88,True,False,False
KL_0291,Thrissur,Kunnamkulam,Vattamukku,10.675459,76.361488,urban,79,2.05,False,2023,5,2023-05-01,16463.17,16463.17,231.4,92.08,0.0,False,0.741,0.8336,208.39,True,False,False
KL_0291,Thrissur,Kunnamkulam,Vattamukku,10.675459,76.361488,urban,79,2.05,False,2023,6,2023-06-01,12936.18,12936.18,236.1,68.5,0.0,False,0.848,0.655,163.75,False,True,False
KL_0291,Thrissur,Kunnamkulam,Vattamukku,10.675459,76.361488,urban,79,2.05,False,2023,7,2023-07-01,18972.58,18972.58,227.5,123.1,0.0,False,0.772,0.9606,240.16,False,True,False
KL_0291,Thrissur,Kunnamkulam,Vattamukku,10.675459,76.361488,urban,79,2.05,False,2023,8,2023-08-01,9736.9,9736.9,236.5,54.02,0.0,False,0.806,0.493,123.25,False,True,False
KL_0291,Thrissur,Kunnamkulam,Vattamukku,10.675459,76.361488,urban,79,2.05,False,2023,9,2023-09-01,15411.83,15411.83,229.5,98.08,0.0,False,0.866,0.7803,195.09,False,True,False
KL_0291,Thrissur,Kunnamkulam,Vattamukku,10.675459,76.361488,urban,79,2.05,False,2023,10,2023-10-01,14208.38,14208.38,241.2,80.14,0.0,False,0.838,0.7194,179.85,False,False,False
KL_0291,Thrissur,Kunnamkulam,Vattamukku,10.675459,76.361488,urban,79,2.05,False,2023,11,2023-11-01,13515.95,13515.95,238.8,82.78,0.0,False,0.926,0.6844,171.09,False,False,False
KL_0291,Thrissur,Kunnamkulam,Vattamukku,10.675459,76.361488,urban,79,2.05,False,2023,12,2023-12-01,10297.0,10297.0,236.5,65.85,0.0,False,0.81,0.5214,130.34,False,False,True
KL_0291,Thrissur,Kunnamkulam,Vattamukku,10.675459,76.361488,urban,79,2.05,False,2024,1,2024-01-01,12416.68,12416.68,239.4,70.81,0.0,False,0.829,0.6287,157.17,False,False,True
KL_0291,Thrissur,Kunnamkulam,Vattamukku,10.675459,76.361488,urban,79,2.05,False,2024,2,2024-02-01,11300.39,11300.39,226.8,75.85,0.0,False,0.858,0.5722,143.04,False,False,True
KL_0291,Thrissur,Kunnamkulam,Vattamukku,10.675459,76.361488,urban,79,2.05,False,2024,3,2024-03-01,17474.21,17474.21,233.2,95.36,0.0,False,0.848,0.8848,221.19,True,False,False
KL_0291,Thrissur,Kunnamkulam,Vattamukku,10.675459,76.361488,urban,79,2.05,False,2024,4,2024-04-01,16637.19,16637.19,231.7,104.86,0.0,False,0.902,0.8424,210.6,True,False,False
KL_0291,Thrissur,Kunnamkulam,Vattamukku,10.675459,76.361488,urban,79,2.05,False,2024,5,2024-05-01,15259.64,15259.64,219.5,87.29,0.0,False,0.882,0.7726,193.16,True,False,False
KL_0291,Thrissur,Kunnamkulam,Vattamukku,10.675459,76.361488,urban,79,2.05,False,2024,6,2024-06-01,14957.56,14957.56,237.5,85.85,0.0,False,0.919,0.7573,189.34,False,True,False
KL_0291,Thrissur,Kunnamkulam,Vattamukku,10.675459,76.361488,urban,79,2.05,False,2024,7,2024-07-01,12502.64,12502.64,237.8,74.88,0.0,False,0.769,0.633,158.26,False,True,False
KL_0291,Thrissur,Kunnamkulam,Vattamukku,10.675459,76.361488,urban,79,2.05,False,2024,8,2024-08-01,12279.4,12279.4,231.4,68.06,0.0,False,0.889,0.6217,155.44,False,True,False
KL_0291,Thrissur,Kunnamkulam,Vattamukku,10.675459,76.361488,urban,79,2.05,False,2024,9,2024-09-01,15457.93,15457.93,228.8,94.61,0.0,False,0.801,0.7827,195.67,False,True,False
KL_0291,Thrissur,Kunnamkulam,Vattamukku,10.675459,76.361488,urban,79,2.05,False,2024,10,2024-10-01,10417.94,10417.94,209.4,72.38,0.0,False,0.872,0.5275,131.87,False,False,False
KL_0291,Thrissur,Kunnamkulam,Vattamukku,10.675459,76.361488,urban,79,2.05,False,2024,11,2024-11-01,17910.25,17910.25,223.0,114.98,0.0,False,0.838,0.9068,226.71,False,False,False
KL_0291,Thrissur,Kunnamkulam,Vattamukku,10.675459,76.361488,urban,79,2.05,False,2024,12,2024-12-01,13700.17,13700.17,218.2,79.97,0.0,False,0.816,0.6937,173.42,False,False,True
KL_0292,Kannur,Kannur,Manjakavu,12.152386,75.725197,urban,51,2.09,False,2023,1,2023-01-01,11185.92,11185.92,242.0,67.42,0.0,False,0.909,0.8773,219.33,False,False,True
KL_0292,Kannur,Kannur,Manjakavu,12.152386,75.725197,urban,51,2.09,False,2023,2,2023-02-01,10252.34,10252.34,224.5,62.52,0.0,False,0.766,0.8041,201.03,False,False,True
KL_0292,Kannur,Kannur,Manjakavu,12.152386,75.725197,urban,51,2.09,False,2023,3,2023-03-01,6305.51,6305.51,231.0,34.99,0.0,False,0.941,0.4945,123.64,True,False,False
KL_0292,Kannur,Kannur,Manjakavu,12.152386,75.725197,urban,51,2.09,False,2023,4,2023-04-01,8614.28,8614.28,242.4,45.07,0.0,False,0.882,0.6756,168.91,True,False,False
KL_0292,Kannur,Kannur,Manjakavu,12.152386,75.725197,urban,51,2.09,False,2023,5,2023-05-01,14838.79,14838.79,211.3,105.32,0.0,False,0.858,1.1638,290.96,True,False,False
KL_0292,Kannur,Kannur,Manjakavu,12.152386,75.725197,urban,51,2.09,False,2023,6,2023-06-01,13601.69,13601.69,228.2,81.51,0.0,False,0.843,1.0668,266.7,False,True,False
KL_0292,Kannur,Kannur,Manjakavu,12.152386,75.725197,urban,51,2.09,False,2023,7,2023-07-01,8785.65,8785.65,222.5,55.57,0.0,False,0.831,0.6891,172.27,False,True,False
KL_0292,Kannur,Kannur,Manjakavu,12.152386,75.725197,urban,51,2.09,False,2023,8,2023-08-01,7037.35,7037.35,220.7,47.37,0.0,False,0.873,0.5519,137.99,False,True,False
KL_0292,Kannur,Kannur,Manjakavu,12.152386,75.725197,urban,51,2.09,False,2023,9,2023-09-01,12973.69,12973.69,234.5,84.11,0.0,False,0.78,1.0175,254.39,False,True,False
KL_0292,Kannur,Kannur,Manjakavu,12.152386,75.725197,urban,51,2.09,False,2023,10,2023-10-01,8874.47,8874.47,231.2,58.01,0.0,False,0.696,0.696,174.01,False,False,False
KL_0292,Kannur,Kannur,Manjakavu,12.152386,75.725197,urban,51,2.09,False,2023,11,2023-11-01,8153.82,8153.82,232.1,44.69,0.0,False,0.854,0.6395,159.88,False,False,False
KL_0292,Kannur,Kannur,Manjakavu,12.152386,75.725197,urban,51,2.09,False,2023,12,2023-12-01,4959.18,4959.18,220.7,30.13,0.0,False,0.813,0.389,97.24,False,False,True
KL_0292,Kannur,Kannur,Manjakavu,12.152386,75.725197,urban,51,2.09,False,2024,1,2024-01-01,6740.36,6740.36,232.1,38.46,0.0,False,0.804,0.5287,132.16,False,False,True
KL_0292,Kannur,Kannur,Manjakavu,12.152386,75.725197,urban,51,2.09,False,2024,2,2024-02-01,8339.97,8339.97,216.6,52.14,0.0,False,0.771,0.6541,163.53,False,False,True
KL_0292,Kannur,Kannur,Manjakavu,12.152386,75.725197,urban,51,2.09,False,2024,3,2024-03-01,7163.88,7163.88,223.4,45.24,0.0,False,0.91,0.5619,140.47,True,False,False
KL_0292,Kannur,Kannur,Manjakavu,12.152386,75.725197,urban,51,2.09,False,2024,4,2024-04-01,11687.28,11687.28,229.4,65.0,0.0,False,0.941,0.9166,229.16,True,False,False
KL_0292,Kannur,Kannur,Manjakavu,12.152386,75.725197,urban,51,2.09,False,2024,5,2024-05-01,14103.46,14103.46,236.3,85.97,0.0,False,0.847,1.1062,276.54,True,False,False
KL_0292,Kannur,Kannur,Manjakavu,12.152386,75.725197,urban,51,2.09,False,2024,6,2024-06-01,11536.29,11536.29,235.6,64.17,0.0,False,0.842,0.9048,226.2,False,True,False
KL_0292,Kannur,Kannur,Manjakavu,12.152386,75.725197,urban,51,2.09,False,2024,7,2024-07-01,9129.15,9129.15,244.4,51.34,0.0,False,0.871,0.716,179.0,False,True,False
KL_0292,Kannur,Kannur,Manjakavu,12.152386,75.725197,urban,51,2.09,False,2024,8,2024-08-01,9566.79,9566.79,211.8,65.31,0.0,False,0.868,0.7503,187.58,False,True,False
KL_0292,Kannur,Kannur,Manjakavu,12.152386,75.725197,urban,51,2.09,False,2024,9,2024-09-01,15160.04,15160.04,228.7,98.04,0.0,False,0.824,1.189,297.26,False,True,False
KL_0292,Kannur,Kannur,Manjakavu,12.152386,75.725197,urban,51,2.09,False,2024,10,2024-10-01,9445.79,9445.79,230.3,51.81,0.0,False,0.911,0.7408,185.21,False,False,False
KL_0292,Kannur,Kannur,Manjakavu,12.152386,75.725197,urban,51,2.09,False,2024,11,2024-11-01,8506.68,8506.68,234.6,50.76,0.0,False,0.907,0.6672,166.8,False,False,False
KL_0292,Kannur,Kannur,Manjakavu,12.152386,75.725197,urban,51,2.09,False,2024,12,2024-12-01,11022.73,11022.73,218.8,73.64,0.0,False,0.887,0.8645,216.13,False,False,True
KL_0293,Malappuram,Malappuram,Vellimoodu,10.947417,76.053927,rural,151,10.78,False,2023,1,2023-01-01,11347.86,11347.86,229.0,71.53,0.0,False,0.939,0.3006,75.15,False,False,True
KL_0293,Malappuram,Malappuram,Vellimoodu,10.947417,76.053927,rural,151,10.78,False,2023,2,2023-02-01,11497.18,11497.18,229.5,72.68,0.0,False,0.889,0.3046,76.14,False,False,True
KL_0293,Malappuram,Malappuram,Vellimoodu,10.947417,76.053927,rural,151,10.78,False,2023,3,2023-03-01,13150.66,13150.66,229.8,76.09,0.0,False,0.817,0.3484,87.09,True,False,False
KL_0293,Malappuram,Malappuram,Vellimoodu,10.947417,76.053927,rural,151,10.78,False,2023,4,2023-04-01,20083.22,20083.22,218.6,117.68,0.0,False,0.854,0.532,133.0,True,False,False
KL_0293,Malappuram,Malappuram,Vellimoodu,10.947417,76.053927,rural,151,10.78,False,2023,5,2023-05-01,15051.25,15051.25,228.2,97.21,0.0,False,0.897,0.3987,99.68,True,False,False
KL_0293,Malappuram,Malappuram,Vellimoodu,10.947417,76.053927,rural,151,10.78,False,2023,6,2023-06-01,19295.09,19295.09,229.4,114.91,0.0,False,0.797,0.5111,127.78,False,True,False
KL_0293,Malappuram,Malappuram,Vellimoodu,10.947417,76.053927,rural,151,10.78,False,2023,7,2023-07-01,10706.74,10706.74,242.2,64.75,0.0,False,0.836,0.2836,70.91,False,True,False
KL_0293,Malappuram,Malappuram,Vellimoodu,10.947417,76.053927,rural,151,10.78,False,2023,8,2023-08-01,15310.79,15310.79,230.5,87.73,0.0,False,0.771,0.4056,101.4,False,True,False
KL_0293,Malappuram,Malappuram,Vellimoodu,10.947417,76.053927,rural,151,10.78,False,2023,9,2023-09-01,11853.9,11853.9,241.0,74.33,0.0,False,0.951,0.314,78.5,False,True,False
KL_0293,Malappuram,Malappuram,Vellimoodu,10.947417,76.053927,rural,151,10.78,False,2023,10,2023-10-01,13306.53,13306.53,227.7,77.59,0.0,False,0.87,0.3525,88.12,False,False,False
KL_0293,Malappuram,Malappuram,Vellimoodu,10.947417,76.053927,rural,151,10.78,False,2023,11,2023-11-01,10692.4,10692.4,223.8,63.25,0.0,False,0.88,0.2832,70.81,False,False,False
KL_0293,Malappuram,Malappuram,Vellimoodu,10.947417,76.053927,rural,151,10.78,False,2023,12,2023-12-01,15443.26,15443.26,220.1,89.66,0.0,False,0.775,0.4091,102.27,False,False,True
KL_0293,Malappuram,Malappuram,Vellimoodu,10.947417,76.053927,rural,151,10.78,False,2024,1,2024-01-01,7731.52,7731.52,218.1,51.67,0.0,False,0.906,0.2048,51.2,False,False,True
KL_0293,Malappuram,Malappuram,Vellimoodu,10.947417,76.053927,rural,151,10.78,False,2024,2,2024-02-01,9992.5,9992.5,237.0,61.94,0.0,False,0.866,0.2647,66.18,False,False,True
KL_0293,Malappuram,Malappuram,Vellimoodu,10.947417,76.053927,rural,151,10.78,False,2024,3,2024-03-01,19543.09,19543.09,232.0,126.79,0.0,False,0.76,0.5177,129.42,True,False,False
KL_0293,Malappuram,Malappuram,Vellimoodu,10.947417,76.053927,rural,151,10.78,False,2024,4,2024-04-01,13411.19,13411.19,231.1,81.48,0.0,False,0.873,0.3553,88.82,True,False,False
KL_0293,Malappuram,Malappuram,Vellimoodu,10.947417,76.053927,rural,151,10.78,False,2024,5,2024-05-01,12268.66,12268.66,230.1,77.2,0.0,False,0.801,0.325,81.25,True,False,False
KL_0293,Malappuram,Malappuram,Vellimoodu,10.947417,76.053927,rural,151,10.78,False,2024,6,2024-06-01,10177.95,10177.95,219.6,62.09,0.0,False,0.853,0.2696,67.4,False,True,False
KL_0293,Malappuram,Malappuram,Vellimoodu,10.947417,76.053927,rural,151,10.78,False,2024,7,2024-07-01,16007.16,16007.16,223.4,94.3,0.0,False,0.888,0.424,106.01,False,True,False
KL_0293,Malappuram,Malappuram,Vellimoodu,10.947417,76.053927,rural,151,10.78,False,2024,8,2024-08-01,11377.56,11377.56,215.0,69.33,0.0,False,0.86,0.3014,75.35,False,True,False
KL_0293,Malappuram,Malappuram,Vellimoodu,10.947417,76.053927,rural,151,10.78,False,2024,9,2024-09-01,13666.7,13666.7,218.1,90.92,0.0,False,0.758,0.362,90.51,False,True,False
KL_0293,Malappuram,Malappuram,Vellimoodu,10.947417,76.053927,rural,151,10.78,False,2024,10,2024-10-01,12559.11,12559.11,217.0,87.18,0.0,False,0.863,0.3327,83.17,False,False,False
KL_0293,Malappuram,Malappuram,Vellimoodu,10.947417,76.053927,rural,151,10.78,False,2024,11,2024-11-01,21899.27,21899.27,223.7,134.37,0.0,False,0.893,0.5801,145.03,False,False,False
KL_0293,Malappuram,Malappuram,Vellimoodu,10.947417,76.053927,rural,151,10.78,False,2024,12,2024-12-01,14390.81,14390.81,220.6,83.59,0.0,False,0.84,0.3812,95.3,False,False,True
KL_0294,Palakkad,Ottappalam,Muthaveli,10.837633,76.767174,rural,114,22.17,False,2023,1,2023-01-01,9466.41,9466.41,219.1,64.58,0.0,False,0.876,0.3322,83.04,False,False,True
KL_0294,Palakkad,Ottappalam,Muthaveli,10.837633,76.767174,rural,114,22.17,False,2023,2,2023-02-01,5315.21,5315.21,217.3,35.85,0.0,False,0.877,0.1865,46.62,False,False,True
KL_0294,Palakkad,Ottappalam,Muthaveli,10.837633,76.767174,rural,114,22.17,False,2023,3,2023-03-01,14169.22,14169.22,217.5,84.31,0.0,False,0.749,0.4972,124.29,True,False,False
KL_0294,Palakkad,Ottappalam,Muthaveli,10.837633,76.767174,rural,114,22.17,False,2023,4,2023-04-01,11999.76,11999.76,232.4,73.91,0.0,False,0.913,0.421,105.26,True,False,False
KL_0294,Palakkad,Ottappalam,Muthaveli,10.837633,76.767174,rural,114,22.17,False,2023,5,2023-05-01,9420.94,9420.94,246.8,48.32,0.0,False,0.822,0.3306,82.64,True,False,False
KL_0294,Palakkad,Ottappalam,Muthaveli,10.837633,76.767174,rural,114,22.17,False,2023,6,2023-06-01,5984.46,5984.46,247.0,36.16,0.0,False,0.814,0.21,52.5,False,True,False
KL_0294,Palakkad,Ottappalam,Muthaveli,10.837633,76.767174,rural,114,22.17,False,2023,7,2023-07-01,9920.27,9920.27,248.1,59.85,0.0,False,0.815,0.3481,87.02,False,True,False
KL_0294,Palakkad,Ottappalam,Muthaveli,10.837633,76.767174,rural,114,22.17,False,2023,8,2023-08-01,8959.57,8959.57,233.8,54.58,0.0,False,0.912,0.3144,78.59,False,True,False
KL_0294,Palakkad,Ottappalam,Muthaveli,10.837633,76.767174,rural,114,22.17,False,2023,9,2023-09-01,4577.93,4577.93,240.2,27.12,0.0,False,0.924,0.1606,40.16,False,True,False
KL_0294,Palakkad,Ottappalam,Muthaveli,10.837633,76.767174,rural,114,22.17,False,2023,10,2023-10-01,8503.71,8503.71,232.9,52.66,0.0,False,0.874,0.2984,74.59,False,False,False
KL_0294,Palakkad,Ottappalam,Muthaveli,10.837633,76.767174,rural,114,22.17,False,2023,11,2023-11-01,6635.18,6635.18,213.3,44.96,0.0,False,0.826,0.2328,58.2,False,False,False
KL_0294,Palakkad,Ottappalam,Muthaveli,10.837633,76.767174,rural,114,22.17,False,2023,12,2023-12-01,4525.92,4525.92,227.3,27.19,0.0,False,0.995,0.1588,39.7,False,False,True
KL_0294,Palakkad,Ottappalam,Muthaveli,10.837633,76.767174,rural,114,22.17,False,2024,1,2024-01-01,8041.66,8041.66,227.8,49.25,0.0,False,0.849,0.2822,70.54,False,False,True
KL_0294,Palakkad,Ottappalam,Muthaveli,10.837633,76.767174,rural,114,22.17,False,2024,2,2024-02-01,10925.98,10925.98,234.0,59.8,0.0,False,0.817,0.3834,95.84,False,False,True
KL_0294,Palakkad,Ottappalam,Muthaveli,10.837633,76.767174,rural,114,22.17,False,2024,3,2024-03-01,11570.0,11570.0,227.0,69.33,0.0,False,0.901,0.406,101.49,True,False,False
KL_0294,Palakkad,Ottappalam,Muthaveli,10.837633,76.767174,rural,114,22.17,False,2024,4,2024-04-01,8780.72,8780.72,213.8,55.49,0.0,False,0.844,0.3081,77.02,True,False,False
KL_0294,Palakkad,Ottappalam,Muthaveli,10.837633,76.767174,rural,114,22.17,False,2024,5,2024-05-01,13252.25,13252.25,221.9,76.95,0.0,False,0.955,0.465,116.25,True,False,False
KL_0294,Palakkad,Ottappalam,Muthaveli,10.837633,76.767174,rural,114,22.17,False,2024,6,2024-06-01,14561.56,14561.56,212.4,94.81,0.0,False,0.808,0.5109,127.73,False,True,False
KL_0294,Palakkad,Ottappalam,Muthaveli,10.837633,76.767174,rural,114,22.17,False,2024,7,2024-07-01,8504.64,8504.64,233.4,48.79,0.0,False,0.841,0.2984,74.6,False,True,False
KL_0294,Palakkad,Ottappalam,Muthaveli,10.837633,76.767174,rural,114,22.17,False,2024,8,2024-08-01,11777.65,11777.65,224.6,75.04,0.0,False,0.927,0.4133,103.31,False,True,False
KL_0294,Palakkad,Ottappalam,Muthaveli,10.837633,76.767174,rural,114,22.17,False,2024,9,2024-09-01,4017.3,4017.3,227.6,24.68,0.0,False,0.874,0.141,35.24,False,True,False
KL_0294,Palakkad,Ottappalam,Muthaveli,10.837633,76.767174,rural,114,22.17,False,2024,10,2024-10-01,7482.83,7482.83,235.9,47.98,0.0,False,0.835,0.2626,65.64,False,False,False
KL_0294,Palakkad,Ottappalam,Muthaveli,10.837633,76.767174,rural,114,22.17,False,2024,11,2024-11-01,10393.92,10393.92,209.7,68.81,0.0,False,0.804,0.3647,91.17,False,False,False
KL_0294,Palakkad,Ottappalam,Muthaveli,10.837633,76.767174,rural,114,22.17,False,2024,12,2024-12-01,7132.17,7132.17,234.9,43.95,0.0,False,0.793,0.2503,62.56,False,False,True
KL_0295,Kozhikode,Vadakara,Kodukavu,11.363947,75.750014,semi-urban,127,4.04,False,2023,1,2023-01-01,19042.84,19042.84,230.3,115.04,0.0,False,0.785,0.5998,149.94,False,False,True
KL_0295,Kozhikode,Vadakara,Kodukavu,11.363947,75.750014,semi-urban,127,4.04,False,2023,2,2023-02-01,16117.02,16117.02,224.2,103.11,0.0,False,0.899,0.5076,126.91,False,False,True
KL_0295,Kozhikode,Vadakara,Kodukavu,11.363947,75.750014,semi-urban,127,4.04,False,2023,3,2023-03-01,19739.8,19739.8,225.0,109.7,0.0,False,0.889,0.6217,155.43,True,False,False
KL_0295,Kozhikode,Vadakara,Kodukavu,11.363947,75.750014,semi-urban,127,4.04,False,2023,4,2023-04-01,18885.56,18885.56,214.8,120.77,0.0,False,0.876,0.5948,148.71,True,False,False
KL_0295,Kozhikode,Vadakara,Kodukavu,11.363947,75.750014,semi-urban,127,4.04,False,2023,5,2023-05-01,18228.5,18228.5,217.6,127.4,0.0,False,0.795,0.5741,143.53,True,False,False
KL_0295,Kozhikode,Vadakara,Kodukavu,11.363947,75.750014,semi-urban,127,4.04,False,2023,6,2023-06-01,22150.23,22150.23,234.3,123.84,0.0,False,0.835,0.6976,174.41,False,True,False
KL_0295,Kozhikode,Vadakara,Kodukavu,11.363947,75.750014,semi-urban,127,4.04,False,2023,7,2023-07-01,14988.62,14988.62,218.1,99.31,0.0,False,0.866,0.4721,118.02,False,True,False
KL_0295,Kozhikode,Vadakara,Kodukavu,11.363947,75.750014,semi-urban,127,4.04,False,2023,8,2023-08-01,19640.35,19640.35,215.4,131.46,0.0,False,0.913,0.6186,154.65,False,True,False
KL_0295,Kozhikode,Vadakara,Kodukavu,11.363947,75.750014,semi-urban,127,4.04,False,2023,9,2023-09-01,10271.15,10271.15,216.1,60.25,0.0,False,0.868,0.3235,80.88,False,True,False
KL_0295,Kozhikode,Vadakara,Kodukavu,11.363947,75.750014,semi-urban,127,4.04,False,2023,10,2023-10-01,22986.94,22986.94,239.5,134.53,0.0,False,0.857,0.724,181.0,False,False,False
KL_0295,Kozhikode,Vadakara,Kodukavu,11.363947,75.750014,semi-urban,127,4.04,False,2023,11,2023-11-01,15043.36,15043.36,234.6,89.67,0.0,False,0.804,0.4738,118.45,False,False,False
KL_0295,Kozhikode,Vadakara,Kodukavu,11.363947,75.750014,semi-urban,127,4.04,False,2023,12,2023-12-01,17085.67,17085.67,229.4,95.07,0.0,False,0.895,0.5381,134.53,False,False,True
KL_0295,Kozhikode,Vadakara,Kodukavu,11.363947,75.750014,semi-urban,127,4.04,False,2024,1,2024-01-01,11609.24,11609.24,223.9,71.22,0.0,False,0.836,0.3656,91.41,False,False,True
KL_0295,Kozhikode,Vadakara,Kodukavu,11.363947,75.750014,semi-urban,127,4.04,False,2024,2,2024-02-01,16084.79,16084.79,230.5,96.61,0.0,False,0.78,0.5066,126.65,False,False,True
KL_0295,Kozhikode,Vadakara,Kodukavu,11.363947,75.750014,semi-urban,127,4.04,False,2024,3,2024-03-01,10230.1,10230.1,214.7,63.16,0.0,False,0.806,0.3222,80.55,True,False,False
KL_0295,Kozhikode,Vadakara,Kodukavu,11.363947,75.750014,semi-urban,127,4.04,False,2024,4,2024-04-01,28054.54,28054.54,238.5,152.78,0.0,False,0.884,0.8836,220.9,True,False,False
KL_0295,Kozhikode,Vadakara,Kodukavu,11.363947,75.750014,semi-urban,127,4.04,False,2024,5,2024-05-01,26929.66,26929.66,220.5,178.44,0.0,False,0.886,0.8482,212.04,True,False,False
KL_0295,Kozhikode,Vadakara,Kodukavu,11.363947,75.750014,semi-urban,127,4.04,False,2024,6,2024-06-01,21220.14,21220.14,221.7,121.67,0.0,False,0.716,0.6684,167.09,False,True,False
KL_0295,Kozhikode,Vadakara,Kodukavu,11.363947,75.750014,semi-urban,127,4.04,False,2024,7,2024-07-01,20768.7,20768.7,230.9,125.23,0.0,False,0.845,0.6541,163.53,False,True,False
KL_0295,Kozhikode,Vadakara,Kodukavu,11.363947,75.750014,semi-urban,127,4.04,False,2024,8,2024-08-01,16017.12,16017.12,224.3,104.61,0.0,False,0.785,0.5045,126.12,False,True,False
KL_0295,Kozhikode,Vadakara,Kodukavu,11.363947,75.750014,semi-urban,127,4.04,False,2024,9,2024-09-01,21620.03,21620.03,227.1,125.33,0.0,False,0.87,0.6809,170.24,False,True,False
KL_0295,Kozhikode,Vadakara,Kodukavu,11.363947,75.750014,semi-urban,127,4.04,False,2024,10,2024-10-01,21047.82,21047.82,214.6,124.09,0.0,False,0.879,0.6629,165.73,False,False,False
KL_0295,Kozhikode,Vadakara,Kodukavu,11.363947,75.750014,semi-urban,127,4.04,False,2024,11,2024-11-01,21173.08,21173.08,223.6,141.01,0.0,False,0.796,0.6669,166.72,False,False,False
KL_0295,Kozhikode,Vadakara,Kodukavu,11.363947,75.750014,semi-urban,127,4.04,False,2024,12,2024-12-01,16432.41,16432.41,221.5,110.99,0.0,False,0.85,0.5176,129.39,False,False,True
KL_0296,Thrissur,Chalakudy,Manjakunnu,10.420071,76.136428,semi-urban,55,8.37,False,2023,1,2023-01-01,6362.88,7464.9,210.1,58.71,17.32,True,0.892,0.5429,135.73,False,False,True
KL_0296,Thrissur,Chalakudy,Manjakunnu,10.420071,76.136428,semi-urban,55,8.37,False,2023,2,2023-02-01,7171.18,7171.18,215.7,50.17,0.0,False,0.901,0.5215,130.39,False,False,True
KL_0296,Thrissur,Chalakudy,Manjakunnu,10.420071,76.136428,semi-urban,55,8.37,False,2023,3,2023-03-01,6619.28,9221.06,220.4,71.15,39.31,True,0.808,0.6706,167.66,True,False,False
KL_0296,Thrissur,Chalakudy,Manjakunnu,10.420071,76.136428,semi-urban,55,8.37,False,2023,4,2023-04-01,9504.09,11693.8,222.7,83.12,23.04,True,0.904,0.8505,212.61,True,False,False
KL_0296,Thrissur,Chalakudy,Manjakunnu,10.420071,76.136428,semi-urban,55,8.37,False,2023,5,2023-05-01,6729.26,6729.26,213.6,39.69,0.0,False,0.863,0.4894,122.35,True,False,False
KL_0296,Thrissur,Chalakudy,Manjakunnu,10.420071,76.136428,semi-urban,55,8.37,False,2023,6,2023-06-01,8495.05,10530.03,211.7,79.89,23.95,True,0.825,0.7658,191.46,False,True,False
KL_0296,Thrissur,Chalakudy,Manjakunnu,10.420071,76.136428,semi-urban,55,8.37,False,2023,7,2023-07-01,8700.65,10699.43,207.5,85.72,22.97,True,0.845,0.7781,194.54,False,True,False
KL_0296,Thrissur,Chalakudy,Manjakunnu,10.420071,76.136428,semi-urban,55,8.37,False,2023,8,2023-08-01,6329.59,7336.41,230.4,53.59,15.91,True,0.89,0.5336,133.39,False,True,False
KL_0296,Thrissur,Chalakudy,Manjakunnu,10.420071,76.136428,semi-urban,55,8.37,False,2023,9,2023-09-01,5102.92,6910.06,229.1,50.35,35.41,True,0.889,0.5025,125.64,False,True,False
KL_0296,Thrissur,Chalakudy,Manjakunnu,10.420071,76.136428,semi-urban,55,8.37,False,2023,10,2023-10-01,7405.73,10013.05,213.2,84.42,35.21,True,0.895,0.7282,182.06,False,False,False
KL_0296,Thrissur,Chalakudy,Manjakunnu,10.420071,76.136428,semi-urban,55,8.37,False,2023,11,2023-11-01,10414.74,10414.74,236.8,64.05,0.0,False,0.816,0.7574,189.36,False,False,False
KL_0296,Thrissur,Chalakudy,Manjakunnu,10.420071,76.136428,semi-urban,55,8.37,False,2023,12,2023-12-01,6126.07,6126.07,229.2,34.22,0.0,False,0.861,0.4455,111.38,False,False,True
KL_0296,Thrissur,Chalakudy,Manjakunnu,10.420071,76.136428,semi-urban,55,8.37,False,2024,1,2024-01-01,5672.68,6792.28,238.1,47.32,19.74,True,0.838,0.494,123.5,False,False,True
KL_0296,Thrissur,Chalakudy,Manjakunnu,10.420071,76.136428,semi-urban,55,8.37,False,2024,2,2024-02-01,4216.04,4216.04,219.4,25.73,0.0,False,0.861,0.3066,76.66,False,False,True
KL_0296,Thrissur,Chalakudy,Manjakunnu,10.420071,76.136428,semi-urban,55,8.37,False,2024,3,2024-03-01,6087.09,7024.86,234.6,53.6,15.41,True,0.825,0.5109,127.72,True,False,False
KL_0296,Thrissur,Chalakudy,Manjakunnu,10.420071,76.136428,semi-urban,55,8.37,False,2024,4,2024-04-01,8290.32,11345.22,215.5,87.25,36.85,True,0.929,0.8251,206.28,True,False,False
KL_0296,Thrissur,Chalakudy,Manjakunnu,10.420071,76.136428,semi-urban,55,8.37,False,2024,5,2024-05-01,10917.78,15477.54,213.5,115.47,41.76,True,0.849,1.1256,281.41,True,False,False
KL_0296,Thrissur,Chalakudy,Manjakunnu,10.420071,76.136428,semi-urban,55,8.37,False,2024,6,2024-06-01,6491.19,8257.64,216.3,59.06,27.21,True,0.843,0.6006,150.14,False,True,False
KL_0296,Thrissur,Chalakudy,Manjakunnu,10.420071,76.136428,semi-urban,55,8.37,False,2024,7,2024-07-01,6014.45,6014.45,225.3,38.5,0.0,False,0.872,0.4374,109.35,False,True,False
KL_0296,Thrissur,Chalakudy,Manjakunnu,10.420071,76.136428,semi-urban,55,8.37,False,2024,8,2024-08-01,9462.62,12037.75,226.5,94.32,27.21,True,0.905,0.8755,218.87,False,True,False
KL_0296,Thrissur,Chalakudy,Manjakunnu,10.420071,76.136428,semi-urban,55,8.37,False,2024,9,2024-09-01,6815.66,9398.06,217.6,74.44,37.89,True,0.852,0.6835,170.87,False,True,False
KL_0296,Thrissur,Chalakudy,Manjakunnu,10.420071,76.136428,semi-urban,55,8.37,False,2024,10,2024-10-01,5749.54,5749.54,240.4,34.57,0.0,False,0.834,0.4181,104.54,False,False,False
KL_0296,Thrissur,Chalakudy,Manjakunnu,10.420071,76.136428,semi-urban,55,8.37,False,2024,11,2024-11-01,6147.4,7740.48,225.7,58.9,25.91,True,0.895,0.5629,140.74,False,False,False
KL_0296,Thrissur,Chalakudy,Manjakunnu,10.420071,76.136428,semi-urban,55,8.37,False,2024,12,2024-12-01,6625.06,6625.06,233.3,35.8,0.0,False,0.937,0.4818,120.46,False,False,True
KL_0297,Ernakulam,Angamaly,Cheramoodu,10.08316,76.583271,rural,199,11.49,False,2023,1,2023-01-01,11872.37,11872.37,230.7,68.82,0.0,False,0.921,0.2386,59.66,False,False,True
KL_0297,Ernakulam,Angamaly,Cheramoodu,10.08316,76.583271,rural,199,11.49,False,2023,2,2023-02-01,13702.99,13702.99,221.5,77.84,0.0,False,0.801,0.2754,68.86,False,False,True
KL_0297,Ernakulam,Angamaly,Cheramoodu,10.08316,76.583271,rural,199,11.49,False,2023,3,2023-03-01,10778.08,10778.08,216.5,72.64,0.0,False,0.889,0.2166,54.16,True,False,False
KL_0297,Ernakulam,Angamaly,Cheramoodu,10.08316,76.583271,rural,199,11.49,False,2023,4,2023-04-01,15184.61,15184.61,225.5,99.56,0.0,False,0.846,0.3052,76.3,True,False,False
KL_0297,Ernakulam,Angamaly,Cheramoodu,10.08316,76.583271,rural,199,11.49,False,2023,5,2023-05-01,21855.06,21855.06,223.0,132.48,0.0,False,0.914,0.4393,109.82,True,False,False
KL_0297,Ernakulam,Angamaly,Cheramoodu,10.08316,76.583271,rural,199,11.49,False,2023,6,2023-06-01,16188.54,16188.54,222.3,107.08,0.0,False,0.942,0.3254,81.35,False,True,False
KL_0297,Ernakulam,Angamaly,Cheramoodu,10.08316,76.583271,rural,199,11.49,False,2023,7,2023-07-01,17726.85,17726.85,229.5,107.86,0.0,False,0.731,0.3563,89.08,False,True,False
KL_0297,Ernakulam,Angamaly,Cheramoodu,10.08316,76.583271,rural,199,11.49,False,2023,8,2023-08-01,20917.91,20917.91,212.3,144.52,0.0,False,0.851,0.4205,105.12,False,True,False
KL_0297,Ernakulam,Angamaly,Cheramoodu,10.08316,76.583271,rural,199,11.49,False,2023,9,2023-09-01,17012.96,17012.96,220.7,117.03,0.0,False,0.827,0.342,85.49,False,True,False
KL_0297,Ernakulam,Angamaly,Cheramoodu,10.08316,76.583271,rural,199,11.49,False,2023,10,2023-10-01,17358.01,17358.01,216.9,113.78,0.0,False,0.814,0.3489,87.23,False,False,False
KL_0297,Ernakulam,Angamaly,Cheramoodu,10.08316,76.583271,rural,199,11.49,False,2023,11,2023-11-01,14371.24,14371.24,231.5,92.05,0.0,False,0.804,0.2889,72.22,False,False,False
KL_0297,Ernakulam,Angamaly,Cheramoodu,10.08316,76.583271,rural,199,11.49,False,2023,12,2023-12-01,9889.92,9889.92,225.1,58.71,0.0,False,0.828,0.1988,49.7,False,False,True
KL_0297,Ernakulam,Angamaly,Cheramoodu,10.08316,76.583271,rural,199,11.49,False,2024,1,2024-01-01,13400.89,13400.89,231.8,85.06,0.0,False,0.836,0.2694,67.34,False,False,True
KL_0297,Ernakulam,Angamaly,Cheramoodu,10.08316,76.583271,rural,199,11.49,False,2024,2,2024-02-01,13234.07,13234.07,226.2,84.24,0.0,False,0.832,0.266,66.5,False,False,True
KL_0297,Ernakulam,Angamaly,Cheramoodu,10.08316,76.583271,rural,199,11.49,False,2024,3,2024-03-01,13688.2,13688.2,226.4,81.82,0.0,False,0.749,0.2751,68.78,True,False,False
KL_0297,Ernakulam,Angamaly,Cheramoodu,10.08316,76.583271,rural,199,11.49,False,2024,4,2024-04-01,15693.95,15693.95,211.9,105.92,0.0,False,0.856,0.3155,78.86,True,False,False
KL_0297,Ernakulam,Angamaly,Cheramoodu,10.08316,76.583271,rural,199,11.49,False,2024,5,2024-05-01,15993.49,15993.49,235.7,99.98,0.0,False,0.903,0.3215,80.37,True,False,False
KL_0297,Ernakulam,Angamaly,Cheramoodu,10.08316,76.583271,rural,199,11.49,False,2024,6,2024-06-01,22782.43,22782.43,207.4,152.63,0.0,False,0.822,0.4579,114.48,False,True,False
KL_0297,Ernakulam,Angamaly,Cheramoodu,10.08316,76.583271,rural,199,11.49,False,2024,7,2024-07-01,14235.56,14235.56,226.0,82.96,0.0,False,0.768,0.2861,71.54,False,True,False
KL_0297,Ernakulam,Angamaly,Cheramoodu,10.08316,76.583271,rural,199,11.49,False,2024,8,2024-08-01,9995.0,9995.0,225.3,66.38,0.0,False,0.855,0.2009,50.23,False,True,False
KL_0297,Ernakulam,Angamaly,Cheramoodu,10.08316,76.583271,rural,199,11.49,False,2024,9,2024-09-01,21181.17,21181.17,214.1,125.88,0.0,False,0.903,0.4258,106.44,False,True,False
KL_0297,Ernakulam,Angamaly,Cheramoodu,10.08316,76.583271,rural,199,11.49,False,2024,10,2024-10-01,10813.76,10813.76,243.1,58.55,0.0,False,0.858,0.2174,54.34,False,False,False
KL_0297,Ernakulam,Angamaly,Cheramoodu,10.08316,76.583271,rural,199,11.49,False,2024,11,2024-11-01,16412.07,16412.07,227.8,95.97,0.0,False,0.814,0.3299,82.47,False,False,False
KL_0297,Ernakulam,Angamaly,Cheramoodu,10.08316,76.583271,rural,199,11.49,False,2024,12,2024-12-01,16527.61,16527.61,217.1,111.88,0.0,False,0.798,0.3322,83.05,False,False,True
KL_0298,Palakkad,Chittur,Manjapara,10.773213,76.454412,rural,19,11.67,False,2023,1,2023-01-01,1139.59,1139.59,218.3,7.66,0.0,False,0.885,0.2399,59.98,False,False,True
KL_0298,Palakkad,Chittur,Manjapara,10.773213,76.454412,rural,19,11.67,False,2023,2,2023-02-01,1386.79,1386.79,217.7,9.52,0.0,False,0.838,0.292,72.99,False,False,True
KL_0298,Palakkad,Chittur,Manjapara,10.773213,76.454412,rural,19,11.67,False,2023,3,2023-03-01,724.95,724.95,219.0,4.32,0.0,False,0.824,0.1526,38.16,True,False,False
KL_0298,Palakkad,Chittur,Manjapara,10.773213,76.454412,rural,19,11.67,False,2023,4,2023-04-01,2039.98,2039.98,219.4,12.65,0.0,False,0.82,0.4295,107.37,True,False,False
KL_0298,Palakkad,Chittur,Manjapara,10.773213,76.454412,rural,19,11.67,False,2023,5,2023-05-01,1767.28,1767.28,225.6,10.17,0.0,False,0.861,0.3721,93.01,True,False,False
KL_0298,Palakkad,Chittur,Manjapara,10.773213,76.454412,rural,19,11.67,False,2023,6,2023-06-01,1768.47,1768.47,211.5,10.82,0.0,False,0.856,0.3723,93.08,False,True,False
KL_0298,Palakkad,Chittur,Manjapara,10.773213,76.454412,rural,19,11.67,False,2023,7,2023-07-01,1716.84,1716.84,235.8,11.1,0.0,False,0.853,0.3614,90.36,False,True,False
KL_0298,Palakkad,Chittur,Manjapara,10.773213,76.454412,rural,19,11.67,False,2023,8,2023-08-01,788.77,788.77,229.1,4.56,0.0,False,0.802,0.1661,41.51,False,True,False
KL_0298,Palakkad,Chittur,Manjapara,10.773213,76.454412,rural,19,11.67,False,2023,9,2023-09-01,1286.3,1286.3,220.3,8.65,0.0,False,0.799,0.2708,67.7,False,True,False
KL_0298,Palakkad,Chittur,Manjapara,10.773213,76.454412,rural,19,11.67,False,2023,10,2023-10-01,1462.71,1462.71,229.2,8.76,0.0,False,0.817,0.3079,76.98,False,False,False
KL_0298,Palakkad,Chittur,Manjapara,10.773213,76.454412,rural,19,11.67,False,2023,11,2023-11-01,1260.94,1260.94,218.4,7.73,0.0,False,0.865,0.2655,66.37,False,False,False
KL_0298,Palakkad,Chittur,Manjapara,10.773213,76.454412,rural,19,11.67,False,2023,12,2023-12-01,950.89,950.89,218.0,5.74,0.0,False,0.877,0.2002,50.05,False,False,True
KL_0298,Palakkad,Chittur,Manjapara,10.773213,76.454412,rural,19,11.67,False,2024,1,2024-01-01,1730.32,1730.32,223.6,9.8,0.0,False,0.923,0.3643,91.07,False,False,True
KL_0298,Palakkad,Chittur,Manjapara,10.773213,76.454412,rural,19,11.67,False,2024,2,2024-02-01,1175.65,1175.65,247.4,6.49,0.0,False,0.808,0.2475,61.88,False,False,True
KL_0298,Palakkad,Chittur,Manjapara,10.773213,76.454412,rural,19,11.67,False,2024,3,2024-03-01,518.9,518.9,225.5,3.15,0.0,False,0.886,0.1092,27.31,True,False,False
KL_0298,Palakkad,Chittur,Manjapara,10.773213,76.454412,rural,19,11.67,False,2024,4,2024-04-01,1923.12,1923.12,231.8,12.37,0.0,False,0.764,0.4049,101.22,True,False,False
KL_0298,Palakkad,Chittur,Manjapara,10.773213,76.454412,rural,19,11.67,False,2024,5,2024-05-01,2642.13,2642.13,227.4,17.61,0.0,False,0.868,0.5562,139.06,True,False,False
KL_0298,Palakkad,Chittur,Manjapara,10.773213,76.454412,rural,19,11.67,False,2024,6,2024-06-01,1793.37,1793.37,212.5,10.97,0.0,False,0.774,0.3776,94.39,False,True,False
KL_0298,Palakkad,Chittur,Manjapara,10.773213,76.454412,rural,19,11.67,False,2024,7,2024-07-01,1484.52,1484.52,236.3,9.09,0.0,False,0.789,0.3125,78.13,False,True,False
KL_0298,Palakkad,Chittur,Manjapara,10.773213,76.454412,rural,19,11.67,False,2024,8,2024-08-01,1188.69,1188.69,225.5,6.9,0.0,False,0.888,0.2503,62.56,False,True,False
KL_0298,Palakkad,Chittur,Manjapara,10.773213,76.454412,rural,19,11.67,False,2024,9,2024-09-01,1055.21,1055.21,229.9,6.53,0.0,False,0.858,0.2221,55.54,False,True,False
KL_0298,Palakkad,Chittur,Manjapara,10.773213,76.454412,rural,19,11.67,False,2024,10,2024-10-01,2220.2,2220.2,232.5,13.26,0.0,False,0.834,0.4674,116.85,False,False,False
KL_0298,Palakkad,Chittur,Manjapara,10.773213,76.454412,rural,19,11.67,False,2024,11,2024-11-01,2365.31,2365.31,232.0,15.17,0.0,False,0.78,0.498,124.49,False,False,False
KL_0298,Palakkad,Chittur,Manjapara,10.773213,76.454412,rural,19,11.67,False,2024,12,2024-12-01,668.66,668.66,235.2,3.91,0.0,False,0.868,0.1408,35.19,False,False,True
KL_0299,Thiruvananthapuram,Thiruvananthapuram,Kizhakkavu,8.462996,77.071845,rural,98,21.75,False,2023,1,2023-01-01,6584.1,6584.1,222.3,45.06,0.0,False,0.854,0.2687,67.18,False,False,True
KL_0299,Thiruvananthapuram,Thiruvananthapuram,Kizhakkavu,8.462996,77.071845,rural,98,21.75,False,2023,2,2023-02-01,8661.29,8661.29,227.0,51.19,0.0,False,0.886,0.3535,88.38,False,False,True
KL_0299,Thiruvananthapuram,Thiruvananthapuram,Kizhakkavu,8.462996,77.071845,rural,98,21.75,False,2023,3,2023-03-01,7180.95,7180.95,224.8,40.46,0.0,False,0.763,0.2931,73.27,True,False,False
KL_0299,Thiruvananthapuram,Thiruvananthapuram,Kizhakkavu,8.462996,77.071845,rural,98,21.75,False,2023,4,2023-04-01,8529.67,8529.67,219.7,57.34,0.0,False,0.881,0.3481,87.04,True,False,False
KL_0299,Thiruvananthapuram,Thiruvananthapuram,Kizhakkavu,8.462996,77.071845,rural,98,21.75,False,2023,5,2023-05-01,15303.35,15303.35,220.5,90.57,0.0,False,0.823,0.6246,156.16,True,False,False
KL_0299,Thiruvananthapuram,Thiruvananthapuram,Kizhakkavu,8.462996,77.071845,rural,98,21.75,False,2023,6,2023-06-01,8884.72,8884.72,229.5,56.36,0.0,False,0.865,0.3626,90.66,False,True,False
KL_0299,Thiruvananthapuram,Thiruvananthapuram,Kizhakkavu,8.462996,77.071845,rural,98,21.75,False,2023,7,2023-07-01,10868.57,10868.57,227.5,61.48,0.0,False,0.847,0.4436,110.9,False,True,False
KL_0299,Thiruvananthapuram,Thiruvananthapuram,Kizhakkavu,8.462996,77.071845,rural,98,21.75,False,2023,8,2023-08-01,7714.21,7714.21,231.5,47.27,0.0,False,0.807,0.3149,78.72,False,True,False
KL_0299,Thiruvananthapuram,Thiruvananthapuram,Kizhakkavu,8.462996,77.071845,rural,98,21.75,False,2023,9,2023-09-01,10271.42,10271.42,225.1,57.79,0.0,False,0.829,0.4192,104.81,False,True,False
KL_0299,Thiruvananthapuram,Thiruvananthapuram,Kizhakkavu,8.462996,77.071845,rural,98,21.75,False,2023,10,2023-10-01,6515.6,6515.6,222.5,40.01,0.0,False,0.806,0.2659,66.49,False,False,False
KL_0299,Thiruvananthapuram,Thiruvananthapuram,Kizhakkavu,8.462996,77.071845,rural,98,21.75,False,2023,11,2023-11-01,7319.51,7319.51,218.2,45.71,0.0,False,0.824,0.2988,74.69,False,False,False
KL_0299,Thiruvananthapuram,Thiruvananthapuram,Kizhakkavu,8.462996,77.071845,rural,98,21.75,False,2023,12,2023-12-01,8628.62,8628.62,217.6,52.86,0.0,False,0.805,0.3522,88.05,False,False,True
KL_0299,Thiruvananthapuram,Thiruvananthapuram,Kizhakkavu,8.462996,77.071845,rural,98,21.75,False,2024,1,2024-01-01,9849.3,9849.3,213.0,61.68,0.0,False,0.87,0.402,100.5,False,False,True
KL_0299,Thiruvananthapuram,Thiruvananthapuram,Kizhakkavu,8.462996,77.071845,rural,98,21.75,False,2024,2,2024-02-01,12262.59,12262.59,218.6,79.08,0.0,False,0.807,0.5005,125.13,False,False,True
KL_0299,Thiruvananthapuram,Thiruvananthapuram,Kizhakkavu,8.462996,77.071845,rural,98,21.75,False,2024,3,2024-03-01,5551.72,5551.72,240.5,33.67,0.0,False,0.878,0.2266,56.65,True,False,False
KL_0299,Thiruvananthapuram,Thiruvananthapuram,Kizhakkavu,8.462996,77.071845,rural,98,21.75,False,2024,4,2024-04-01,11825.37,11825.37,233.9,66.72,0.0,False,1.013,0.4827,120.67,True,False,False
KL_0299,Thiruvananthapuram,Thiruvananthapuram,Kizhakkavu,8.462996,77.071845,rural,98,21.75,False,2024,5,2024-05-01,10771.22,10771.22,242.3,66.15,0.0,False,0.837,0.4396,109.91,True,False,False
KL_0299,Thiruvananthapuram,Thiruvananthapuram,Kizhakkavu,8.462996,77.071845,rural,98,21.75,False,2024,6,2024-06-01,13733.23,13733.23,218.9,86.56,0.0,False,0.771,0.5605,140.14,False,True,False
KL_0299,Thiruvananthapuram,Thiruvananthapuram,Kizhakkavu,8.462996,77.071845,rural,98,21.75,False,2024,7,2024-07-01,8556.81,8556.81,238.4,49.19,0.0,False,0.955,0.3493,87.31,False,True,False
KL_0299,Thiruvananthapuram,Thiruvananthapuram,Kizhakkavu,8.462996,77.071845,rural,98,21.75,False,2024,8,2024-08-01,4602.67,4602.67,218.2,31.18,0.0,False,0.867,0.1879,46.97,False,True,False
KL_0299,Thiruvananthapuram,Thiruvananthapuram,Kizhakkavu,8.462996,77.071845,rural,98,21.75,False,2024,9,2024-09-01,5984.9,5984.9,222.9,35.93,0.0,False,0.843,0.2443,61.07,False,True,False
KL_0299,Thiruvananthapuram,Thiruvananthapuram,Kizhakkavu,8.462996,77.071845,rural,98,21.75,False,2024,10,2024-10-01,12071.03,12071.03,240.1,68.18,0.0,False,0.831,0.4927,123.17,False,False,False
KL_0299,Thiruvananthapuram,Thiruvananthapuram,Kizhakkavu,8.462996,77.071845,rural,98,21.75,False,2024,11,2024-11-01,7029.39,7029.39,235.2,44.59,0.0,False,0.797,0.2869,71.73,False,False,False
KL_0299,Thiruvananthapuram,Thiruvananthapuram,Kizhakkavu,8.462996,77.071845,rural,98,21.75,False,2024,12,2024-12-01,4640.28,4640.28,223.5,26.28,0.0,False,0.833,0.1894,47.35,False,False,True
KL_0300,Palakkad,Chittur,Kottamukku,10.621342,76.21533,rural,96,13.37,False,2023,1,2023-01-01,4019.69,4019.69,219.6,26.84,0.0,False,0.811,0.1675,41.87,False,False,True
KL_0300,Palakkad,Chittur,Kottamukku,10.621342,76.21533,rural,96,13.37,False,2023,2,2023-02-01,4778.54,4778.54,236.1,29.28,0.0,False,0.811,0.1991,49.78,False,False,True
KL_0300,Palakkad,Chittur,Kottamukku,10.621342,76.21533,rural,96,13.37,False,2023,3,2023-03-01,7865.37,7865.37,205.6,51.55,0.0,False,0.879,0.3277,81.93,True,False,False
KL_0300,Palakkad,Chittur,Kottamukku,10.621342,76.21533,rural,96,13.37,False,2023,4,2023-04-01,7330.5,7330.5,239.8,43.65,0.0,False,0.899,0.3054,76.36,True,False,False
KL_0300,Palakkad,Chittur,Kottamukku,10.621342,76.21533,rural,96,13.37,False,2023,5,2023-05-01,13795.46,13795.46,212.0,88.98,0.0,False,0.839,0.5748,143.7,True,False,False
KL_0300,Palakkad,Chittur,Kottamukku,10.621342,76.21533,rural,96,13.37,False,2023,6,2023-06-01,6201.3,6201.3,227.2,39.5,0.0,False,0.875,0.2584,64.6,False,True,False
KL_0300,Palakkad,Chittur,Kottamukku,10.621342,76.21533,rural,96,13.37,False,2023,7,2023-07-01,4988.35,4988.35,249.0,27.08,0.0,False,0.955,0.2078,51.96,False,True,False
KL_0300,Palakkad,Chittur,Kottamukku,10.621342,76.21533,rural,96,13.37,False,2023,8,2023-08-01,6387.74,6387.74,236.0,37.76,0.0,False,0.808,0.2662,66.54,False,True,False
KL_0300,Palakkad,Chittur,Kottamukku,10.621342,76.21533,rural,96,13.37,False,2023,9,2023-09-01,6338.23,6338.23,232.6,36.95,0.0,False,0.768,0.2641,66.02,False,True,False
KL_0300,Palakkad,Chittur,Kottamukku,10.621342,76.21533,rural,96,13.37,False,2023,10,2023-10-01,10869.96,10869.96,207.8,71.51,0.0,False,0.892,0.4529,113.23,False,False,False
KL_0300,Palakkad,Chittur,Kottamukku,10.621342,76.21533,rural,96,13.37,False,2023,11,2023-11-01,8600.65,8600.65,242.4,54.05,0.0,False,0.813,0.3584,89.59,False,False,False
KL_0300,Palakkad,Chittur,Kottamukku,10.621342,76.21533,rural,96,13.37,False,2023,12,2023-12-01,2801.1,2801.1,242.3,15.43,0.0,False,0.824,0.1167,29.18,False,False,True
KL_0300,Palakkad,Chittur,Kottamukku,10.621342,76.21533,rural,96,13.37,False,2024,1,2024-01-01,7443.55,7443.55,221.6,49.29,0.0,False,0.856,0.3101,77.54,False,False,True
KL_0300,Palakkad,Chittur,Kottamukku,10.621342,76.21533,rural,96,13.37,False,2024,2,2024-02-01,5334.29,5334.29,216.5,34.39,0.0,False,0.912,0.2223,55.57,False,False,True
KL_0300,Palakkad,Chittur,Kottamukku,10.621342,76.21533,rural,96,13.37,False,2024,3,2024-03-01,9200.01,9200.01,241.5,51.64,0.0,False,0.857,0.3833,95.83,True,False,False
KL_0300,Palakkad,Chittur,Kottamukku,10.621342,76.21533,rural,96,13.37,False,2024,4,2024-04-01,17620.36,17620.36,223.8,111.44,0.0,False,0.744,0.7342,183.55,True,False,False
KL_0300,Palakkad,Chittur,Kottamukku,10.621342,76.21533,rural,96,13.37,False,2024,5,2024-05-01,11089.94,11089.94,224.3,65.11,0.0,False,0.868,0.4621,115.52,True,False,False
KL_0300,Palakkad,Chittur,Kottamukku,10.621342,76.21533,rural,96,13.37,False,2024,6,2024-06-01,10636.59,10636.59,234.0,57.41,0.0,False,0.862,0.4432,110.8,False,True,False
KL_0300,Palakkad,Chittur,Kottamukku,10.621342,76.21533,rural,96,13.37,False,2024,7,2024-07-01,6837.81,6837.81,229.3,45.41,0.0,False,0.807,0.2849,71.23,False,True,False
KL_0300,Palakkad,Chittur,Kottamukku,10.621342,76.21533,rural,96,13.37,False,2024,8,2024-08-01,8632.23,8632.23,231.7,48.34,0.0,False,0.765,0.3597,89.92,False,True,False
KL_0300,Palakkad,Chittur,Kottamukku,10.621342,76.21533,rural,96,13.37,False,2024,9,2024-09-01,5391.21,5391.21,236.6,28.84,0.0,False,0.831,0.2246,56.16,False,True,False
KL_0300,Palakkad,Chittur,Kottamukku,10.621342,76.21533,rural,96,13.37,False,2024,10,2024-10-01,10946.13,10946.13,229.7,63.84,0.0,False,0.735,0.4561,114.02,False,False,False
KL_0300,Palakkad,Chittur,Kottamukku,10.621342,76.21533,rural,96,13.37,False,2024,11,2024-11-01,12379.9,12379.9,209.0,85.84,0.0,False,0.761,0.5158,128.96,False,False,False
KL_0300,Palakkad,Chittur,Kottamukku,10.621342,76.21533,rural,96,13.37,False,2024,12,2024-12-01,9227.15,9227.15,223.2,53.09,0.0,False,0.782,0.3845,96.12,False,False,True
KL_0301,Alappuzha,Alappuzha,Vellikunnu,9.57009,76.624363,rural,107,10.31,False,2023,1,2023-01-01,9237.55,9237.55,243.7,56.91,0.0,False,0.787,0.3453,86.33,False,False,True
KL_0301,Alappuzha,Alappuzha,Vellikunnu,9.57009,76.624363,rural,107,10.31,False,2023,2,2023-02-01,7950.01,7950.01,229.8,43.84,0.0,False,0.894,0.2972,74.3,False,False,True
KL_0301,Alappuzha,Alappuzha,Vellikunnu,9.57009,76.624363,rural,107,10.31,False,2023,3,2023-03-01,6619.11,6619.11,229.4,43.26,0.0,False,0.842,0.2474,61.86,True,False,False
KL_0301,Alappuzha,Alappuzha,Vellikunnu,9.57009,76.624363,rural,107,10.31,False,2023,4,2023-04-01,7197.34,7197.34,222.7,45.62,0.0,False,0.867,0.2691,67.26,True,False,False
KL_0301,Alappuzha,Alappuzha,Vellikunnu,9.57009,76.624363,rural,107,10.31,False,2023,5,2023-05-01,9910.4,9910.4,232.3,64.59,0.0,False,0.86,0.3705,92.62,True,False,False
KL_0301,Alappuzha,Alappuzha,Vellikunnu,9.57009,76.624363,rural,107,10.31,False,2023,6,2023-06-01,15127.16,15127.16,211.6,97.54,0.0,False,0.773,0.5655,141.38,False,True,False
KL_0301,Alappuzha,Alappuzha,Vellikunnu,9.57009,76.624363,rural,107,10.31,False,2023,7,2023-07-01,3469.47,3469.47,212.8,23.82,0.0,False,0.822,0.1297,32.42,False,True,False
KL_0301,Alappuzha,Alappuzha,Vellikunnu,9.57009,76.624363,rural,107,10.31,False,2023,8,2023-08-01,10279.64,10279.64,228.0,64.56,0.0,False,0.839,0.3843,96.07,False,True,False
KL_0301,Alappuzha,Alappuzha,Vellikunnu,9.57009,76.624363,rural,107,10.31,False,2023,9,2023-09-01,9819.03,9819.03,244.4,50.46,0.0,False,0.843,0.3671,91.77,False,True,False
KL_0301,Alappuzha,Alappuzha,Vellikunnu,9.57009,76.624363,rural,107,10.31,False,2023,10,2023-10-01,11529.91,11529.91,241.8,60.55,0.0,False,0.874,0.431,107.76,False,False,False
KL_0301,Alappuzha,Alappuzha,Vellikunnu,9.57009,76.624363,rural,107,10.31,False,2023,11,2023-11-01,6712.56,6712.56,219.9,39.71,0.0,False,0.896,0.2509,62.73,False,False,False
KL_0301,Alappuzha,Alappuzha,Vellikunnu,9.57009,76.624363,rural,107,10.31,False,2023,12,2023-12-01,7144.16,7144.16,209.0,50.93,0.0,False,0.868,0.2671,66.77,False,False,True
KL_0301,Alappuzha,Alappuzha,Vellikunnu,9.57009,76.624363,rural,107,10.31,False,2024,1,2024-01-01,10151.55,10151.55,226.1,58.51,0.0,False,0.938,0.3795,94.87,False,False,True
KL_0301,Alappuzha,Alappuzha,Vellikunnu,9.57009,76.624363,rural,107,10.31,False,2024,2,2024-02-01,7159.34,7159.34,235.6,38.77,0.0,False,0.872,0.2676,66.91,False,False,True
KL_0301,Alappuzha,Alappuzha,Vellikunnu,9.57009,76.624363,rural,107,10.31,False,2024,3,2024-03-01,8537.38,8537.38,242.5,50.36,0.0,False,0.823,0.3192,79.79,True,False,False
KL_0301,Alappuzha,Alappuzha,Vellikunnu,9.57009,76.624363,rural,107,10.31,False,2024,4,2024-04-01,6776.03,6776.03,244.8,37.95,0.0,False,0.914,0.2533,63.33,True,False,False
KL_0301,Alappuzha,Alappuzha,Vellikunnu,9.57009,76.624363,rural,107,10.31,False,2024,5,2024-05-01,13677.61,13677.61,221.8,78.61,0.0,False,0.789,0.5113,127.83,True,False,False
KL_0301,Alappuzha,Alappuzha,Vellikunnu,9.57009,76.624363,rural,107,10.31,False,2024,6,2024-06-01,12769.87,12769.87,218.4,87.95,0.0,False,0.877,0.4774,119.34,False,True,False
KL_0301,Alappuzha,Alappuzha,Vellikunnu,9.57009,76.624363,rural,107,10.31,False,2024,7,2024-07-01,8096.92,8096.92,235.7,45.76,0.0,False,0.842,0.3027,75.67,False,True,False
KL_0301,Alappuzha,Alappuzha,Vellikunnu,9.57009,76.624363,rural,107,10.31,False,2024,8,2024-08-01,5589.8,5589.8,229.7,30.73,0.0,False,0.807,0.209,52.24,False,True,False
KL_0301,Alappuzha,Alappuzha,Vellikunnu,9.57009,76.624363,rural,107,10.31,False,2024,9,2024-09-01,8785.94,8785.94,226.5,57.21,0.0,False,0.86,0.3284,82.11,False,True,False
KL_0301,Alappuzha,Alappuzha,Vellikunnu,9.57009,76.624363,rural,107,10.31,False,2024,10,2024-10-01,8937.43,8937.43,227.5,52.64,0.0,False,0.836,0.3341,83.53,False,False,False
KL_0301,Alappuzha,Alappuzha,Vellikunnu,9.57009,76.624363,rural,107,10.31,False,2024,11,2024-11-01,12084.15,12084.15,237.0,74.53,0.0,False,0.758,0.4517,112.94,False,False,False
KL_0301,Alappuzha,Alappuzha,Vellikunnu,9.57009,76.624363,rural,107,10.31,False,2024,12,2024-12-01,5908.14,5908.14,230.2,33.83,0.0,False,0.859,0.2209,55.22,False,False,True
KL_0302,Thiruvananthapuram,Neyyattinkara,Vattanagar,8.248423,77.016177,rural,54,7.93,True,2023,1,2023-01-01,3898.25,3898.25,236.0,23.27,0.0,False,0.798,0.2888,72.19,False,False,True
KL_0302,Thiruvananthapuram,Neyyattinkara,Vattanagar,8.248423,77.016177,rural,54,7.93,True,2023,2,2023-02-01,6762.79,6762.79,224.8,41.36,0.0,False,0.856,0.5009,125.24,False,False,True
KL_0302,Thiruvananthapuram,Neyyattinkara,Vattanagar,8.248423,77.016177,rural,54,7.93,True,2023,3,2023-03-01,4548.29,4548.29,217.2,30.46,0.0,False,0.844,0.3369,84.23,True,False,False
KL_0302,Thiruvananthapuram,Neyyattinkara,Vattanagar,8.248423,77.016177,rural,54,7.93,True,2023,4,2023-04-01,4512.35,4512.35,243.2,25.61,0.0,False,0.872,0.3342,83.56,True,False,False
KL_0302,Thiruvananthapuram,Neyyattinkara,Vattanagar,8.248423,77.016177,rural,54,7.93,True,2023,5,2023-05-01,8605.77,8605.77,228.7,50.69,0.0,False,0.736,0.6375,159.37,True,False,False
KL_0302,Thiruvananthapuram,Neyyattinkara,Vattanagar,8.248423,77.016177,rural,54,7.93,True,2023,6,2023-06-01,6244.68,6244.68,222.9,39.24,0.0,False,0.8,0.4626,115.64,False,True,False
KL_0302,Thiruvananthapuram,Neyyattinkara,Vattanagar,8.248423,77.016177,rural,54,7.93,True,2023,7,2023-07-01,4985.72,4985.72,224.2,33.31,0.0,False,0.855,0.3693,92.33,False,True,False
KL_0302,Thiruvananthapuram,Neyyattinkara,Vattanagar,8.248423,77.016177,rural,54,7.93,True,2023,8,2023-08-01,4357.58,4357.58,239.0,24.31,0.0,False,0.994,0.3228,80.7,False,True,False
KL_0302,Thiruvananthapuram,Neyyattinkara,Vattanagar,8.248423,77.016177,rural,54,7.93,True,2023,9,2023-09-01,6617.6,6617.6,219.6,42.37,0.0,False,0.857,0.4902,122.55,False,True,False
KL_0302,Thiruvananthapuram,Neyyattinkara,Vattanagar,8.248423,77.016177,rural,54,7.93,True,2023,10,2023-10-01,4302.67,4302.67,218.5,28.37,0.0,False,0.828,0.3187,79.68,False,False,False
KL_0302,Thiruvananthapuram,Neyyattinkara,Vattanagar,8.248423,77.016177,rural,54,7.93,True,2023,11,2023-11-01,4109.86,4109.86,223.7,27.7,0.0,False,0.894,0.3044,76.11,False,False,False
KL_0302,Thiruvananthapuram,Neyyattinkara,Vattanagar,8.248423,77.016177,rural,54,7.93,True,2023,12,2023-12-01,3337.0,3337.0,221.4,20.45,0.0,False,0.821,0.2472,61.8,False,False,True
KL_0302,Thiruvananthapuram,Neyyattinkara,Vattanagar,8.248423,77.016177,rural,54,7.93,True,2024,1,2024-01-01,6402.11,6402.11,238.3,39.03,0.0,False,0.872,0.4742,118.56,False,False,True
KL_0302,Thiruvananthapuram,Neyyattinkara,Vattanagar,8.248423,77.016177,rural,54,7.93,True,2024,2,2024-02-01,6824.81,6824.81,257.2,36.02,0.0,False,0.853,0.5055,126.39,False,False,True
KL_0302,Thiruvananthapuram,Neyyattinkara,Vattanagar,8.248423,77.016177,rural,54,7.93,True,2024,3,2024-03-01,4198.79,4198.79,224.9,23.82,0.0,False,0.904,0.311,77.76,True,False,False
KL_0302,Thiruvananthapuram,Neyyattinkara,Vattanagar,8.248423,77.016177,rural,54,7.93,True,2024,4,2024-04-01,6265.27,6265.27,223.8,36.54,0.0,False,0.883,0.4641,116.02,True,False,False
KL_0302,Thiruvananthapuram,Neyyattinkara,Vattanagar,8.248423,77.016177,rural,54,7.93,True,2024,5,2024-05-01,2725.64,2725.64,221.4,15.5,0.0,False,0.826,0.2019,50.47,True,False,False
KL_0302,Thiruvananthapuram,Neyyattinkara,Vattanagar,8.248423,77.016177,rural,54,7.93,True,2024,6,2024-06-01,2940.26,2940.26,231.7,18.21,0.0,False,0.775,0.2178,54.45,False,True,False
KL_0302,Thiruvananthapuram,Neyyattinkara,Vattanagar,8.248423,77.016177,rural,54,7.93,True,2024,7,2024-07-01,5238.44,5238.44,226.6,29.0,0.0,False,0.797,0.388,97.01,False,True,False
KL_0302,Thiruvananthapuram,Neyyattinkara,Vattanagar,8.248423,77.016177,rural,54,7.93,True,2024,8,2024-08-01,6033.83,6033.83,231.3,39.34,0.0,False,0.865,0.447,111.74,False,True,False
KL_0302,Thiruvananthapuram,Neyyattinkara,Vattanagar,8.248423,77.016177,rural,54,7.93,True,2024,9,2024-09-01,4368.59,4368.59,220.5,25.54,0.0,False,0.847,0.3236,80.9,False,True,False
KL_0302,Thiruvananthapuram,Neyyattinkara,Vattanagar,8.248423,77.016177,rural,54,7.93,True,2024,10,2024-10-01,2982.32,2982.32,230.1,17.1,0.0,False,0.851,0.2209,55.23,False,False,False
KL_0302,Thiruvananthapuram,Neyyattinkara,Vattanagar,8.248423,77.016177,rural,54,7.93,True,2024,11,2024-11-01,5093.02,5093.02,232.9,31.08,0.0,False,0.863,0.3773,94.32,False,False,False
KL_0302,Thiruvananthapuram,Neyyattinkara,Vattanagar,8.248423,77.016177,rural,54,7.93,True,2024,12,2024-12-01,3880.94,3880.94,218.5,23.78,0.0,False,0.809,0.2875,71.87,False,False,True
KL_0303,Kozhikode,Kozhikode,Kottapuram,11.523484,75.814496,semi-urban,18,10.54,False,2023,1,2023-01-01,2963.38,2963.38,232.4,18.73,0.0,False,0.845,0.6585,164.63,False,False,True
KL_0303,Kozhikode,Kozhikode,Kottapuram,11.523484,75.814496,semi-urban,18,10.54,False,2023,2,2023-02-01,2238.76,2238.76,208.4,16.17,0.0,False,0.849,0.4975,124.38,False,False,True
KL_0303,Kozhikode,Kozhikode,Kottapuram,11.523484,75.814496,semi-urban,18,10.54,False,2023,3,2023-03-01,3264.15,3264.15,225.5,21.66,0.0,False,0.778,0.7254,181.34,True,False,False
KL_0303,Kozhikode,Kozhikode,Kottapuram,11.523484,75.814496,semi-urban,18,10.54,False,2023,4,2023-04-01,3564.85,3564.85,223.4,24.04,0.0,False,0.819,0.7922,198.05,True,False,False
KL_0303,Kozhikode,Kozhikode,Kottapuram,11.523484,75.814496,semi-urban,18,10.54,False,2023,5,2023-05-01,3145.9,3145.9,228.6,19.79,0.0,False,0.87,0.6991,174.77,True,False,False
KL_0303,Kozhikode,Kozhikode,Kottapuram,11.523484,75.814496,semi-urban,18,10.54,False,2023,6,2023-06-01,2824.67,2824.67,228.8,17.69,0.0,False,0.885,0.6277,156.93,False,True,False
KL_0303,Kozhikode,Kozhikode,Kottapuram,11.523484,75.814496,semi-urban,18,10.54,False,2023,7,2023-07-01,2250.46,2250.46,237.5,12.71,0.0,False,0.81,0.5001,125.03,False,True,False
KL_0303,Kozhikode,Kozhikode,Kottapuram,11.523484,75.814496,semi-urban,18,10.54,False,2023,8,2023-08-01,2510.74,2510.74,211.0,15.46,0.0,False,0.875,0.5579,139.49,False,True,False
KL_0303,Kozhikode,Kozhikode,Kottapuram,11.523484,75.814496,semi-urban,18,10.54,False,2023,9,2023-09-01,2089.51,2089.51,224.2,12.68,0.0,False,0.819,0.4643,116.08,False,True,False
KL_0303,Kozhikode,Kozhikode,Kottapuram,11.523484,75.814496,semi-urban,18,10.54,False,2023,10,2023-10-01,1848.23,1848.23,233.2,10.82,0.0,False,0.806,0.4107,102.68,False,False,False
KL_0303,Kozhikode,Kozhikode,Kottapuram,11.523484,75.814496,semi-urban,18,10.54,False,2023,11,2023-11-01,3473.52,3473.52,231.0,20.56,0.0,False,0.946,0.7719,192.97,False,False,False
KL_0303,Kozhikode,Kozhikode,Kottapuram,11.523484,75.814496,semi-urban,18,10.54,False,2023,12,2023-12-01,2293.79,2293.79,226.7,13.02,0.0,False,0.829,0.5097,127.43,False,False,True
KL_0303,Kozhikode,Kozhikode,Kottapuram,11.523484,75.814496,semi-urban,18,10.54,False,2024,1,2024-01-01,1782.34,1782.34,231.3,10.47,0.0,False,0.776,0.3961,99.02,False,False,True
KL_0303,Kozhikode,Kozhikode,Kottapuram,11.523484,75.814496,semi-urban,18,10.54,False,2024,2,2024-02-01,2743.48,2743.48,242.8,14.13,0.0,False,0.828,0.6097,152.42,False,False,True
KL_0303,Kozhikode,Kozhikode,Kottapuram,11.523484,75.814496,semi-urban,18,10.54,False,2024,3,2024-03-01,2757.56,2757.56,230.9,16.73,0.0,False,0.837,0.6128,153.2,True,False,False
KL_0303,Kozhikode,Kozhikode,Kottapuram,11.523484,75.814496,semi-urban,18,10.54,False,2024,4,2024-04-01,3543.98,3543.98,228.3,20.67,0.0,False,0.896,0.7876,196.89,True,False,False
KL_0303,Kozhikode,Kozhikode,Kottapuram,11.523484,75.814496,semi-urban,18,10.54,False,2024,5,2024-05-01,3708.36,3708.36,209.9,25.36,0.0,False,0.832,0.8241,206.02,True,False,False
KL_0303,Kozhikode,Kozhikode,Kottapuram,11.523484,75.814496,semi-urban,18,10.54,False,2024,6,2024-06-01,2390.57,2390.57,223.0,14.81,0.0,False,0.869,0.5312,132.81,False,True,False
KL_0303,Kozhikode,Kozhikode,Kottapuram,11.523484,75.814496,semi-urban,18,10.54,False,2024,7,2024-07-01,2717.8,2717.8,224.6,17.78,0.0,False,0.903,0.604,150.99,False,True,False
KL_0303,Kozhikode,Kozhikode,Kottapuram,11.523484,75.814496,semi-urban,18,10.54,False,2024,8,2024-08-01,2549.39,2549.39,214.5,17.32,0.0,False,0.821,0.5665,141.63,False,True,False
KL_0303,Kozhikode,Kozhikode,Kottapuram,11.523484,75.814496,semi-urban,18,10.54,False,2024,9,2024-09-01,2753.52,2753.52,233.8,15.86,0.0,False,0.865,0.6119,152.97,False,True,False
KL_0303,Kozhikode,Kozhikode,Kottapuram,11.523484,75.814496,semi-urban,18,10.54,False,2024,10,2024-10-01,2017.48,2017.48,230.5,12.73,0.0,False,0.847,0.4483,112.08,False,False,False
KL_0303,Kozhikode,Kozhikode,Kottapuram,11.523484,75.814496,semi-urban,18,10.54,False,2024,11,2024-11-01,3320.95,3320.95,239.9,19.25,0.0,False,0.861,0.738,184.5,False,False,False
KL_0303,Kozhikode,Kozhikode,Kottapuram,11.523484,75.814496,semi-urban,18,10.54,False,2024,12,2024-12-01,2597.03,2597.03,223.6,16.7,0.0,False,0.855,0.5771,144.28,False,False,True
KL_0304,Alappuzha,Alappuzha,Thodumoodu,9.187951,76.247252,urban,139,1.26,False,2023,1,2023-01-01,28725.41,28725.41,243.9,147.41,0.0,False,0.857,0.8266,206.66,False,False,True
KL_0304,Alappuzha,Alappuzha,Thodumoodu,9.187951,76.247252,urban,139,1.26,False,2023,2,2023-02-01,26010.25,26010.25,231.6,154.38,0.0,False,0.836,0.7485,187.12,False,False,True
KL_0304,Alappuzha,Alappuzha,Thodumoodu,9.187951,76.247252,urban,139,1.26,False,2023,3,2023-03-01,27686.08,27686.08,242.0,146.11,0.0,False,0.851,0.7967,199.18,True,False,False
KL_0304,Alappuzha,Alappuzha,Thodumoodu,9.187951,76.247252,urban,139,1.26,False,2023,4,2023-04-01,23019.19,23019.19,222.1,152.2,0.0,False,0.836,0.6624,165.61,True,False,False
KL_0304,Alappuzha,Alappuzha,Thodumoodu,9.187951,76.247252,urban,139,1.26,False,2023,5,2023-05-01,29824.05,29824.05,224.1,171.13,0.0,False,0.967,0.8582,214.56,True,False,False
KL_0304,Alappuzha,Alappuzha,Thodumoodu,9.187951,76.247252,urban,139,1.26,False,2023,6,2023-06-01,23509.94,23509.94,225.1,148.92,0.0,False,0.88,0.6765,169.14,False,True,False
KL_0304,Alappuzha,Alappuzha,Thodumoodu,9.187951,76.247252,urban,139,1.26,False,2023,7,2023-07-01,28139.27,28139.27,237.6,168.58,0.0,False,0.85,0.8098,202.44,False,True,False
KL_0304,Alappuzha,Alappuzha,Thodumoodu,9.187951,76.247252,urban,139,1.26,False,2023,8,2023-08-01,20196.69,20196.69,227.2,133.89,0.0,False,0.833,0.5812,145.3,False,True,False
KL_0304,Alappuzha,Alappuzha,Thodumoodu,9.187951,76.247252,urban,139,1.26,False,2023,9,2023-09-01,38556.21,38556.21,253.0,195.7,0.0,False,0.899,1.1095,277.38,False,True,False
KL_0304,Alappuzha,Alappuzha,Thodumoodu,9.187951,76.247252,urban,139,1.26,False,2023,10,2023-10-01,38738.51,38738.51,236.8,227.88,0.0,False,0.809,1.1148,278.69,False,False,False
KL_0304,Alappuzha,Alappuzha,Thodumoodu,9.187951,76.247252,urban,139,1.26,False,2023,11,2023-11-01,22814.08,22814.08,216.9,157.87,0.0,False,0.786,0.6565,164.13,False,False,False
KL_0304,Alappuzha,Alappuzha,Thodumoodu,9.187951,76.247252,urban,139,1.26,False,2023,12,2023-12-01,30039.13,30039.13,227.8,191.36,0.0,False,0.782,0.8644,216.11,False,False,True
KL_0304,Alappuzha,Alappuzha,Thodumoodu,9.187951,76.247252,urban,139,1.26,False,2024,1,2024-01-01,20320.94,20320.94,216.4,140.85,0.0,False,0.915,0.5848,146.19,False,False,True
KL_0304,Alappuzha,Alappuzha,Thodumoodu,9.187951,76.247252,urban,139,1.26,False,2024,2,2024-02-01,23571.23,23571.23,227.9,132.78,0.0,False,0.912,0.6783,169.58,False,False,True
KL_0304,Alappuzha,Alappuzha,Thodumoodu,9.187951,76.247252,urban,139,1.26,False,2024,3,2024-03-01,20994.77,20994.77,239.9,129.24,0.0,False,0.858,0.6042,151.04,True,False,False
KL_0304,Alappuzha,Alappuzha,Thodumoodu,9.187951,76.247252,urban,139,1.26,False,2024,4,2024-04-01,42853.54,42853.54,234.4,276.31,0.0,False,0.822,1.2332,308.3,True,False,False
KL_0304,Alappuzha,Alappuzha,Thodumoodu,9.187951,76.247252,urban,139,1.26,False,2024,5,2024-05-01,38930.52,38930.52,230.6,211.23,0.0,False,0.823,1.1203,280.08,True,False,False
KL_0304,Alappuzha,Alappuzha,Thodumoodu,9.187951,76.247252,urban,139,1.26,False,2024,6,2024-06-01,30433.62,30433.62,229.7,185.37,0.0,False,0.952,0.8758,218.95,False,True,False
KL_0304,Alappuzha,Alappuzha,Thodumoodu,9.187951,76.247252,urban,139,1.26,False,2024,7,2024-07-01,24217.29,24217.29,251.0,121.98,0.0,False,0.845,0.6969,174.23,False,True,False
KL_0304,Alappuzha,Alappuzha,Thodumoodu,9.187951,76.247252,urban,139,1.26,False,2024,8,2024-08-01,15179.99,15179.99,222.2,91.98,0.0,False,0.867,0.4368,109.21,False,True,False
KL_0304,Alappuzha,Alappuzha,Thodumoodu,9.187951,76.247252,urban,139,1.26,False,2024,9,2024-09-01,27882.5,27882.5,230.3,154.88,0.0,False,0.828,0.8024,200.59,False,True,False
KL_0304,Alappuzha,Alappuzha,Thodumoodu,9.187951,76.247252,urban,139,1.26,False,2024,10,2024-10-01,28386.51,28386.51,208.6,182.36,0.0,False,0.855,0.8169,204.22,False,False,False
KL_0304,Alappuzha,Alappuzha,Thodumoodu,9.187951,76.247252,urban,139,1.26,False,2024,11,2024-11-01,15764.85,15764.85,220.0,102.74,0.0,False,0.869,0.4537,113.42,False,False,False
KL_0304,Alappuzha,Alappuzha,Thodumoodu,9.187951,76.247252,urban,139,1.26,False,2024,12,2024-12-01,25438.2,25438.2,211.3,159.91,0.0,False,0.94,0.732,183.01,False,False,True
KL_0305,Wayanad,Meenangadi,Padamvayal,11.645577,75.85413,rural,26,22.15,False,2023,1,2023-01-01,1863.93,1863.93,229.3,10.98,0.0,False,0.846,0.2868,71.69,False,False,True
KL_0305,Wayanad,Meenangadi,Padamvayal,11.645577,75.85413,rural,26,22.15,False,2023,2,2023-02-01,2113.67,2113.67,215.8,12.35,0.0,False,0.876,0.3252,81.3,False,False,True
KL_0305,Wayanad,Meenangadi,Padamvayal,11.645577,75.85413,rural,26,22.15,False,2023,3,2023-03-01,1628.63,1628.63,235.6,9.66,0.0,False,0.832,0.2506,62.64,True,False,False
KL_0305,Wayanad,Meenangadi,Padamvayal,11.645577,75.85413,rural,26,22.15,False,2023,4,2023-04-01,1407.59,1407.59,224.6,9.37,0.0,False,0.859,0.2166,54.14,True,False,False
KL_0305,Wayanad,Meenangadi,Padamvayal,11.645577,75.85413,rural,26,22.15,False,2023,5,2023-05-01,2485.37,2485.37,228.0,15.6,0.0,False,0.867,0.3824,95.59,True,False,False
KL_0305,Wayanad,Meenangadi,Padamvayal,11.645577,75.85413,rural,26,22.15,False,2023,6,2023-06-01,2172.02,2172.02,235.5,13.49,0.0,False,0.84,0.3342,83.54,False,True,False
KL_0305,Wayanad,Meenangadi,Padamvayal,11.645577,75.85413,rural,26,22.15,False,2023,7,2023-07-01,2221.39,2221.39,228.1,12.84,0.0,False,0.862,0.3418,85.44,False,True,False
KL_0305,Wayanad,Meenangadi,Padamvayal,11.645577,75.85413,rural,26,22.15,False,2023,8,2023-08-01,1099.35,1099.35,226.2,6.36,0.0,False,0.815,0.1691,42.28,False,True,False
KL_0305,Wayanad,Meenangadi,Padamvayal,11.645577,75.85413,rural,26,22.15,False,2023,9,2023-09-01,1870.28,1870.28,228.5,10.96,0.0,False,0.875,0.2877,71.93,False,True,False
KL_0305,Wayanad,Meenangadi,Padamvayal,11.645577,75.85413,rural,26,22.15,False,2023,10,2023-10-01,2249.43,2249.43,224.2,12.96,0.0,False,0.853,0.3461,86.52,False,False,False
KL_0305,Wayanad,Meenangadi,Padamvayal,11.645577,75.85413,rural,26,22.15,False,2023,11,2023-11-01,2225.75,2225.75,219.1,14.85,0.0,False,0.822,0.3424,85.61,False,False,False
KL_0305,Wayanad,Meenangadi,Padamvayal,11.645577,75.85413,rural,26,22.15,False,2023,12,2023-12-01,3030.03,3030.03,227.2,20.24,0.0,False,0.844,0.4662,116.54,False,False,True
KL_0305,Wayanad,Meenangadi,Padamvayal,11.645577,75.85413,rural,26,22.15,False,2024,1,2024-01-01,1468.5,1468.5,224.6,8.95,0.0,False,0.915,0.2259,56.48,False,False,True
KL_0305,Wayanad,Meenangadi,Padamvayal,11.645577,75.85413,rural,26,22.15,False,2024,2,2024-02-01,1148.11,1148.11,210.6,7.81,0.0,False,0.845,0.1766,44.16,False,False,True
KL_0305,Wayanad,Meenangadi,Padamvayal,11.645577,75.85413,rural,26,22.15,False,2024,3,2024-03-01,2097.94,2097.94,223.6,12.54,0.0,False,0.871,0.3228,80.69,True,False,False
KL_0305,Wayanad,Meenangadi,Padamvayal,11.645577,75.85413,rural,26,22.15,False,2024,4,2024-04-01,1853.6,1853.6,228.5,11.76,0.0,False,0.871,0.2852,71.29,True,False,False
KL_0305,Wayanad,Meenangadi,Padamvayal,11.645577,75.85413,rural,26,22.15,False,2024,5,2024-05-01,2191.5,2191.5,220.7,13.48,0.0,False,0.879,0.3372,84.29,True,False,False
KL_0305,Wayanad,Meenangadi,Padamvayal,11.645577,75.85413,rural,26,22.15,False,2024,6,2024-06-01,2611.55,2611.55,231.2,14.67,0.0,False,0.795,0.4018,100.44,False,True,False
KL_0305,Wayanad,Meenangadi,Padamvayal,11.645577,75.85413,rural,26,22.15,False,2024,7,2024-07-01,1649.08,1649.08,233.5,9.74,0.0,False,0.798,0.2537,63.43,False,True,False
KL_0305,Wayanad,Meenangadi,Padamvayal,11.645577,75.85413,rural,26,22.15,False,2024,8,2024-08-01,2103.79,2103.79,222.5,13.09,0.0,False,0.813,0.3237,80.91,False,True,False
KL_0305,Wayanad,Meenangadi,Padamvayal,11.645577,75.85413,rural,26,22.15,False,2024,9,2024-09-01,1885.88,1885.88,228.7,11.15,0.0,False,0.88,0.2901,72.53,False,True,False
KL_0305,Wayanad,Meenangadi,Padamvayal,11.645577,75.85413,rural,26,22.15,False,2024,10,2024-10-01,2035.27,2035.27,223.2,13.14,0.0,False,0.863,0.3131,78.28,False,False,False
KL_0305,Wayanad,Meenangadi,Padamvayal,11.645577,75.85413,rural,26,22.15,False,2024,11,2024-11-01,2331.64,2331.64,234.9,14.92,0.0,False,0.861,0.3587,89.68,False,False,False
KL_0305,Wayanad,Meenangadi,Padamvayal,11.645577,75.85413,rural,26,22.15,False,2024,12,2024-12-01,2908.12,2908.12,234.4,16.24,0.0,False,0.844,0.4474,111.85,False,False,True
KL_0306,Idukki,Thodupuzha,Kizhakpara,10.063673,77.205412,rural,140,6.39,False,2023,1,2023-01-01,11520.36,11520.36,220.4,75.28,0.0,False,0.784,0.3292,82.29,False,False,True
KL_0306,Idukki,Thodupuzha,Kizhakpara,10.063673,77.205412,rural,140,6.39,False,2023,2,2023-02-01,8485.94,8485.94,234.7,52.14,0.0,False,0.82,0.2425,60.61,False,False,True
KL_0306,Idukki,Thodupuzha,Kizhakpara,10.063673,77.205412,rural,140,6.39,False,2023,3,2023-03-01,12887.72,12887.72,237.8,68.83,0.0,False,0.861,0.3682,92.06,True,False,False
KL_0306,Idukki,Thodupuzha,Kizhakpara,10.063673,77.205412,rural,140,6.39,False,2023,4,2023-04-01,14930.33,14930.33,243.8,90.46,0.0,False,0.841,0.4266,106.65,True,False,False
KL_0306,Idukki,Thodupuzha,Kizhakpara,10.063673,77.205412,rural,140,6.39,False,2023,5,2023-05-01,11306.76,11306.76,219.3,70.62,0.0,False,0.859,0.3231,80.76,True,False,False
KL_0306,Idukki,Thodupuzha,Kizhakpara,10.063673,77.205412,rural,140,6.39,False,2023,6,2023-06-01,10961.89,10961.89,233.9,71.22,0.0,False,0.772,0.3132,78.3,False,True,False
KL_0306,Idukki,Thodupuzha,Kizhakpara,10.063673,77.205412,rural,140,6.39,False,2023,7,2023-07-01,15976.3,15976.3,212.6,106.36,0.0,False,0.849,0.4565,114.12,False,True,False
KL_0306,Idukki,Thodupuzha,Kizhakpara,10.063673,77.205412,rural,140,6.39,False,2023,8,2023-08-01,10920.98,10920.98,239.0,60.48,0.0,False,0.746,0.312,78.01,False,True,False
KL_0306,Idukki,Thodupuzha,Kizhakpara,10.063673,77.205412,rural,140,6.39,False,2023,9,2023-09-01,11019.42,11019.42,233.2,71.75,0.0,False,0.785,0.3148,78.71,False,True,False
KL_0306,Idukki,Thodupuzha,Kizhakpara,10.063673,77.205412,rural,140,6.39,False,2023,10,2023-10-01,12130.94,12130.94,224.5,80.74,0.0,False,0.801,0.3466,86.65,False,False,False
KL_0306,Idukki,Thodupuzha,Kizhakpara,10.063673,77.205412,rural,140,6.39,False,2023,11,2023-11-01,10369.58,10369.58,229.6,62.73,0.0,False,0.758,0.2963,74.07,False,False,False
KL_0306,Idukki,Thodupuzha,Kizhakpara,10.063673,77.205412,rural,140,6.39,False,2023,12,2023-12-01,4866.97,4866.97,224.2,30.93,0.0,False,0.81,0.1391,34.76,False,False,True
KL_0306,Idukki,Thodupuzha,Kizhakpara,10.063673,77.205412,rural,140,6.39,False,2024,1,2024-01-01,12962.91,12962.91,219.4,86.99,0.0,False,0.864,0.3704,92.59,False,False,True
KL_0306,Idukki,Thodupuzha,Kizhakpara,10.063673,77.205412,rural,140,6.39,False,2024,2,2024-02-01,10477.66,10477.66,222.5,62.26,0.0,False,0.908,0.2994,74.84,False,False,True
KL_0306,Idukki,Thodupuzha,Kizhakpara,10.063673,77.205412,rural,140,6.39,False,2024,3,2024-03-01,8636.35,8636.35,238.5,49.64,0.0,False,0.823,0.2468,61.69,True,False,False
KL_0306,Idukki,Thodupuzha,Kizhakpara,10.063673,77.205412,rural,140,6.39,False,2024,4,2024-04-01,18744.97,18744.97,231.5,113.74,0.0,False,0.817,0.5356,133.89,True,False,False
KL_0306,Idukki,Thodupuzha,Kizhakpara,10.063673,77.205412,rural,140,6.39,False,2024,5,2024-05-01,18790.13,18790.13,225.4,127.29,0.0,False,0.844,0.5369,134.22,True,False,False
KL_0306,Idukki,Thodupuzha,Kizhakpara,10.063673,77.205412,rural,140,6.39,False,2024,6,2024-06-01,12422.1,12422.1,222.3,73.39,0.0,False,0.837,0.3549,88.73,False,True,False
KL_0306,Idukki,Thodupuzha,Kizhakpara,10.063673,77.205412,rural,140,6.39,False,2024,7,2024-07-01,12781.26,12781.26,232.5,68.87,0.0,False,0.799,0.3652,91.29,False,True,False
KL_0306,Idukki,Thodupuzha,Kizhakpara,10.063673,77.205412,rural,140,6.39,False,2024,8,2024-08-01,10162.42,10162.42,229.1,55.93,0.0,False,0.877,0.2904,72.59,False,True,False
KL_0306,Idukki,Thodupuzha,Kizhakpara,10.063673,77.205412,rural,140,6.39,False,2024,9,2024-09-01,7416.71,7416.71,235.9,39.71,0.0,False,0.835,0.2119,52.98,False,True,False
KL_0306,Idukki,Thodupuzha,Kizhakpara,10.063673,77.205412,rural,140,6.39,False,2024,10,2024-10-01,8174.95,8174.95,228.7,46.87,0.0,False,0.817,0.2336,58.39,False,False,False
KL_0306,Idukki,Thodupuzha,Kizhakpara,10.063673,77.205412,rural,140,6.39,False,2024,11,2024-11-01,13839.29,13839.29,219.3,91.64,0.0,False,0.822,0.3954,98.85,False,False,False
KL_0306,Idukki,Thodupuzha,Kizhakpara,10.063673,77.205412,rural,140,6.39,False,2024,12,2024-12-01,7502.55,7502.55,225.0,48.37,0.0,False,0.968,0.2144,53.59,False,False,True
KL_0307,Ernakulam,Perumbavoor,Melapuram,10.107481,76.452845,rural,91,8.05,False,2023,1,2023-01-01,7340.19,7340.19,224.0,48.88,0.0,False,0.889,0.3226,80.66,False,False,True
KL_0307,Ernakulam,Perumbavoor,Melapuram,10.107481,76.452845,rural,91,8.05,False,2023,2,2023-02-01,5356.13,5356.13,225.9,32.38,0.0,False,0.833,0.2354,58.86,False,False,True
KL_0307,Ernakulam,Perumbavoor,Melapuram,10.107481,76.452845,rural,91,8.05,False,2023,3,2023-03-01,3429.87,3429.87,217.2,22.84,0.0,False,0.728,0.1508,37.69,True,False,False
KL_0307,Ernakulam,Perumbavoor,Melapuram,10.107481,76.452845,rural,91,8.05,False,2023,4,2023-04-01,11601.67,11601.67,225.7,73.02,0.0,False,0.765,0.51,127.49,True,False,False
KL_0307,Ernakulam,Perumbavoor,Melapuram,10.107481,76.452845,rural,91,8.05,False,2023,5,2023-05-01,17623.26,17623.26,224.2,112.4,0.0,False,0.854,0.7746,193.66,True,False,False
KL_0307,Ernakulam,Perumbavoor,Melapuram,10.107481,76.452845,rural,91,8.05,False,2023,6,2023-06-01,9750.89,9750.89,222.7,57.07,0.0,False,0.835,0.4286,107.15,False,True,False
KL_0307,Ernakulam,Perumbavoor,Melapuram,10.107481,76.452845,rural,91,8.05,False,2023,7,2023-07-01,6059.55,6059.55,235.5,33.84,0.0,False,0.792,0.2664,66.59,False,True,False
KL_0307,Ernakulam,Perumbavoor,Melapuram,10.107481,76.452845,rural,91,8.05,False,2023,8,2023-08-01,5111.09,5111.09,212.1,30.45,0.0,False,0.843,0.2247,56.17,False,True,False
KL_0307,Ernakulam,Perumbavoor,Melapuram,10.107481,76.452845,rural,91,8.05,False,2023,9,2023-09-01,8690.11,8690.11,233.0,55.23,0.0,False,0.813,0.382,95.5,False,True,False
KL_0307,Ernakulam,Perumbavoor,Melapuram,10.107481,76.452845,rural,91,8.05,False,2023,10,2023-10-01,8279.58,8279.58,240.7,49.63,0.0,False,0.818,0.3639,90.98,False,False,False
KL_0307,Ernakulam,Perumbavoor,Melapuram,10.107481,76.452845,rural,91,8.05,False,2023,11,2023-11-01,9884.78,9884.78,233.1,59.78,0.0,False,0.841,0.4345,108.62,False,False,False
KL_0307,Ernakulam,Perumbavoor,Melapuram,10.107481,76.452845,rural,91,8.05,False,2023,12,2023-12-01,4677.11,4677.11,223.7,29.88,0.0,False,0.799,0.2056,51.4,False,False,True
KL_0307,Ernakulam,Perumbavoor,Melapuram,10.107481,76.452845,rural,91,8.05,False,2024,1,2024-01-01,6935.52,6935.52,224.8,41.75,0.0,False,0.781,0.3049,76.21,False,False,True
KL_0307,Ernakulam,Perumbavoor,Melapuram,10.107481,76.452845,rural,91,8.05,False,2024,2,2024-02-01,5794.87,5794.87,213.7,35.31,0.0,False,0.782,0.2547,63.68,False,False,True
KL_0307,Ernakulam,Perumbavoor,Melapuram,10.107481,76.452845,rural,91,8.05,False,2024,3,2024-03-01,5811.47,5811.47,223.5,37.63,0.0,False,0.83,0.2554,63.86,True,False,False
KL_0307,Ernakulam,Perumbavoor,Melapuram,10.107481,76.452845,rural,91,8.05,False,2024,4,2024-04-01,13667.4,13667.4,215.8,90.51,0.0,False,0.771,0.6008,150.19,True,False,False
KL_0307,Ernakulam,Perumbavoor,Melapuram,10.107481,76.452845,rural,91,8.05,False,2024,5,2024-05-01,13354.51,13354.51,221.3,79.84,0.0,False,0.96,0.587,146.75,True,False,False
KL_0307,Ernakulam,Perumbavoor,Melapuram,10.107481,76.452845,rural,91,8.05,False,2024,6,2024-06-01,10345.81,10345.81,227.5,57.28,0.0,False,0.897,0.4548,113.69,False,True,False
KL_0307,Ernakulam,Perumbavoor,Melapuram,10.107481,76.452845,rural,91,8.05,False,2024,7,2024-07-01,11736.24,11736.24,222.5,74.73,0.0,False,0.886,0.5159,128.97,False,True,False
KL_0307,Ernakulam,Perumbavoor,Melapuram,10.107481,76.452845,rural,91,8.05,False,2024,8,2024-08-01,8872.84,8872.84,223.5,55.37,0.0,False,0.806,0.39,97.5,False,True,False
KL_0307,Ernakulam,Perumbavoor,Melapuram,10.107481,76.452845,rural,91,8.05,False,2024,9,2024-09-01,9445.93,9445.93,219.1,55.44,0.0,False,0.808,0.4152,103.8,False,True,False
KL_0307,Ernakulam,Perumbavoor,Melapuram,10.107481,76.452845,rural,91,8.05,False,2024,10,2024-10-01,5755.7,5755.7,219.7,39.97,0.0,False,0.779,0.253,63.25,False,False,False
KL_0307,Ernakulam,Perumbavoor,Melapuram,10.107481,76.452845,rural,91,8.05,False,2024,11,2024-11-01,9671.53,9671.53,247.8,58.66,0.0,False,0.942,0.4251,106.28,False,False,False
KL_0307,Ernakulam,Perumbavoor,Melapuram,10.107481,76.452845,rural,91,8.05,False,2024,12,2024-12-01,8285.12,8285.12,223.3,49.21,0.0,False,0.917,0.3642,91.05,False,False,True
KL_0308,Wayanad,Sulthan Bathery,Thekkemoodu,11.839287,75.941394,rural,167,20.07,False,2023,1,2023-01-01,17308.31,17308.31,229.0,110.68,0.0,False,0.884,0.4146,103.64,False,False,True
KL_0308,Wayanad,Sulthan Bathery,Thekkemoodu,11.839287,75.941394,rural,167,20.07,False,2023,2,2023-02-01,16036.21,16036.21,240.6,93.42,0.0,False,0.844,0.3841,96.03,False,False,True
KL_0308,Wayanad,Sulthan Bathery,Thekkemoodu,11.839287,75.941394,rural,167,20.07,False,2023,3,2023-03-01,12354.77,12354.77,235.6,78.22,0.0,False,0.831,0.2959,73.98,True,False,False
KL_0308,Wayanad,Sulthan Bathery,Thekkemoodu,11.839287,75.941394,rural,167,20.07,False,2023,4,2023-04-01,23037.95,23037.95,216.3,153.96,0.0,False,0.875,0.5518,137.95,True,False,False
KL_0308,Wayanad,Sulthan Bathery,Thekkemoodu,11.839287,75.941394,rural,167,20.07,False,2023,5,2023-05-01,23394.7,23394.7,216.9,150.52,0.0,False,0.93,0.5604,140.09,True,False,False
KL_0308,Wayanad,Sulthan Bathery,Thekkemoodu,11.839287,75.941394,rural,167,20.07,False,2023,6,2023-06-01,17498.57,17498.57,229.4,97.58,0.0,False,0.882,0.4191,104.78,False,True,False
KL_0308,Wayanad,Sulthan Bathery,Thekkemoodu,11.839287,75.941394,rural,167,20.07,False,2023,7,2023-07-01,16436.0,16436.0,212.2,104.96,0.0,False,0.794,0.3937,98.42,False,True,False
KL_0308,Wayanad,Sulthan Bathery,Thekkemoodu,11.839287,75.941394,rural,167,20.07,False,2023,8,2023-08-01,12452.66,12452.66,231.6,80.53,0.0,False,0.812,0.2983,74.57,False,True,False
KL_0308,Wayanad,Sulthan Bathery,Thekkemoodu,11.839287,75.941394,rural,167,20.07,False,2023,9,2023-09-01,14070.41,14070.41,221.4,94.4,0.0,False,0.873,0.337,84.25,False,True,False
KL_0308,Wayanad,Sulthan Bathery,Thekkemoodu,11.839287,75.941394,rural,167,20.07,False,2023,10,2023-10-01,16779.94,16779.94,224.1,112.75,0.0,False,0.807,0.4019,100.48,False,False,False
KL_0308,Wayanad,Sulthan Bathery,Thekkemoodu,11.839287,75.941394,rural,167,20.07,False,2023,11,2023-11-01,11516.3,11516.3,230.1,66.83,0.0,False,0.826,0.2758,68.96,False,False,False
KL_0308,Wayanad,Sulthan Bathery,Thekkemoodu,11.839287,75.941394,rural,167,20.07,False,2023,12,2023-12-01,19404.31,19404.31,226.3,108.96,0.0,False,0.926,0.4648,116.19,False,False,True
KL_0308,Wayanad,Sulthan Bathery,Thekkemoodu,11.839287,75.941394,rural,167,20.07,False,2024,1,2024-01-01,18239.67,18239.67,231.9,101.46,0.0,False,0.834,0.4369,109.22,False,False,True
KL_0308,Wayanad,Sulthan Bathery,Thekkemoodu,11.839287,75.941394,rural,167,20.07,False,2024,2,2024-02-01,7728.99,7728.99,234.9,49.08,0.0,False,0.771,0.1851,46.28,False,False,True
KL_0308,Wayanad,Sulthan Bathery,Thekkemoodu,11.839287,75.941394,rural,167,20.07,False,2024,3,2024-03-01,14150.12,14150.12,227.5,85.36,0.0,False,0.994,0.3389,84.73,True,False,False
KL_0308,Wayanad,Sulthan Bathery,Thekkemoodu,11.839287,75.941394,rural,167,20.07,False,2024,4,2024-04-01,10691.36,10691.36,225.4,65.18,0.0,False,0.904,0.2561,64.02,True,False,False
KL_0308,Wayanad,Sulthan Bathery,Thekkemoodu,11.839287,75.941394,rural,167,20.07,False,2024,5,2024-05-01,11036.68,11036.68,214.2,71.58,0.0,False,0.847,0.2644,66.09,True,False,False
KL_0308,Wayanad,Sulthan Bathery,Thekkemoodu,11.839287,75.941394,rural,167,20.07,False,2024,6,2024-06-01,15217.56,15217.56,248.6,86.24,0.0,False,0.85,0.3645,91.12,False,True,False
KL_0308,Wayanad,Sulthan Bathery,Thekkemoodu,11.839287,75.941394,rural,167,20.07,False,2024,7,2024-07-01,12460.4,12460.4,234.7,77.44,0.0,False,0.744,0.2985,74.61,False,True,False
KL_0308,Wayanad,Sulthan Bathery,Thekkemoodu,11.839287,75.941394,rural,167,20.07,False,2024,8,2024-08-01,7431.17,7431.17,228.1,48.95,0.0,False,0.83,0.178,44.5,False,True,False
KL_0308,Wayanad,Sulthan Bathery,Thekkemoodu,11.839287,75.941394,rural,167,20.07,False,2024,9,2024-09-01,14872.08,14872.08,217.3,100.22,0.0,False,0.813,0.3562,89.05,False,True,False
KL_0308,Wayanad,Sulthan Bathery,Thekkemoodu,11.839287,75.941394,rural,167,20.07,False,2024,10,2024-10-01,10235.32,10235.32,223.9,66.23,0.0,False,0.855,0.2452,61.29,False,False,False
KL_0308,Wayanad,Sulthan Bathery,Thekkemoodu,11.839287,75.941394,rural,167,20.07,False,2024,11,2024-11-01,12736.28,12736.28,234.3,76.03,0.0,False,0.931,0.3051,76.27,False,False,False
KL_0308,Wayanad,Sulthan Bathery,Thekkemoodu,11.839287,75.941394,rural,167,20.07,False,2024,12,2024-12-01,10182.5,10182.5,241.0,58.31,0.0,False,0.872,0.2439,60.97,False,False,True
KL_0309,Kozhikode,Feroke,Manjaveli,11.556295,75.758986,rural,105,14.09,False,2023,1,2023-01-01,2583.52,2583.52,223.1,15.39,0.0,False,0.952,0.0984,24.6,False,False,True
KL_0309,Kozhikode,Feroke,Manjaveli,11.556295,75.758986,rural,105,14.09,False,2023,2,2023-02-01,8462.0,8462.0,222.9,51.85,0.0,False,0.78,0.3224,80.59,False,False,True
KL_0309,Kozhikode,Feroke,Manjaveli,11.556295,75.758986,rural,105,14.09,False,2023,3,2023-03-01,10714.55,10714.55,230.1,62.44,0.0,False,0.773,0.4082,102.04,True,False,False
KL_0309,Kozhikode,Feroke,Manjaveli,11.556295,75.758986,rural,105,14.09,False,2023,4,2023-04-01,7593.03,7593.03,241.5,41.69,0.0,False,0.912,0.2893,72.31,True,False,False
KL_0309,Kozhikode,Feroke,Manjaveli,11.556295,75.758986,rural,105,14.09,False,2023,5,2023-05-01,7494.23,7494.23,220.6,45.22,0.0,False,0.855,0.2855,71.37,True,False,False
KL_0309,Kozhikode,Feroke,Manjaveli,11.556295,75.758986,rural,105,14.09,False,2023,6,2023-06-01,9759.0,9759.0,236.0,57.18,0.0,False,0.873,0.3718,92.94,False,True,False
KL_0309,Kozhikode,Feroke,Manjaveli,11.556295,75.758986,rural,105,14.09,False,2023,7,2023-07-01,7379.68,7379.68,225.9,44.88,0.0,False,0.849,0.2811,70.28,False,True,False
KL_0309,Kozhikode,Feroke,Manjaveli,11.556295,75.758986,rural,105,14.09,False,2023,8,2023-08-01,9271.11,9271.11,215.1,62.35,0.0,False,0.86,0.3532,88.3,False,True,False
KL_0309,Kozhikode,Feroke,Manjaveli,11.556295,75.758986,rural,105,14.09,False,2023,9,2023-09-01,7440.05,7440.05,230.5,48.08,0.0,False,0.884,0.2834,70.86,False,True,False
KL_0309,Kozhikode,Feroke,Manjaveli,11.556295,75.758986,rural,105,14.09,False,2023,10,2023-10-01,5302.57,5302.57,226.9,30.6,0.0,False,0.863,0.202,50.5,False,False,False
KL_0309,Kozhikode,Feroke,Manjaveli,11.556295,75.758986,rural,105,14.09,False,2023,11,2023-11-01,9770.78,9770.78,223.5,55.99,0.0,False,0.821,0.3722,93.06,False,False,False
KL_0309,Kozhikode,Feroke,Manjaveli,11.556295,75.758986,rural,105,14.09,False,2023,12,2023-12-01,8619.47,8619.47,233.3,46.33,0.0,False,0.967,0.3284,82.09,False,False,True
KL_0309,Kozhikode,Feroke,Manjaveli,11.556295,75.758986,rural,105,14.09,False,2024,1,2024-01-01,9028.13,9028.13,248.7,47.06,0.0,False,0.855,0.3439,85.98,False,False,True
KL_0309,Kozhikode,Feroke,Manjaveli,11.556295,75.758986,rural,105,14.09,False,2024,2,2024-02-01,6400.14,6400.14,225.3,38.06,0.0,False,0.84,0.2438,60.95,False,False,True
KL_0309,Kozhikode,Feroke,Manjaveli,11.556295,75.758986,rural,105,14.09,False,2024,3,2024-03-01,11243.67,11243.67,224.9,67.6,0.0,False,0.833,0.4283,107.08,True,False,False
KL_0309,Kozhikode,Feroke,Manjaveli,11.556295,75.758986,rural,105,14.09,False,2024,4,2024-04-01,4096.4,4096.4,238.6,23.25,0.0,False,0.867,0.1561,39.01,True,False,False
KL_0309,Kozhikode,Feroke,Manjaveli,11.556295,75.758986,rural,105,14.09,False,2024,5,2024-05-01,13081.34,13081.34,233.2,71.52,0.0,False,0.838,0.4983,124.58,True,False,False
KL_0309,Kozhikode,Feroke,Manjaveli,11.556295,75.758986,rural,105,14.09,False,2024,6,2024-06-01,15777.17,15777.17,231.1,86.27,0.0,False,0.749,0.601,150.26,False,True,False
KL_0309,Kozhikode,Feroke,Manjaveli,11.556295,75.758986,rural,105,14.09,False,2024,7,2024-07-01,9997.57,9997.57,226.1,63.26,0.0,False,0.837,0.3809,95.21,False,True,False
KL_0309,Kozhikode,Feroke,Manjaveli,11.556295,75.758986,rural,105,14.09,False,2024,8,2024-08-01,7520.67,7520.67,238.1,43.96,0.0,False,0.796,0.2865,71.63,False,True,False
KL_0309,Kozhikode,Feroke,Manjaveli,11.556295,75.758986,rural,105,14.09,False,2024,9,2024-09-01,4354.02,4354.02,227.9,24.69,0.0,False,0.863,0.1659,41.47,False,True,False
KL_0309,Kozhikode,Feroke,Manjaveli,11.556295,75.758986,rural,105,14.09,False,2024,10,2024-10-01,10505.38,10505.38,236.3,58.9,0.0,False,0.848,0.4002,100.05,False,False,False
KL_0309,Kozhikode,Feroke,Manjaveli,11.556295,75.758986,rural,105,14.09,False,2024,11,2024-11-01,11973.08,11973.08,233.2,64.45,0.0,False,0.817,0.4561,114.03,False,False,False
KL_0309,Kozhikode,Feroke,Manjaveli,11.556295,75.758986,rural,105,14.09,False,2024,12,2024-12-01,9652.22,9652.22,241.9,60.7,0.0,False,0.897,0.3677,91.93,False,False,True
KL_0310,Kottayam,Pala,Muthamoodu,9.410455,76.488444,urban,124,0.94,False,2023,1,2023-01-01,25268.19,25268.19,210.9,171.93,0.0,False,0.846,0.8151,203.78,False,False,True
KL_0310,Kottayam,Pala,Muthamoodu,9.410455,76.488444,urban,124,0.94,False,2023,2,2023-02-01,22672.98,22672.98,234.9,146.66,0.0,False,0.831,0.7314,182.85,False,False,True
KL_0310,Kottayam,Pala,Muthamoodu,9.410455,76.488444,urban,124,0.94,False,2023,3,2023-03-01,23024.17,23024.17,218.0,148.25,0.0,False,0.832,0.7427,185.68,True,False,False
KL_0310,Kottayam,Pala,Muthamoodu,9.410455,76.488444,urban,124,0.94,False,2023,4,2023-04-01,26813.8,26813.8,237.1,146.15,0.0,False,0.831,0.865,216.24,True,False,False
KL_0310,Kottayam,Pala,Muthamoodu,9.410455,76.488444,urban,124,0.94,False,2023,5,2023-05-01,6856.39,6856.39,224.4,39.45,0.0,False,0.875,0.2212,55.29,True,False,False
KL_0310,Kottayam,Pala,Muthamoodu,9.410455,76.488444,urban,124,0.94,False,2023,6,2023-06-01,41509.68,41509.68,228.6,276.29,0.0,False,0.811,1.339,334.76,False,True,False
KL_0310,Kottayam,Pala,Muthamoodu,9.410455,76.488444,urban,124,0.94,False,2023,7,2023-07-01,19982.84,19982.84,219.8,123.0,0.0,False,0.854,0.6446,161.15,False,True,False
KL_0310,Kottayam,Pala,Muthamoodu,9.410455,76.488444,urban,124,0.94,False,2023,8,2023-08-01,21460.73,21460.73,221.7,136.44,0.0,False,0.825,0.6923,173.07,False,True,False
KL_0310,Kottayam,Pala,Muthamoodu,9.410455,76.488444,urban,124,0.94,False,2023,9,2023-09-01,7128.01,7128.01,210.1,47.47,0.0,False,0.818,0.2299,57.48,False,True,False
KL_0310,Kottayam,Pala,Muthamoodu,9.410455,76.488444,urban,124,0.94,False,2023,10,2023-10-01,22470.78,22470.78,232.8,144.04,0.0,False,0.874,0.7249,181.22,False,False,False
KL_0310,Kottayam,Pala,Muthamoodu,9.410455,76.488444,urban,124,0.94,False,2023,11,2023-11-01,25990.06,25990.06,222.5,165.77,0.0,False,0.803,0.8384,209.6,False,False,False
KL_0310,Kottayam,Pala,Muthamoodu,9.410455,76.488444,urban,124,0.94,False,2023,12,2023-12-01,22119.57,22119.57,227.2,132.62,0.0,False,0.876,0.7135,178.38,False,False,True
KL_0310,Kottayam,Pala,Muthamoodu,9.410455,76.488444,urban,124,0.94,False,2024,1,2024-01-01,20884.72,20884.72,226.7,117.09,0.0,False,0.865,0.6737,168.43,False,False,True
KL_0310,Kottayam,Pala,Muthamoodu,9.410455,76.488444,urban,124,0.94,False,2024,2,2024-02-01,11945.47,11945.47,215.0,70.51,0.0,False,0.916,0.3853,96.33,False,False,True
KL_0310,Kottayam,Pala,Muthamoodu,9.410455,76.488444,urban,124,0.94,False,2024,3,2024-03-01,23698.28,23698.28,230.0,147.09,0.0,False,0.762,0.7645,191.12,True,False,False
KL_0310,Kottayam,Pala,Muthamoodu,9.410455,76.488444,urban,124,0.94,False,2024,4,2024-04-01,20220.93,20220.93,239.3,126.82,0.0,False,0.901,0.6523,163.07,True,False,False
KL_0310,Kottayam,Pala,Muthamoodu,9.410455,76.488444,urban,124,0.94,False,2024,5,2024-05-01,15935.49,15935.49,241.2,97.62,0.0,False,0.835,0.514,128.51,True,False,False
KL_0310,Kottayam,Pala,Muthamoodu,9.410455,76.488444,urban,124,0.94,False,2024,6,2024-06-01,22065.91,22065.91,233.1,129.04,0.0,False,0.761,0.7118,177.95,False,True,False
KL_0310,Kottayam,Pala,Muthamoodu,9.410455,76.488444,urban,124,0.94,False,2024,7,2024-07-01,29242.11,29242.11,233.6,179.94,0.0,False,0.817,0.9433,235.82,False,True,False
KL_0310,Kottayam,Pala,Muthamoodu,9.410455,76.488444,urban,124,0.94,False,2024,8,2024-08-01,20946.81,20946.81,224.2,129.32,0.0,False,0.876,0.6757,168.93,False,True,False
KL_0310,Kottayam,Pala,Muthamoodu,9.410455,76.488444,urban,124,0.94,False,2024,9,2024-09-01,22009.42,22009.42,228.3,126.51,0.0,False,0.846,0.71,177.5,False,True,False
KL_0310,Kottayam,Pala,Muthamoodu,9.410455,76.488444,urban,124,0.94,False,2024,10,2024-10-01,27420.2,27420.2,222.5,163.61,0.0,False,0.917,0.8845,221.13,False,False,False
KL_0310,Kottayam,Pala,Muthamoodu,9.410455,76.488444,urban,124,0.94,False,2024,11,2024-11-01,22595.66,22595.66,212.0,154.03,0.0,False,0.833,0.7289,182.22,False,False,False
KL_0310,Kottayam,Pala,Muthamoodu,9.410455,76.488444,urban,124,0.94,False,2024,12,2024-12-01,25230.17,25230.17,229.6,160.93,0.0,False,0.848,0.8139,203.47,False,False,True
KL_0311,Kottayam,Changanassery,Vadakkepuram,9.675641,76.600023,semi-urban,120,8.47,False,2023,1,2023-01-01,15455.11,15455.11,223.6,86.72,0.0,False,0.841,0.5152,128.79,False,False,True
KL_0311,Kottayam,Changanassery,Vadakkepuram,9.675641,76.600023,semi-urban,120,8.47,False,2023,2,2023-02-01,22595.32,22595.32,231.0,133.0,0.0,False,0.799,0.7532,188.29,False,False,True
KL_0311,Kottayam,Changanassery,Vadakkepuram,9.675641,76.600023,semi-urban,120,8.47,False,2023,3,2023-03-01,15261.95,15261.95,236.9,86.32,0.0,False,0.849,0.5087,127.18,True,False,False
KL_0311,Kottayam,Changanassery,Vadakkepuram,9.675641,76.600023,semi-urban,120,8.47,False,2023,4,2023-04-01,15594.48,15594.48,219.5,104.88,0.0,False,0.839,0.5198,129.95,True,False,False
KL_0311,Kottayam,Changanassery,Vadakkepuram,9.675641,76.600023,semi-urban,120,8.47,False,2023,5,2023-05-01,19403.09,19403.09,225.6,109.55,0.0,False,0.854,0.6468,161.69,True,False,False
KL_0311,Kottayam,Changanassery,Vadakkepuram,9.675641,76.600023,semi-urban,120,8.47,False,2023,6,2023-06-01,29722.82,29722.82,215.3,176.41,0.0,False,0.853,0.9908,247.69,False,True,False
KL_0311,Kottayam,Changanassery,Vadakkepuram,9.675641,76.600023,semi-urban,120,8.47,False,2023,7,2023-07-01,13971.74,13971.74,220.2,92.66,0.0,False,0.85,0.4657,116.43,False,True,False
KL_0311,Kottayam,Changanassery,Vadakkepuram,9.675641,76.600023,semi-urban,120,8.47,False,2023,8,2023-08-01,17225.26,17225.26,238.0,95.08,0.0,False,0.855,0.5742,143.54,False,True,False
KL_0311,Kottayam,Changanassery,Vadakkepuram,9.675641,76.600023,semi-urban,120,8.47,False,2023,9,2023-09-01,9285.78,9285.78,239.0,50.55,0.0,False,0.905,0.3095,77.38,False,True,False
KL_0311,Kottayam,Changanassery,Vadakkepuram,9.675641,76.600023,semi-urban,120,8.47,False,2023,10,2023-10-01,17071.03,17071.03,235.5,110.09,0.0,False,0.801,0.569,142.26,False,False,False
KL_0311,Kottayam,Changanassery,Vadakkepuram,9.675641,76.600023,semi-urban,120,8.47,False,2023,11,2023-11-01,27019.97,27019.97,228.0,175.36,0.0,False,0.814,0.9007,225.17,False,False,False
KL_0311,Kottayam,Changanassery,Vadakkepuram,9.675641,76.600023,semi-urban,120,8.47,False,2023,12,2023-12-01,7924.65,7924.65,244.1,41.2,0.0,False,0.921,0.2642,66.04,False,False,True
KL_0311,Kottayam,Changanassery,Vadakkepuram,9.675641,76.600023,semi-urban,120,8.47,False,2024,1,2024-01-01,17581.18,17581.18,234.5,100.08,0.0,False,0.914,0.586,146.51,False,False,True
KL_0311,Kottayam,Changanassery,Vadakkepuram,9.675641,76.600023,semi-urban,120,8.47,False,2024,2,2024-02-01,7406.44,7406.44,218.6,43.02,0.0,False,0.863,0.2469,61.72,False,False,True
KL_0311,Kottayam,Changanassery,Vadakkepuram,9.675641,76.600023,semi-urban,120,8.47,False,2024,3,2024-03-01,18526.83,18526.83,227.2,103.91,0.0,False,0.951,0.6176,154.39,True,False,False
KL_0311,Kottayam,Changanassery,Vadakkepuram,9.675641,76.600023,semi-urban,120,8.47,False,2024,4,2024-04-01,17945.37,17945.37,226.9,117.62,0.0,False,0.874,0.5982,149.54,True,False,False
KL_0311,Kottayam,Changanassery,Vadakkepuram,9.675641,76.600023,semi-urban,120,8.47,False,2024,5,2024-05-01,25193.41,25193.41,216.2,154.54,0.0,False,0.944,0.8398,209.95,True,False,False
KL_0311,Kottayam,Changanassery,Vadakkepuram,9.675641,76.600023,semi-urban,120,8.47,False,2024,6,2024-06-01,13105.05,13105.05,218.2,88.67,0.0,False,0.923,0.4368,109.21,False,True,False
KL_0311,Kottayam,Changanassery,Vadakkepuram,9.675641,76.600023,semi-urban,120,8.47,False,2024,7,2024-07-01,15979.13,15979.13,229.3,103.74,0.0,False,0.931,0.5326,133.16,False,True,False
KL_0311,Kottayam,Changanassery,Vadakkepuram,9.675641,76.600023,semi-urban,120,8.47,False,2024,8,2024-08-01,14468.99,14468.99,227.3,86.79,0.0,False,0.793,0.4823,120.57,False,True,False
KL_0311,Kottayam,Changanassery,Vadakkepuram,9.675641,76.600023,semi-urban,120,8.47,False,2024,9,2024-09-01,19741.98,19741.98,226.5,130.8,0.0,False,0.883,0.6581,164.52,False,True,False
KL_0311,Kottayam,Changanassery,Vadakkepuram,9.675641,76.600023,semi-urban,120,8.47,False,2024,10,2024-10-01,21309.71,21309.71,209.3,151.97,0.0,False,0.846,0.7103,177.58,False,False,False
KL_0311,Kottayam,Changanassery,Vadakkepuram,9.675641,76.600023,semi-urban,120,8.47,False,2024,11,2024-11-01,20763.07,20763.07,220.1,135.56,0.0,False,0.783,0.6921,173.03,False,False,False
KL_0311,Kottayam,Changanassery,Vadakkepuram,9.675641,76.600023,semi-urban,120,8.47,False,2024,12,2024-12-01,14060.3,14060.3,226.4,94.45,0.0,False,0.917,0.4687,117.17,False,False,True
KL_0312,Palakkad,Mannarkkad,Thodukunnu,10.870836,76.913461,semi-urban,95,5.26,False,2023,1,2023-01-01,10739.39,10739.39,226.5,70.96,0.0,False,0.91,0.4522,113.05,False,False,True
KL_0312,Palakkad,Mannarkkad,Thodukunnu,10.870836,76.913461,semi-urban,95,5.26,False,2023,2,2023-02-01,11625.05,11625.05,215.4,67.82,0.0,False,0.843,0.4895,122.37,False,False,True
KL_0312,Palakkad,Mannarkkad,Thodukunnu,10.870836,76.913461,semi-urban,95,5.26,False,2023,3,2023-03-01,11113.71,11113.71,225.7,69.2,0.0,False,0.819,0.4679,116.99,True,False,False
KL_0312,Palakkad,Mannarkkad,Thodukunnu,10.870836,76.913461,semi-urban,95,5.26,False,2023,4,2023-04-01,17658.76,17658.76,215.3,115.02,0.0,False,0.853,0.7435,185.88,True,False,False
KL_0312,Palakkad,Mannarkkad,Thodukunnu,10.870836,76.913461,semi-urban,95,5.26,False,2023,5,2023-05-01,17063.1,17063.1,237.2,100.32,0.0,False,0.759,0.7184,179.61,True,False,False
KL_0312,Palakkad,Mannarkkad,Thodukunnu,10.870836,76.913461,semi-urban,95,5.26,False,2023,6,2023-06-01,10313.53,10313.53,234.6,56.5,0.0,False,0.783,0.4343,108.56,False,True,False
KL_0312,Palakkad,Mannarkkad,Thodukunnu,10.870836,76.913461,semi-urban,95,5.26,False,2023,7,2023-07-01,10525.32,10525.32,239.3,62.01,0.0,False,0.835,0.4432,110.79,False,True,False
KL_0312,Palakkad,Mannarkkad,Thodukunnu,10.870836,76.913461,semi-urban,95,5.26,False,2023,8,2023-08-01,13373.7,13373.7,237.8,74.37,0.0,False,0.881,0.5631,140.78,False,True,False
KL_0312,Palakkad,Mannarkkad,Thodukunnu,10.870836,76.913461,semi-urban,95,5.26,False,2023,9,2023-09-01,13876.75,13876.75,228.0,85.6,0.0,False,0.841,0.5843,146.07,False,True,False
KL_0312,Palakkad,Mannarkkad,Thodukunnu,10.870836,76.913461,semi-urban,95,5.26,False,2023,10,2023-10-01,17020.17,17020.17,221.4,102.44,0.0,False,0.822,0.7166,179.16,False,False,False
KL_0312,Palakkad,Mannarkkad,Thodukunnu,10.870836,76.913461,semi-urban,95,5.26,False,2023,11,2023-11-01,14685.66,14685.66,220.8,87.8,0.0,False,0.809,0.6183,154.59,False,False,False
KL_0312,Palakkad,Mannarkkad,Thodukunnu,10.870836,76.913461,semi-urban,95,5.26,False,2023,12,2023-12-01,12796.76,12796.76,226.7,78.34,0.0,False,0.972,0.5388,134.7,False,False,True
KL_0312,Palakkad,Mannarkkad,Thodukunnu,10.870836,76.913461,semi-urban,95,5.26,False,2024,1,2024-01-01,14038.49,14038.49,235.3,90.88,0.0,False,0.796,0.5911,147.77,False,False,True
KL_0312,Palakkad,Mannarkkad,Thodukunnu,10.870836,76.913461,semi-urban,95,5.26,False,2024,2,2024-02-01,11054.65,11054.65,225.5,73.87,0.0,False,0.759,0.4655,116.36,False,False,True
KL_0312,Palakkad,Mannarkkad,Thodukunnu,10.870836,76.913461,semi-urban,95,5.26,False,2024,3,2024-03-01,14779.15,14779.15,227.5,95.51,0.0,False,0.821,0.6223,155.57,True,False,False
KL_0312,Palakkad,Mannarkkad,Thodukunnu,10.870836,76.913461,semi-urban,95,5.26,False,2024,4,2024-04-01,15859.67,15859.67,214.2,93.21,0.0,False,0.876,0.6678,166.94,True,False,False
KL_0312,Palakkad,Mannarkkad,Thodukunnu,10.870836,76.913461,semi-urban,95,5.26,False,2024,5,2024-05-01,10643.91,10643.91,215.1,69.08,0.0,False,0.855,0.4482,112.04,True,False,False
KL_0312,Palakkad,Mannarkkad,Thodukunnu,10.870836,76.913461,semi-urban,95,5.26,False,2024,6,2024-06-01,13968.16,13968.16,223.4,83.82,0.0,False,0.812,0.5881,147.03,False,True,False
KL_0312,Palakkad,Mannarkkad,Thodukunnu,10.870836,76.913461,semi-urban,95,5.26,False,2024,7,2024-07-01,10659.77,10659.77,242.0,60.72,0.0,False,0.86,0.4488,112.21,False,True,False
KL_0312,Palakkad,Mannarkkad,Thodukunnu,10.870836,76.913461,semi-urban,95,5.26,False,2024,8,2024-08-01,10302.09,10302.09,225.2,68.73,0.0,False,0.905,0.4338,108.44,False,True,False
KL_0312,Palakkad,Mannarkkad,Thodukunnu,10.870836,76.913461,semi-urban,95,5.26,False,2024,9,2024-09-01,8464.32,8464.32,239.2,53.28,0.0,False,0.86,0.3564,89.1,False,True,False
KL_0312,Palakkad,Mannarkkad,Thodukunnu,10.870836,76.913461,semi-urban,95,5.26,False,2024,10,2024-10-01,12996.05,12996.05,222.7,77.57,0.0,False,0.858,0.5472,136.8,False,False,False
KL_0312,Palakkad,Mannarkkad,Thodukunnu,10.870836,76.913461,semi-urban,95,5.26,False,2024,11,2024-11-01,11527.56,11527.56,226.8,72.12,0.0,False,0.858,0.4854,121.34,False,False,False
KL_0312,Palakkad,Mannarkkad,Thodukunnu,10.870836,76.913461,semi-urban,95,5.26,False,2024,12,2024-12-01,14796.61,14796.61,229.5,96.58,0.0,False,0.813,0.623,155.75,False,False,True
KL_0313,Kozhikode,Kozhikode,Vadakkeveli,11.241884,75.725505,urban,127,1.64,True,2023,1,2023-01-01,18565.96,26884.58,222.9,202.09,44.81,True,0.872,0.8468,211.69,False,False,True
KL_0313,Kozhikode,Kozhikode,Vadakkeveli,11.241884,75.725505,urban,127,1.64,True,2023,2,2023-02-01,18585.52,24044.02,217.3,175.61,29.37,True,0.902,0.7573,189.32,False,False,True
KL_0313,Kozhikode,Kozhikode,Vadakkeveli,11.241884,75.725505,urban,127,1.64,True,2023,3,2023-03-01,19083.32,22365.98,198.3,188.84,17.2,True,0.918,0.7044,176.11,True,False,False
KL_0313,Kozhikode,Kozhikode,Vadakkeveli,11.241884,75.725505,urban,127,1.64,True,2023,4,2023-04-01,36184.42,43273.66,209.0,371.45,19.59,True,0.871,1.3629,340.74,True,False,False
KL_0313,Kozhikode,Kozhikode,Vadakkeveli,11.241884,75.725505,urban,127,1.64,True,2023,5,2023-05-01,43279.47,43279.47,212.6,296.04,0.0,False,0.851,1.3631,340.78,True,False,False
KL_0313,Kozhikode,Kozhikode,Vadakkeveli,11.241884,75.725505,urban,127,1.64,True,2023,6,2023-06-01,25383.11,33049.41,229.0,249.41,30.2,True,0.944,1.0409,260.23,False,True,False
KL_0313,Kozhikode,Kozhikode,Vadakkeveli,11.241884,75.725505,urban,127,1.64,True,2023,7,2023-07-01,21821.75,28947.08,213.1,211.52,32.65,True,0.856,0.9117,227.93,False,True,False
KL_0313,Kozhikode,Kozhikode,Vadakkeveli,11.241884,75.725505,urban,127,1.64,True,2023,8,2023-08-01,15475.36,20985.78,235.6,139.18,35.61,True,0.826,0.661,165.24,False,True,False
KL_0313,Kozhikode,Kozhikode,Vadakkeveli,11.241884,75.725505,urban,127,1.64,True,2023,9,2023-09-01,18366.9,26060.7,221.5,203.94,41.89,True,0.816,0.8208,205.2,False,True,False
KL_0313,Kozhikode,Kozhikode,Vadakkeveli,11.241884,75.725505,urban,127,1.64,True,2023,10,2023-10-01,28911.41,28911.41,230.1,184.96,0.0,False,0.81,0.9106,227.65,False,False,False
KL_0313,Kozhikode,Kozhikode,Vadakkeveli,11.241884,75.725505,urban,127,1.64,True,2023,11,2023-11-01,26571.53,33855.72,215.2,268.35,27.41,True,0.825,1.0663,266.58,False,False,False
KL_0313,Kozhikode,Kozhikode,Vadakkeveli,11.241884,75.725505,urban,127,1.64,True,2023,12,2023-12-01,20968.48,20968.48,231.4,131.19,0.0,False,0.946,0.6604,165.11,False,False,True
KL_0313,Kozhikode,Kozhikode,Vadakkeveli,11.241884,75.725505,urban,127,1.64,True,2024,1,2024-01-01,20469.6,24935.87,213.4,204.75,21.82,True,0.812,0.7854,196.35,False,False,True
KL_0313,Kozhikode,Kozhikode,Vadakkeveli,11.241884,75.725505,urban,127,1.64,True,2024,2,2024-02-01,26709.78,34979.73,222.1,276.64,30.96,True,0.926,1.1017,275.43,False,False,True
KL_0313,Kozhikode,Kozhikode,Vadakkeveli,11.241884,75.725505,urban,127,1.64,True,2024,3,2024-03-01,28749.05,37957.14,220.0,281.53,32.03,True,0.84,1.1955,298.88,True,False,False
KL_0313,Kozhikode,Kozhikode,Vadakkeveli,11.241884,75.725505,urban,127,1.64,True,2024,4,2024-04-01,33488.78,43407.8,217.5,342.31,29.62,True,0.902,1.3672,341.79,True,False,False
KL_0313,Kozhikode,Kozhikode,Vadakkeveli,11.241884,75.725505,urban,127,1.64,True,2024,5,2024-05-01,28776.51,38343.84,212.3,289.93,33.25,True,0.796,1.2077,301.92,True,False,False
KL_0313,Kozhikode,Kozhikode,Vadakkeveli,11.241884,75.725505,urban,127,1.64,True,2024,6,2024-06-01,32015.79,32015.79,238.6,184.46,0.0,False,0.849,1.0084,252.09,False,True,False
KL_0313,Kozhikode,Kozhikode,Vadakkeveli,11.241884,75.725505,urban,127,1.64,True,2024,7,2024-07-01,25400.93,33600.62,228.0,235.64,32.28,True,0.769,1.0583,264.57,False,True,False
KL_0313,Kozhikode,Kozhikode,Vadakkeveli,11.241884,75.725505,urban,127,1.64,True,2024,8,2024-08-01,15971.65,20001.74,216.3,142.52,25.23,True,0.851,0.63,157.49,False,True,False
KL_0313,Kozhikode,Kozhikode,Vadakkeveli,11.241884,75.725505,urban,127,1.64,True,2024,9,2024-09-01,19496.38,25313.47,208.5,214.38,29.84,True,0.889,0.7973,199.32,False,True,False
KL_0313,Kozhikode,Kozhikode,Vadakkeveli,11.241884,75.725505,urban,127,1.64,True,2024,10,2024-10-01,33214.07,47649.34,212.4,352.35,43.46,True,0.898,1.5008,375.19,False,False,False
KL_0313,Kozhikode,Kozhikode,Vadakkeveli,11.241884,75.725505,urban,127,1.64,True,2024,11,2024-11-01,28544.29,35710.27,219.8,256.85,25.1,True,0.85,1.1247,281.18,False,False,False
KL_0313,Kozhikode,Kozhikode,Vadakkeveli,11.241884,75.725505,urban,127,1.64,True,2024,12,2024-12-01,24087.39,34531.77,208.2,290.83,43.36,True,0.832,1.0876,271.9,False,False,True
KL_0314,Thrissur,Kunnamkulam,Nallathara,10.482938,76.160555,rural,18,20.24,False,2023,1,2023-01-01,1609.6,1609.6,227.9,9.06,0.0,False,0.854,0.3577,89.42,False,False,True
KL_0314,Thrissur,Kunnamkulam,Nallathara,10.482938,76.160555,rural,18,20.24,False,2023,2,2023-02-01,673.27,673.27,221.1,4.61,0.0,False,0.821,0.1496,37.4,False,False,True
KL_0314,Thrissur,Kunnamkulam,Nallathara,10.482938,76.160555,rural,18,20.24,False,2023,3,2023-03-01,2085.41,2085.41,229.7,12.42,0.0,False,0.821,0.4634,115.86,True,False,False
KL_0314,Thrissur,Kunnamkulam,Nallathara,10.482938,76.160555,rural,18,20.24,False,2023,4,2023-04-01,1327.26,1327.26,216.5,9.22,0.0,False,0.83,0.2949,73.74,True,False,False
KL_0314,Thrissur,Kunnamkulam,Nallathara,10.482938,76.160555,rural,18,20.24,False,2023,5,2023-05-01,1926.41,1926.41,234.7,12.38,0.0,False,0.861,0.4281,107.02,True,False,False
KL_0314,Thrissur,Kunnamkulam,Nallathara,10.482938,76.160555,rural,18,20.24,False,2023,6,2023-06-01,2048.28,2048.28,230.4,12.71,0.0,False,0.922,0.4552,113.79,False,True,False
KL_0314,Thrissur,Kunnamkulam,Nallathara,10.482938,76.160555,rural,18,20.24,False,2023,7,2023-07-01,2226.94,2226.94,218.7,13.74,0.0,False,0.915,0.4949,123.72,False,True,False
KL_0314,Thrissur,Kunnamkulam,Nallathara,10.482938,76.160555,rural,18,20.24,False,2023,8,2023-08-01,554.25,554.25,212.6,3.48,0.0,False,0.834,0.1232,30.79,False,True,False
KL_0314,Thrissur,Kunnamkulam,Nallathara,10.482938,76.160555,rural,18,20.24,False,2023,9,2023-09-01,2312.12,2312.12,226.3,14.19,0.0,False,0.809,0.5138,128.45,False,True,False
KL_0314,Thrissur,Kunnamkulam,Nallathara,10.482938,76.160555,rural,18,20.24,False,2023,10,2023-10-01,1441.4,1441.4,216.8,8.32,0.0,False,0.813,0.3203,80.08,False,False,False
KL_0314,Thrissur,Kunnamkulam,Nallathara,10.482938,76.160555,rural,18,20.24,False,2023,11,2023-11-01,1281.22,1281.22,234.0,7.75,0.0,False,0.776,0.2847,71.18,False,False,False
KL_0314,Thrissur,Kunnamkulam,Nallathara,10.482938,76.160555,rural,18,20.24,False,2023,12,2023-12-01,1226.27,1226.27,229.5,6.89,0.0,False,0.886,0.2725,68.13,False,False,True
KL_0314,Thrissur,Kunnamkulam,Nallathara,10.482938,76.160555,rural,18,20.24,False,2024,1,2024-01-01,1279.85,1279.85,220.4,8.17,0.0,False,0.78,0.2844,71.1,False,False,True
KL_0314,Thrissur,Kunnamkulam,Nallathara,10.482938,76.160555,rural,18,20.24,False,2024,2,2024-02-01,1271.33,1271.33,227.1,7.16,0.0,False,0.737,0.2825,70.63,False,False,True
KL_0314,Thrissur,Kunnamkulam,Nallathara,10.482938,76.160555,rural,18,20.24,False,2024,3,2024-03-01,1216.7,1216.7,233.8,7.76,0.0,False,0.886,0.2704,67.59,True,False,False
KL_0314,Thrissur,Kunnamkulam,Nallathara,10.482938,76.160555,rural,18,20.24,False,2024,4,2024-04-01,2419.93,2419.93,231.5,13.08,0.0,False,0.884,0.5378,134.44,True,False,False
KL_0314,Thrissur,Kunnamkulam,Nallathara,10.482938,76.160555,rural,18,20.24,False,2024,5,2024-05-01,1269.75,1269.75,227.1,8.1,0.0,False,0.796,0.2822,70.54,True,False,False
KL_0314,Thrissur,Kunnamkulam,Nallathara,10.482938,76.160555,rural,18,20.24,False,2024,6,2024-06-01,1433.17,1433.17,222.7,8.59,0.0,False,0.865,0.3185,79.62,False,True,False
KL_0314,Thrissur,Kunnamkulam,Nallathara,10.482938,76.160555,rural,18,20.24,False,2024,7,2024-07-01,1243.86,1243.86,214.4,7.52,0.0,False,0.784,0.2764,69.1,False,True,False
KL_0314,Thrissur,Kunnamkulam,Nallathara,10.482938,76.160555,rural,18,20.24,False,2024,8,2024-08-01,814.96,814.96,238.0,4.69,0.0,False,0.845,0.1811,45.28,False,True,False
KL_0314,Thrissur,Kunnamkulam,Nallathara,10.482938,76.160555,rural,18,20.24,False,2024,9,2024-09-01,893.14,893.14,235.0,4.91,0.0,False,0.868,0.1985,49.62,False,True,False
KL_0314,Thrissur,Kunnamkulam,Nallathara,10.482938,76.160555,rural,18,20.24,False,2024,10,2024-10-01,2477.02,2477.02,218.5,16.63,0.0,False,0.885,0.5504,137.61,False,False,False
KL_0314,Thrissur,Kunnamkulam,Nallathara,10.482938,76.160555,rural,18,20.24,False,2024,11,2024-11-01,1800.97,1800.97,224.3,11.94,0.0,False,0.87,0.4002,100.05,False,False,False
KL_0314,Thrissur,Kunnamkulam,Nallathara,10.482938,76.160555,rural,18,20.24,False,2024,12,2024-12-01,1195.69,1195.69,223.4,7.5,0.0,False,0.755,0.2657,66.43,False,False,True
KL_0315,Thrissur,Irinjalakuda,Pallikavu,10.704216,76.335927,rural,112,10.92,False,2023,1,2023-01-01,8725.0,8725.0,240.9,46.7,0.0,False,0.865,0.3116,77.9,False,False,True
KL_0315,Thrissur,Irinjalakuda,Pallikavu,10.704216,76.335927,rural,112,10.92,False,2023,2,2023-02-01,6812.11,6812.11,219.8,47.23,0.0,False,0.959,0.2433,60.82,False,False,True
KL_0315,Thrissur,Irinjalakuda,Pallikavu,10.704216,76.335927,rural,112,10.92,False,2023,3,2023-03-01,13403.43,13403.43,234.5,81.03,0.0,False,0.87,0.4787,119.67,True,False,False
KL_0315,Thrissur,Irinjalakuda,Pallikavu,10.704216,76.335927,rural,112,10.92,False,2023,4,2023-04-01,7865.51,7865.51,224.6,44.09,0.0,False,0.781,0.2809,70.23,True,False,False
KL_0315,Thrissur,Irinjalakuda,Pallikavu,10.704216,76.335927,rural,112,10.92,False,2023,5,2023-05-01,16073.75,16073.75,235.5,96.95,0.0,False,0.814,0.5741,143.52,True,False,False
KL_0315,Thrissur,Irinjalakuda,Pallikavu,10.704216,76.335927,rural,112,10.92,False,2023,6,2023-06-01,8262.68,8262.68,248.0,50.72,0.0,False,0.824,0.2951,73.77,False,True,False
KL_0315,Thrissur,Irinjalakuda,Pallikavu,10.704216,76.335927,rural,112,10.92,False,2023,7,2023-07-01,7834.63,7834.63,241.3,46.06,0.0,False,0.733,0.2798,69.95,False,True,False
KL_0315,Thrissur,Irinjalakuda,Pallikavu,10.704216,76.335927,rural,112,10.92,False,2023,8,2023-08-01,6511.94,6511.94,221.8,43.4,0.0,False,0.855,0.2326,58.14,False,True,False
KL_0315,Thrissur,Irinjalakuda,Pallikavu,10.704216,76.335927,rural,112,10.92,False,2023,9,2023-09-01,8948.47,8948.47,238.4,56.83,0.0,False,0.832,0.3196,79.9,False,True,False
KL_0315,Thrissur,Irinjalakuda,Pallikavu,10.704216,76.335927,rural,112,10.92,False,2023,10,2023-10-01,7321.85,7321.85,229.2,42.09,0.0,False,0.835,0.2615,65.37,False,False,False
KL_0315,Thrissur,Irinjalakuda,Pallikavu,10.704216,76.335927,rural,112,10.92,False,2023,11,2023-11-01,9591.03,9591.03,223.4,60.02,0.0,False,0.844,0.3425,85.63,False,False,False
KL_0315,Thrissur,Irinjalakuda,Pallikavu,10.704216,76.335927,rural,112,10.92,False,2023,12,2023-12-01,4590.08,4590.08,225.3,27.08,0.0,False,0.814,0.1639,40.98,False,False,True
KL_0315,Thrissur,Irinjalakuda,Pallikavu,10.704216,76.335927,rural,112,10.92,False,2024,1,2024-01-01,6548.16,6548.16,219.8,40.01,0.0,False,0.893,0.2339,58.47,False,False,True
KL_0315,Thrissur,Irinjalakuda,Pallikavu,10.704216,76.335927,rural,112,10.92,False,2024,2,2024-02-01,11908.94,11908.94,235.3,70.42,0.0,False,0.859,0.4253,106.33,False,False,True
KL_0315,Thrissur,Irinjalakuda,Pallikavu,10.704216,76.335927,rural,112,10.92,False,2024,3,2024-03-01,6988.24,6988.24,228.9,40.46,0.0,False,0.823,0.2496,62.4,True,False,False
KL_0315,Thrissur,Irinjalakuda,Pallikavu,10.704216,76.335927,rural,112,10.92,False,2024,4,2024-04-01,10026.19,10026.19,229.4,63.72,0.0,False,0.872,0.3581,89.52,True,False,False
KL_0315,Thrissur,Irinjalakuda,Pallikavu,10.704216,76.335927,rural,112,10.92,False,2024,5,2024-05-01,17423.87,17423.87,239.5,92.1,0.0,False,0.868,0.6223,155.57,True,False,False
KL_0315,Thrissur,Irinjalakuda,Pallikavu,10.704216,76.335927,rural,112,10.92,False,2024,6,2024-06-01,14174.58,14174.58,225.8,81.85,0.0,False,0.802,0.5062,126.56,False,True,False
KL_0315,Thrissur,Irinjalakuda,Pallikavu,10.704216,76.335927,rural,112,10.92,False,2024,7,2024-07-01,6483.48,6483.48,224.9,43.84,0.0,False,0.841,0.2316,57.89,False,True,False
KL_0315,Thrissur,Irinjalakuda,Pallikavu,10.704216,76.335927,rural,112,10.92,False,2024,8,2024-08-01,7256.79,7256.79,224.1,43.81,0.0,False,0.841,0.2592,64.79,False,True,False
KL_0315,Thrissur,Irinjalakuda,Pallikavu,10.704216,76.335927,rural,112,10.92,False,2024,9,2024-09-01,6537.15,6537.15,223.4,44.68,0.0,False,0.821,0.2335,58.37,False,True,False
KL_0315,Thrissur,Irinjalakuda,Pallikavu,10.704216,76.335927,rural,112,10.92,False,2024,10,2024-10-01,9172.52,9172.52,245.1,49.85,0.0,False,0.782,0.3276,81.9,False,False,False
KL_0315,Thrissur,Irinjalakuda,Pallikavu,10.704216,76.335927,rural,112,10.92,False,2024,11,2024-11-01,12025.99,12025.99,222.3,70.27,0.0,False,0.819,0.4295,107.37,False,False,False
KL_0315,Thrissur,Irinjalakuda,Pallikavu,10.704216,76.335927,rural,112,10.92,False,2024,12,2024-12-01,10628.19,10628.19,226.9,60.26,0.0,False,0.913,0.3796,94.89,False,False,True
KL_0316,Alappuzha,Kayamkulam,Padamkunnu,9.209263,76.691313,rural,34,16.31,True,2023,1,2023-01-01,3443.68,3443.68,208.0,21.96,0.0,False,0.818,0.4051,101.28,False,False,True
KL_0316,Alappuzha,Kayamkulam,Padamkunnu,9.209263,76.691313,rural,34,16.31,True,2023,2,2023-02-01,2293.96,2293.96,217.1,14.15,0.0,False,0.895,0.2699,67.47,False,False,True
KL_0316,Alappuzha,Kayamkulam,Padamkunnu,9.209263,76.691313,rural,34,16.31,True,2023,3,2023-03-01,908.87,908.87,216.9,6.34,0.0,False,0.848,0.1069,26.73,True,False,False
KL_0316,Alappuzha,Kayamkulam,Padamkunnu,9.209263,76.691313,rural,34,16.31,True,2023,4,2023-04-01,3368.41,3368.41,236.2,19.68,0.0,False,0.858,0.3963,99.07,True,False,False
KL_0316,Alappuzha,Kayamkulam,Padamkunnu,9.209263,76.691313,rural,34,16.31,True,2023,5,2023-05-01,5657.96,5657.96,218.8,34.58,0.0,False,0.789,0.6656,166.41,True,False,False
KL_0316,Alappuzha,Kayamkulam,Padamkunnu,9.209263,76.691313,rural,34,16.31,True,2023,6,2023-06-01,4544.05,4544.05,212.3,29.11,0.0,False,0.908,0.5346,133.65,False,True,False
KL_0316,Alappuzha,Kayamkulam,Padamkunnu,9.209263,76.691313,rural,34,16.31,True,2023,7,2023-07-01,2022.51,2022.51,230.0,11.47,0.0,False,0.953,0.2379,59.49,False,True,False
KL_0316,Alappuzha,Kayamkulam,Padamkunnu,9.209263,76.691313,rural,34,16.31,True,2023,8,2023-08-01,1367.44,1367.44,234.7,7.38,0.0,False,0.815,0.1609,40.22,False,True,False
KL_0316,Alappuzha,Kayamkulam,Padamkunnu,9.209263,76.691313,rural,34,16.31,True,2023,9,2023-09-01,2549.02,2549.02,220.3,17.34,0.0,False,0.915,0.2999,74.97,False,True,False
KL_0316,Alappuzha,Kayamkulam,Padamkunnu,9.209263,76.691313,rural,34,16.31,True,2023,10,2023-10-01,3982.55,3982.55,220.2,23.44,0.0,False,0.787,0.4685,117.13,False,False,False
KL_0316,Alappuzha,Kayamkulam,Padamkunnu,9.209263,76.691313,rural,34,16.31,True,2023,11,2023-11-01,2978.09,2978.09,250.0,16.23,0.0,False,0.847,0.3504,87.59,False,False,False
KL_0316,Alappuzha,Kayamkulam,Padamkunnu,9.209263,76.691313,rural,34,16.31,True,2023,12,2023-12-01,3423.32,3423.32,242.4,18.23,0.0,False,0.791,0.4027,100.69,False,False,True
KL_0316,Alappuzha,Kayamkulam,Padamkunnu,9.209263,76.691313,rural,34,16.31,True,2024,1,2024-01-01,2615.77,2615.77,213.1,16.77,0.0,False,0.869,0.3077,76.93,False,False,True
KL_0316,Alappuzha,Kayamkulam,Padamkunnu,9.209263,76.691313,rural,34,16.31,True,2024,2,2024-02-01,2149.96,2149.96,239.0,13.3,0.0,False,0.84,0.2529,63.23,False,False,True
KL_0316,Alappuzha,Kayamkulam,Padamkunnu,9.209263,76.691313,rural,34,16.31,True,2024,3,2024-03-01,3343.28,3343.28,222.8,21.42,0.0,False,0.847,0.3933,98.33,True,False,False
KL_0316,Alappuzha,Kayamkulam,Padamkunnu,9.209263,76.691313,rural,34,16.31,True,2024,4,2024-04-01,4261.2,4261.2,226.8,26.2,0.0,False,0.916,0.5013,125.33,True,False,False
KL_0316,Alappuzha,Kayamkulam,Padamkunnu,9.209263,76.691313,rural,34,16.31,True,2024,5,2024-05-01,4573.35,4573.35,224.4,29.65,0.0,False,0.912,0.538,134.51,True,False,False
KL_0316,Alappuzha,Kayamkulam,Padamkunnu,9.209263,76.691313,rural,34,16.31,True,2024,6,2024-06-01,2781.68,2781.68,229.3,16.22,0.0,False,0.841,0.3273,81.81,False,True,False
KL_0316,Alappuzha,Kayamkulam,Padamkunnu,9.209263,76.691313,rural,34,16.31,True,2024,7,2024-07-01,2140.34,2140.34,241.7,13.37,0.0,False,0.905,0.2518,62.95,False,True,False
KL_0316,Alappuzha,Kayamkulam,Padamkunnu,9.209263,76.691313,rural,34,16.31,True,2024,8,2024-08-01,3439.21,3439.21,225.9,22.06,0.0,False,0.908,0.4046,101.15,False,True,False
KL_0316,Alappuzha,Kayamkulam,Padamkunnu,9.209263,76.691313,rural,34,16.31,True,2024,9,2024-09-01,3128.55,3128.55,237.5,18.34,0.0,False,0.905,0.3681,92.02,False,True,False
KL_0316,Alappuzha,Kayamkulam,Padamkunnu,9.209263,76.691313,rural,34,16.31,True,2024,10,2024-10-01,1723.37,1723.37,230.7,10.57,0.0,False,0.857,0.2027,50.69,False,False,False
KL_0316,Alappuzha,Kayamkulam,Padamkunnu,9.209263,76.691313,rural,34,16.31,True,2024,11,2024-11-01,2150.91,2150.91,237.9,11.8,0.0,False,0.867,0.253,63.26,False,False,False
KL_0316,Alappuzha,Kayamkulam,Padamkunnu,9.209263,76.691313,rural,34,16.31,True,2024,12,2024-12-01,2244.85,2244.85,232.3,12.51,0.0,False,0.836,0.2641,66.02,False,False,True
KL_0317,Thiruvananthapuram,Attingal,Pettavayal,8.318204,76.721547,semi-urban,22,7.18,False,2023,1,2023-01-01,3778.46,3778.46,224.6,22.03,0.0,False,0.967,0.687,171.75,False,False,True
KL_0317,Thiruvananthapuram,Attingal,Pettavayal,8.318204,76.721547,semi-urban,22,7.18,False,2023,2,2023-02-01,3758.85,3758.85,232.6,23.45,0.0,False,0.87,0.6834,170.86,False,False,True
KL_0317,Thiruvananthapuram,Attingal,Pettavayal,8.318204,76.721547,semi-urban,22,7.18,False,2023,3,2023-03-01,2031.7,2031.7,204.7,14.65,0.0,False,0.846,0.3694,92.35,True,False,False
KL_0317,Thiruvananthapuram,Attingal,Pettavayal,8.318204,76.721547,semi-urban,22,7.18,False,2023,4,2023-04-01,1690.54,1690.54,223.7,10.67,0.0,False,0.875,0.3074,76.84,True,False,False
KL_0317,Thiruvananthapuram,Attingal,Pettavayal,8.318204,76.721547,semi-urban,22,7.18,False,2023,5,2023-05-01,3458.39,3458.39,230.0,22.25,0.0,False,0.864,0.6288,157.2,True,False,False
KL_0317,Thiruvananthapuram,Attingal,Pettavayal,8.318204,76.721547,semi-urban,22,7.18,False,2023,6,2023-06-01,4175.09,4175.09,245.6,24.5,0.0,False,0.953,0.7591,189.78,False,True,False
KL_0317,Thiruvananthapuram,Attingal,Pettavayal,8.318204,76.721547,semi-urban,22,7.18,False,2023,7,2023-07-01,1904.28,1904.28,245.2,11.16,0.0,False,0.849,0.3462,86.56,False,True,False
KL_0317,Thiruvananthapuram,Attingal,Pettavayal,8.318204,76.721547,semi-urban,22,7.18,False,2023,8,2023-08-01,3514.86,3514.86,219.1,22.68,0.0,False,0.888,0.6391,159.77,False,True,False
KL_0317,Thiruvananthapuram,Attingal,Pettavayal,8.318204,76.721547,semi-urban,22,7.18,False,2023,9,2023-09-01,3938.92,3938.92,223.3,23.47,0.0,False,0.844,0.7162,179.04,False,True,False
KL_0317,Thiruvananthapuram,Attingal,Pettavayal,8.318204,76.721547,semi-urban,22,7.18,False,2023,10,2023-10-01,4243.67,4243.67,251.1,23.27,0.0,False,0.766,0.7716,192.89,False,False,False
KL_0317,Thiruvananthapuram,Attingal,Pettavayal,8.318204,76.721547,semi-urban,22,7.18,False,2023,11,2023-11-01,3708.09,3708.09,232.6,22.48,0.0,False,0.85,0.6742,168.55,False,False,False
KL_0317,Thiruvananthapuram,Attingal,Pettavayal,8.318204,76.721547,semi-urban,22,7.18,False,2023,12,2023-12-01,3983.82,3983.82,230.3,22.35,0.0,False,0.893,0.7243,181.08,False,False,True
KL_0317,Thiruvananthapuram,Attingal,Pettavayal,8.318204,76.721547,semi-urban,22,7.18,False,2024,1,2024-01-01,2708.34,2708.34,235.9,17.28,0.0,False,0.857,0.4924,123.11,False,False,True
KL_0317,Thiruvananthapuram,Attingal,Pettavayal,8.318204,76.721547,semi-urban,22,7.18,False,2024,2,2024-02-01,3829.88,3829.88,226.2,24.01,0.0,False,0.792,0.6963,174.09,False,False,True
KL_0317,Thiruvananthapuram,Attingal,Pettavayal,8.318204,76.721547,semi-urban,22,7.18,False,2024,3,2024-03-01,2428.17,2428.17,225.2,16.21,0.0,False,0.929,0.4415,110.37,True,False,False
KL_0317,Thiruvananthapuram,Attingal,Pettavayal,8.318204,76.721547,semi-urban,22,7.18,False,2024,4,2024-04-01,2822.21,2822.21,221.3,17.43,0.0,False,0.791,0.5131,128.28,True,False,False
KL_0317,Thiruvananthapuram,Attingal,Pettavayal,8.318204,76.721547,semi-urban,22,7.18,False,2024,5,2024-05-01,4720.76,4720.76,220.8,29.7,0.0,False,0.811,0.8583,214.58,True,False,False
KL_0317,Thiruvananthapuram,Attingal,Pettavayal,8.318204,76.721547,semi-urban,22,7.18,False,2024,6,2024-06-01,3572.22,3572.22,223.8,23.32,0.0,False,0.794,0.6495,162.37,False,True,False
KL_0317,Thiruvananthapuram,Attingal,Pettavayal,8.318204,76.721547,semi-urban,22,7.18,False,2024,7,2024-07-01,2736.15,2736.15,225.1,15.79,0.0,False,0.798,0.4975,124.37,False,True,False
KL_0317,Thiruvananthapuram,Attingal,Pettavayal,8.318204,76.721547,semi-urban,22,7.18,False,2024,8,2024-08-01,2763.83,2763.83,229.5,15.49,0.0,False,0.852,0.5025,125.63,False,True,False
KL_0317,Thiruvananthapuram,Attingal,Pettavayal,8.318204,76.721547,semi-urban,22,7.18,False,2024,9,2024-09-01,2232.53,2232.53,225.9,12.62,0.0,False,0.881,0.4059,101.48,False,True,False
KL_0317,Thiruvananthapuram,Attingal,Pettavayal,8.318204,76.721547,semi-urban,22,7.18,False,2024,10,2024-10-01,2843.42,2843.42,227.3,16.84,0.0,False,0.821,0.517,129.25,False,False,False
KL_0317,Thiruvananthapuram,Attingal,Pettavayal,8.318204,76.721547,semi-urban,22,7.18,False,2024,11,2024-11-01,3615.61,3615.61,217.3,22.87,0.0,False,0.878,0.6574,164.35,False,False,False
KL_0317,Thiruvananthapuram,Attingal,Pettavayal,8.318204,76.721547,semi-urban,22,7.18,False,2024,12,2024-12-01,1962.01,1962.01,232.4,11.89,0.0,False,0.888,0.3567,89.18,False,False,True
KL_0318,Pathanamthitta,Adoor,Padammukku,9.572968,76.865147,urban,71,1.41,False,2023,1,2023-01-01,13028.94,13028.94,218.3,87.99,0.0,False,0.834,0.734,183.51,False,False,True
KL_0318,Pathanamthitta,Adoor,Padammukku,9.572968,76.865147,urban,71,1.41,False,2023,2,2023-02-01,14911.76,14911.76,217.8,102.35,0.0,False,0.774,0.8401,210.02,False,False,True
KL_0318,Pathanamthitta,Adoor,Padammukku,9.572968,76.865147,urban,71,1.41,False,2023,3,2023-03-01,12491.82,12491.82,241.2,68.64,0.0,False,0.926,0.7038,175.94,True,False,False
KL_0318,Pathanamthitta,Adoor,Padammukku,9.572968,76.865147,urban,71,1.41,False,2023,4,2023-04-01,12317.94,12317.94,224.8,71.09,0.0,False,0.816,0.694,173.49,True,False,False
KL_0318,Pathanamthitta,Adoor,Padammukku,9.572968,76.865147,urban,71,1.41,False,2023,5,2023-05-01,17084.65,17084.65,221.3,111.58,0.0,False,0.739,0.9625,240.63,True,False,False
KL_0318,Pathanamthitta,Adoor,Padammukku,9.572968,76.865147,urban,71,1.41,False,2023,6,2023-06-01,15086.88,15086.88,223.9,92.76,0.0,False,0.831,0.85,212.49,False,True,False
KL_0318,Pathanamthitta,Adoor,Padammukku,9.572968,76.865147,urban,71,1.41,False,2023,7,2023-07-01,14467.26,14467.26,238.1,84.7,0.0,False,0.879,0.8151,203.76,False,True,False
KL_0318,Pathanamthitta,Adoor,Padammukku,9.572968,76.865147,urban,71,1.41,False,2023,8,2023-08-01,17565.24,17565.24,225.5,114.45,0.0,False,0.887,0.9896,247.4,False,True,False
KL_0318,Pathanamthitta,Adoor,Padammukku,9.572968,76.865147,urban,71,1.41,False,2023,9,2023-09-01,7820.47,7820.47,240.8,43.9,0.0,False,0.793,0.4406,110.15,False,True,False
KL_0318,Pathanamthitta,Adoor,Padammukku,9.572968,76.865147,urban,71,1.41,False,2023,10,2023-10-01,15178.55,15178.55,222.5,86.52,0.0,False,0.758,0.8551,213.78,False,False,False
KL_0318,Pathanamthitta,Adoor,Padammukku,9.572968,76.865147,urban,71,1.41,False,2023,11,2023-11-01,11510.66,11510.66,228.3,72.82,0.0,False,0.865,0.6485,162.12,False,False,False
KL_0318,Pathanamthitta,Adoor,Padammukku,9.572968,76.865147,urban,71,1.41,False,2023,12,2023-12-01,15964.74,15964.74,220.4,97.22,0.0,False,0.876,0.8994,224.86,False,False,True
KL_0318,Pathanamthitta,Adoor,Padammukku,9.572968,76.865147,urban,71,1.41,False,2024,1,2024-01-01,12324.57,12324.57,226.3,71.08,0.0,False,0.906,0.6943,173.59,False,False,True
KL_0318,Pathanamthitta,Adoor,Padammukku,9.572968,76.865147,urban,71,1.41,False,2024,2,2024-02-01,14383.9,14383.9,230.0,87.69,0.0,False,0.9,0.8104,202.59,False,False,True
KL_0318,Pathanamthitta,Adoor,Padammukku,9.572968,76.865147,urban,71,1.41,False,2024,3,2024-03-01,10806.78,10806.78,225.7,66.24,0.0,False,0.857,0.6088,152.21,True,False,False
KL_0318,Pathanamthitta,Adoor,Padammukku,9.572968,76.865147,urban,71,1.41,False,2024,4,2024-04-01,18282.69,18282.69,214.9,112.92,0.0,False,0.804,1.03,257.5,True,False,False
KL_0318,Pathanamthitta,Adoor,Padammukku,9.572968,76.865147,urban,71,1.41,False,2024,5,2024-05-01,14375.05,14375.05,223.7,88.79,0.0,False,0.826,0.8099,202.47,True,False,False
KL_0318,Pathanamthitta,Adoor,Padammukku,9.572968,76.865147,urban,71,1.41,False,2024,6,2024-06-01,12604.09,12604.09,231.6,68.22,0.0,False,0.838,0.7101,177.52,False,True,False
KL_0318,Pathanamthitta,Adoor,Padammukku,9.572968,76.865147,urban,71,1.41,False,2024,7,2024-07-01,13797.55,13797.55,218.0,92.69,0.0,False,0.804,0.7773,194.33,False,True,False
KL_0318,Pathanamthitta,Adoor,Padammukku,9.572968,76.865147,urban,71,1.41,False,2024,8,2024-08-01,7621.58,7621.58,231.3,44.88,0.0,False,0.904,0.4294,107.35,False,True,False
KL_0318,Pathanamthitta,Adoor,Padammukku,9.572968,76.865147,urban,71,1.41,False,2024,9,2024-09-01,17889.2,17889.2,236.2,103.74,0.0,False,0.901,1.0078,251.96,False,True,False
KL_0318,Pathanamthitta,Adoor,Padammukku,9.572968,76.865147,urban,71,1.41,False,2024,10,2024-10-01,12134.39,12134.39,229.9,79.12,0.0,False,0.78,0.6836,170.91,False,False,False
KL_0318,Pathanamthitta,Adoor,Padammukku,9.572968,76.865147,urban,71,1.41,False,2024,11,2024-11-01,14810.98,14810.98,235.4,92.6,0.0,False,0.834,0.8344,208.61,False,False,False
KL_0318,Pathanamthitta,Adoor,Padammukku,9.572968,76.865147,urban,71,1.41,False,2024,12,2024-12-01,14938.68,14938.68,232.3,91.03,0.0,False,0.953,0.8416,210.4,False,False,True
KL_0319,Thrissur,Kunnamkulam,Padamthara,10.711665,76.307162,urban,73,2.89,False,2023,1,2023-01-01,9619.41,9619.41,232.3,59.37,0.0,False,0.908,0.5271,131.77,False,False,True
KL_0319,Thrissur,Kunnamkulam,Padamthara,10.711665,76.307162,urban,73,2.89,False,2023,2,2023-02-01,8344.86,8344.86,225.0,52.36,0.0,False,0.859,0.4573,114.31,False,False,True
KL_0319,Thrissur,Kunnamkulam,Padamthara,10.711665,76.307162,urban,73,2.89,False,2023,3,2023-03-01,16068.11,16068.11,220.7,102.15,0.0,False,0.905,0.8804,220.11,True,False,False
KL_0319,Thrissur,Kunnamkulam,Padamthara,10.711665,76.307162,urban,73,2.89,False,2023,4,2023-04-01,15206.99,15206.99,230.5,84.2,0.0,False,0.932,0.8333,208.31,True,False,False
KL_0319,Thrissur,Kunnamkulam,Padamthara,10.711665,76.307162,urban,73,2.89,False,2023,5,2023-05-01,24271.99,24271.99,216.0,166.79,0.0,False,0.855,1.33,332.49,True,False,False
KL_0319,Thrissur,Kunnamkulam,Padamthara,10.711665,76.307162,urban,73,2.89,False,2023,6,2023-06-01,13666.93,13666.93,233.6,82.09,0.0,False,0.782,0.7489,187.22,False,True,False
KL_0319,Thrissur,Kunnamkulam,Padamthara,10.711665,76.307162,urban,73,2.89,False,2023,7,2023-07-01,19111.02,19111.02,233.2,112.82,0.0,False,0.893,1.0472,261.79,False,True,False
KL_0319,Thrissur,Kunnamkulam,Padamthara,10.711665,76.307162,urban,73,2.89,False,2023,8,2023-08-01,11192.01,11192.01,229.0,74.64,0.0,False,0.896,0.6133,153.32,False,True,False
KL_0319,Thrissur,Kunnamkulam,Padamthara,10.711665,76.307162,urban,73,2.89,False,2023,9,2023-09-01,13504.44,13504.44,229.5,81.44,0.0,False,0.8,0.74,184.99,False,True,False
KL_0319,Thrissur,Kunnamkulam,Padamthara,10.711665,76.307162,urban,73,2.89,False,2023,10,2023-10-01,21223.16,21223.16,226.4,139.49,0.0,False,0.863,1.1629,290.73,False,False,False
KL_0319,Thrissur,Kunnamkulam,Padamthara,10.711665,76.307162,urban,73,2.89,False,2023,11,2023-11-01,15819.16,15819.16,222.5,94.02,0.0,False,0.81,0.8668,216.7,False,False,False
KL_0319,Thrissur,Kunnamkulam,Padamthara,10.711665,76.307162,urban,73,2.89,False,2023,12,2023-12-01,14571.33,14571.33,220.2,89.53,0.0,False,0.768,0.7984,199.61,False,False,True
KL_0319,Thrissur,Kunnamkulam,Padamthara,10.711665,76.307162,urban,73,2.89,False,2024,1,2024-01-01,13122.32,13122.32,231.6,72.56,0.0,False,0.861,0.719,179.76,False,False,True
KL_0319,Thrissur,Kunnamkulam,Padamthara,10.711665,76.307162,urban,73,2.89,False,2024,2,2024-02-01,8102.88,8102.88,236.5,50.47,0.0,False,0.923,0.444,111.0,False,False,True
KL_0319,Thrissur,Kunnamkulam,Padamthara,10.711665,76.307162,urban,73,2.89,False,2024,3,2024-03-01,12249.64,12249.64,232.7,67.61,0.0,False,0.866,0.6712,167.8,True,False,False
KL_0319,Thrissur,Kunnamkulam,Padamthara,10.711665,76.307162,urban,73,2.89,False,2024,4,2024-04-01,23263.66,23263.66,240.4,132.53,0.0,False,0.859,1.2747,318.68,True,False,False
KL_0319,Thrissur,Kunnamkulam,Padamthara,10.711665,76.307162,urban,73,2.89,False,2024,5,2024-05-01,21695.29,21695.29,225.3,144.5,0.0,False,0.783,1.1888,297.2,True,False,False
KL_0319,Thrissur,Kunnamkulam,Padamthara,10.711665,76.307162,urban,73,2.89,False,2024,6,2024-06-01,10425.34,10425.34,230.8,57.82,0.0,False,0.881,0.5713,142.81,False,True,False
KL_0319,Thrissur,Kunnamkulam,Padamthara,10.711665,76.307162,urban,73,2.89,False,2024,7,2024-07-01,10828.57,10828.57,219.0,69.88,0.0,False,0.822,0.5933,148.34,False,True,False
KL_0319,Thrissur,Kunnamkulam,Padamthara,10.711665,76.307162,urban,73,2.89,False,2024,8,2024-08-01,10360.05,10360.05,217.2,61.36,0.0,False,0.811,0.5677,141.92,False,True,False
KL_0319,Thrissur,Kunnamkulam,Padamthara,10.711665,76.307162,urban,73,2.89,False,2024,9,2024-09-01,13461.63,13461.63,206.9,96.01,0.0,False,0.894,0.7376,184.41,False,True,False
KL_0319,Thrissur,Kunnamkulam,Padamthara,10.711665,76.307162,urban,73,2.89,False,2024,10,2024-10-01,12548.17,12548.17,248.9,73.38,0.0,False,0.789,0.6876,171.89,False,False,False
KL_0319,Thrissur,Kunnamkulam,Padamthara,10.711665,76.307162,urban,73,2.89,False,2024,11,2024-11-01,16759.11,16759.11,232.7,90.95,0.0,False,0.839,0.9183,229.58,False,False,False
KL_0319,Thrissur,Kunnamkulam,Padamthara,10.711665,76.307162,urban,73,2.89,False,2024,12,2024-12-01,11443.2,11443.2,234.7,67.66,0.0,False,0.793,0.627,156.76,False,False,True
KL_0320,Wayanad,Vythiri,Vadakkepara,11.622774,75.506631,semi-urban,125,11.54,False,2023,1,2023-01-01,15249.62,15249.62,232.8,94.25,0.0,False,0.835,0.488,122.0,False,False,True
KL_0320,Wayanad,Vythiri,Vadakkepara,11.622774,75.506631,semi-urban,125,11.54,False,2023,2,2023-02-01,17438.71,17438.71,228.9,113.65,0.0,False,0.74,0.558,139.51,False,False,True
KL_0320,Wayanad,Vythiri,Vadakkepara,11.622774,75.506631,semi-urban,125,11.54,False,2023,3,2023-03-01,19743.28,19743.28,248.2,102.5,0.0,False,0.877,0.6318,157.95,True,False,False
KL_0320,Wayanad,Vythiri,Vadakkepara,11.622774,75.506631,semi-urban,125,11.54,False,2023,4,2023-04-01,21044.09,21044.09,226.3,139.77,0.0,False,0.87,0.6734,168.35,True,False,False
KL_0320,Wayanad,Vythiri,Vadakkepara,11.622774,75.506631,semi-urban,125,11.54,False,2023,5,2023-05-01,24814.75,24814.75,231.7,150.58,0.0,False,0.959,0.7941,198.52,True,False,False
KL_0320,Wayanad,Vythiri,Vadakkepara,11.622774,75.506631,semi-urban,125,11.54,False,2023,6,2023-06-01,32087.44,32087.44,231.7,192.38,0.0,False,0.862,1.0268,256.7,False,True,False
KL_0320,Wayanad,Vythiri,Vadakkepara,11.622774,75.506631,semi-urban,125,11.54,False,2023,7,2023-07-01,17474.18,17474.18,223.0,103.87,0.0,False,0.805,0.5592,139.79,False,True,False
KL_0320,Wayanad,Vythiri,Vadakkepara,11.622774,75.506631,semi-urban,125,11.54,False,2023,8,2023-08-01,21520.68,21520.68,225.3,122.23,0.0,False,0.9,0.6887,172.17,False,True,False
KL_0320,Wayanad,Vythiri,Vadakkepara,11.622774,75.506631,semi-urban,125,11.54,False,2023,9,2023-09-01,3711.78,3711.78,225.8,20.69,0.0,False,0.898,0.1188,29.69,False,True,False
KL_0320,Wayanad,Vythiri,Vadakkepara,11.622774,75.506631,semi-urban,125,11.54,False,2023,10,2023-10-01,22236.13,22236.13,239.6,118.34,0.0,False,0.915,0.7116,177.89,False,False,False
KL_0320,Wayanad,Vythiri,Vadakkepara,11.622774,75.506631,semi-urban,125,11.54,False,2023,11,2023-11-01,19641.84,19641.84,243.3,101.21,0.0,False,0.752,0.6285,157.13,False,False,False
KL_0320,Wayanad,Vythiri,Vadakkepara,11.622774,75.506631,semi-urban,125,11.54,False,2023,12,2023-12-01,16052.75,16052.75,229.0,89.6,0.0,False,0.815,0.5137,128.42,False,False,True
KL_0320,Wayanad,Vythiri,Vadakkepara,11.622774,75.506631,semi-urban,125,11.54,False,2024,1,2024-01-01,11491.69,11491.69,227.2,76.08,0.0,False,0.805,0.3677,91.93,False,False,True
KL_0320,Wayanad,Vythiri,Vadakkepara,11.622774,75.506631,semi-urban,125,11.54,False,2024,2,2024-02-01,14087.71,14087.71,242.7,77.09,0.0,False,0.926,0.4508,112.7,False,False,True
KL_0320,Wayanad,Vythiri,Vadakkepara,11.622774,75.506631,semi-urban,125,11.54,False,2024,3,2024-03-01,17123.97,17123.97,210.9,109.92,0.0,False,0.89,0.548,136.99,True,False,False
KL_0320,Wayanad,Vythiri,Vadakkepara,11.622774,75.506631,semi-urban,125,11.54,False,2024,4,2024-04-01,18760.23,18760.23,219.7,128.06,0.0,False,0.907,0.6003,150.08,True,False,False
KL_0320,Wayanad,Vythiri,Vadakkepara,11.622774,75.506631,semi-urban,125,11.54,False,2024,5,2024-05-01,13064.87,13064.87,230.6,79.41,0.0,False,0.796,0.4181,104.52,True,False,False
KL_0320,Wayanad,Vythiri,Vadakkepara,11.622774,75.506631,semi-urban,125,11.54,False,2024,6,2024-06-01,12006.36,12006.36,230.5,78.4,0.0,False,0.857,0.3842,96.05,False,True,False
KL_0320,Wayanad,Vythiri,Vadakkepara,11.622774,75.506631,semi-urban,125,11.54,False,2024,7,2024-07-01,25299.21,25299.21,230.0,137.93,0.0,False,0.769,0.8096,202.39,False,True,False
KL_0320,Wayanad,Vythiri,Vadakkepara,11.622774,75.506631,semi-urban,125,11.54,False,2024,8,2024-08-01,11968.94,11968.94,232.5,75.09,0.0,False,0.795,0.383,95.75,False,True,False
KL_0320,Wayanad,Vythiri,Vadakkepara,11.622774,75.506631,semi-urban,125,11.54,False,2024,9,2024-09-01,16317.47,16317.47,213.1,100.37,0.0,False,0.856,0.5222,130.54,False,True,False
KL_0320,Wayanad,Vythiri,Vadakkepara,11.622774,75.506631,semi-urban,125,11.54,False,2024,10,2024-10-01,17473.28,17473.28,233.9,110.48,0.0,False,0.861,0.5591,139.79,False,False,False
KL_0320,Wayanad,Vythiri,Vadakkepara,11.622774,75.506631,semi-urban,125,11.54,False,2024,11,2024-11-01,19365.19,19365.19,212.3,116.21,0.0,False,0.87,0.6197,154.92,False,False,False
KL_0320,Wayanad,Vythiri,Vadakkepara,11.622774,75.506631,semi-urban,125,11.54,False,2024,12,2024-12-01,16993.12,16993.12,227.1,99.53,0.0,False,0.817,0.5438,135.94,False,False,True
KL_0321,Pathanamthitta,Kozhencherry,Idavapara,9.423231,77.159158,rural,46,16.13,False,2023,1,2023-01-01,4092.32,4092.32,225.7,24.11,0.0,False,0.871,0.3559,88.96,False,False,True
KL_0321,Pathanamthitta,Kozhencherry,Idavapara,9.423231,77.159158,rural,46,16.13,False,2023,2,2023-02-01,3711.91,3711.91,238.6,23.59,0.0,False,0.85,0.3228,80.69,False,False,True
KL_0321,Pathanamthitta,Kozhencherry,Idavapara,9.423231,77.159158,rural,46,16.13,False,2023,3,2023-03-01,4315.99,4315.99,228.3,27.36,0.0,False,0.929,0.3753,93.83,True,False,False
KL_0321,Pathanamthitta,Kozhencherry,Idavapara,9.423231,77.159158,rural,46,16.13,False,2023,4,2023-04-01,7742.45,7742.45,226.9,42.79,0.0,False,0.829,0.6733,168.31,True,False,False
KL_0321,Pathanamthitta,Kozhencherry,Idavapara,9.423231,77.159158,rural,46,16.13,False,2023,5,2023-05-01,6676.13,6676.13,216.5,41.0,0.0,False,0.758,0.5805,145.13,True,False,False
KL_0321,Pathanamthitta,Kozhencherry,Idavapara,9.423231,77.159158,rural,46,16.13,False,2023,6,2023-06-01,4797.78,4797.78,228.7,29.28,0.0,False,0.881,0.4172,104.3,False,True,False
KL_0321,Pathanamthitta,Kozhencherry,Idavapara,9.423231,77.159158,rural,46,16.13,False,2023,7,2023-07-01,2367.81,2367.81,223.0,13.43,0.0,False,0.867,0.2059,51.47,False,True,False
KL_0321,Pathanamthitta,Kozhencherry,Idavapara,9.423231,77.159158,rural,46,16.13,False,2023,8,2023-08-01,2523.98,2523.98,229.2,13.91,0.0,False,0.806,0.2195,54.87,False,True,False
KL_0321,Pathanamthitta,Kozhencherry,Idavapara,9.423231,77.159158,rural,46,16.13,False,2023,9,2023-09-01,3235.61,3235.61,220.2,21.21,0.0,False,0.834,0.2814,70.34,False,True,False
KL_0321,Pathanamthitta,Kozhencherry,Idavapara,9.423231,77.159158,rural,46,16.13,False,2023,10,2023-10-01,4508.6,4508.6,227.0,27.74,0.0,False,0.86,0.3921,98.01,False,False,False
KL_0321,Pathanamthitta,Kozhencherry,Idavapara,9.423231,77.159158,rural,46,16.13,False,2023,11,2023-11-01,3467.47,3467.47,229.3,22.09,0.0,False,0.831,0.3015,75.38,False,False,False
KL_0321,Pathanamthitta,Kozhencherry,Idavapara,9.423231,77.159158,rural,46,16.13,False,2023,12,2023-12-01,3900.74,3900.74,227.4,25.38,0.0,False,0.794,0.3392,84.8,False,False,True
KL_0321,Pathanamthitta,Kozhencherry,Idavapara,9.423231,77.159158,rural,46,16.13,False,2024,1,2024-01-01,2816.62,2816.62,235.2,15.28,0.0,False,0.84,0.2449,61.23,False,False,True
KL_0321,Pathanamthitta,Kozhencherry,Idavapara,9.423231,77.159158,rural,46,16.13,False,2024,2,2024-02-01,3882.64,3882.64,215.9,26.44,0.0,False,0.894,0.3376,84.41,False,False,True
KL_0321,Pathanamthitta,Kozhencherry,Idavapara,9.423231,77.159158,rural,46,16.13,False,2024,3,2024-03-01,3974.29,3974.29,229.5,24.57,0.0,False,0.832,0.3456,86.4,True,False,False
KL_0321,Pathanamthitta,Kozhencherry,Idavapara,9.423231,77.159158,rural,46,16.13,False,2024,4,2024-04-01,2283.87,2283.87,219.4,13.29,0.0,False,0.861,0.1986,49.65,True,False,False
KL_0321,Pathanamthitta,Kozhencherry,Idavapara,9.423231,77.159158,rural,46,16.13,False,2024,5,2024-05-01,3965.63,3965.63,225.3,25.51,0.0,False,0.841,0.3448,86.21,True,False,False
KL_0321,Pathanamthitta,Kozhencherry,Idavapara,9.423231,77.159158,rural,46,16.13,False,2024,6,2024-06-01,5871.33,5871.33,222.3,33.46,0.0,False,0.788,0.5106,127.64,False,True,False
KL_0321,Pathanamthitta,Kozhencherry,Idavapara,9.423231,77.159158,rural,46,16.13,False,2024,7,2024-07-01,4857.05,4857.05,209.5,32.07,0.0,False,0.845,0.4224,105.59,False,True,False
KL_0321,Pathanamthitta,Kozhencherry,Idavapara,9.423231,77.159158,rural,46,16.13,False,2024,8,2024-08-01,3719.85,3719.85,213.2,25.04,0.0,False,0.828,0.3235,80.87,False,True,False
KL_0321,Pathanamthitta,Kozhencherry,Idavapara,9.423231,77.159158,rural,46,16.13,False,2024,9,2024-09-01,3900.24,3900.24,237.9,22.12,0.0,False,0.888,0.3392,84.79,False,True,False
KL_0321,Pathanamthitta,Kozhencherry,Idavapara,9.423231,77.159158,rural,46,16.13,False,2024,10,2024-10-01,3141.78,3141.78,218.9,20.69,0.0,False,0.912,0.2732,68.3,False,False,False
KL_0321,Pathanamthitta,Kozhencherry,Idavapara,9.423231,77.159158,rural,46,16.13,False,2024,11,2024-11-01,3243.55,3243.55,227.5,20.23,0.0,False,0.894,0.282,70.51,False,False,False
KL_0321,Pathanamthitta,Kozhencherry,Idavapara,9.423231,77.159158,rural,46,16.13,False,2024,12,2024-12-01,4114.74,4114.74,218.7,28.14,0.0,False,0.813,0.3578,89.45,False,False,True
KL_0322,Kozhikode,Kozhikode,Manjapuram,11.200871,75.93617,semi-urban,107,8.48,False,2023,1,2023-01-01,15849.78,15849.78,219.6,102.3,0.0,False,0.792,0.5925,148.13,False,False,True
KL_0322,Kozhikode,Kozhikode,Manjapuram,11.200871,75.93617,semi-urban,107,8.48,False,2023,2,2023-02-01,10915.66,10915.66,232.4,62.23,0.0,False,0.774,0.4081,102.02,False,False,True
KL_0322,Kozhikode,Kozhikode,Manjapuram,11.200871,75.93617,semi-urban,107,8.48,False,2023,3,2023-03-01,12401.31,12401.31,209.9,76.62,0.0,False,0.858,0.4636,115.9,True,False,False
KL_0322,Kozhikode,Kozhikode,Manjapuram,11.200871,75.93617,semi-urban,107,8.48,False,2023,4,2023-04-01,15338.92,15338.92,229.6,92.18,0.0,False,0.815,0.5734,143.35,True,False,False
KL_0322,Kozhikode,Kozhikode,Manjapuram,11.200871,75.93617,semi-urban,107,8.48,False,2023,5,2023-05-01,14842.14,14842.14,238.9,92.72,0.0,False,0.794,0.5548,138.71,True,False,False
KL_0322,Kozhikode,Kozhikode,Manjapuram,11.200871,75.93617,semi-urban,107,8.48,False,2023,6,2023-06-01,14817.41,14817.41,245.0,81.36,0.0,False,0.948,0.5539,138.48,False,True,False
KL_0322,Kozhikode,Kozhikode,Manjapuram,11.200871,75.93617,semi-urban,107,8.48,False,2023,7,2023-07-01,12947.79,12947.79,218.9,79.4,0.0,False,0.874,0.484,121.01,False,True,False
KL_0322,Kozhikode,Kozhikode,Manjapuram,11.200871,75.93617,semi-urban,107,8.48,False,2023,8,2023-08-01,9941.67,9941.67,225.4,57.31,0.0,False,0.867,0.3717,92.91,False,True,False
KL_0322,Kozhikode,Kozhikode,Manjapuram,11.200871,75.93617,semi-urban,107,8.48,False,2023,9,2023-09-01,15821.39,15821.39,235.6,89.81,0.0,False,0.864,0.5915,147.86,False,True,False
KL_0322,Kozhikode,Kozhikode,Manjapuram,11.200871,75.93617,semi-urban,107,8.48,False,2023,10,2023-10-01,7811.11,7811.11,229.6,47.21,0.0,False,0.931,0.292,73.0,False,False,False
KL_0322,Kozhikode,Kozhikode,Manjapuram,11.200871,75.93617,semi-urban,107,8.48,False,2023,11,2023-11-01,15192.11,15192.11,237.5,91.61,0.0,False,0.842,0.5679,141.98,False,False,False
KL_0322,Kozhikode,Kozhikode,Manjapuram,11.200871,75.93617,semi-urban,107,8.48,False,2023,12,2023-12-01,14743.82,14743.82,222.6,96.1,0.0,False,0.881,0.5512,137.79,False,False,True
KL_0322,Kozhikode,Kozhikode,Manjapuram,11.200871,75.93617,semi-urban,107,8.48,False,2024,1,2024-01-01,14615.7,14615.7,242.4,85.73,0.0,False,0.895,0.5464,136.6,False,False,True
KL_0322,Kozhikode,Kozhikode,Manjapuram,11.200871,75.93617,semi-urban,107,8.48,False,2024,2,2024-02-01,14750.27,14750.27,234.4,85.89,0.0,False,0.943,0.5514,137.85,False,False,True
KL_0322,Kozhikode,Kozhikode,Manjapuram,11.200871,75.93617,semi-urban,107,8.48,False,2024,3,2024-03-01,21090.97,21090.97,235.2,131.16,0.0,False,0.85,0.7884,197.11,True,False,False
KL_0322,Kozhikode,Kozhikode,Manjapuram,11.200871,75.93617,semi-urban,107,8.48,False,2024,4,2024-04-01,15409.02,15409.02,225.7,90.91,0.0,False,0.912,0.576,144.01,True,False,False
KL_0322,Kozhikode,Kozhikode,Manjapuram,11.200871,75.93617,semi-urban,107,8.48,False,2024,5,2024-05-01,14905.73,14905.73,238.2,85.02,0.0,False,0.759,0.5572,139.31,True,False,False
KL_0322,Kozhikode,Kozhikode,Manjapuram,11.200871,75.93617,semi-urban,107,8.48,False,2024,6,2024-06-01,11308.34,11308.34,228.7,73.54,0.0,False,0.956,0.4227,105.69,False,True,False
KL_0322,Kozhikode,Kozhikode,Manjapuram,11.200871,75.93617,semi-urban,107,8.48,False,2024,7,2024-07-01,11483.59,11483.59,235.4,73.23,0.0,False,0.871,0.4293,107.32,False,True,False
KL_0322,Kozhikode,Kozhikode,Manjapuram,11.200871,75.93617,semi-urban,107,8.48,False,2024,8,2024-08-01,10021.36,10021.36,231.2,62.05,0.0,False,0.888,0.3746,93.66,False,True,False
KL_0322,Kozhikode,Kozhikode,Manjapuram,11.200871,75.93617,semi-urban,107,8.48,False,2024,9,2024-09-01,9862.38,9862.38,228.0,65.04,0.0,False,0.786,0.3687,92.17,False,True,False
KL_0322,Kozhikode,Kozhikode,Manjapuram,11.200871,75.93617,semi-urban,107,8.48,False,2024,10,2024-10-01,17909.8,17909.8,223.2,118.62,0.0,False,0.783,0.6695,167.38,False,False,False
KL_0322,Kozhikode,Kozhikode,Manjapuram,11.200871,75.93617,semi-urban,107,8.48,False,2024,11,2024-11-01,14251.73,14251.73,216.1,90.95,0.0,False,0.818,0.5328,133.19,False,False,False
KL_0322,Kozhikode,Kozhikode,Manjapuram,11.200871,75.93617,semi-urban,107,8.48,False,2024,12,2024-12-01,17567.14,17567.14,231.5,112.41,0.0,False,0.851,0.6567,164.18,False,False,True
KL_0323,Kasaragod,Kasaragod,Kallakunnu,12.327575,75.172282,semi-urban,96,7.69,True,2023,1,2023-01-01,5730.99,6876.73,209.5,53.2,19.99,True,0.837,0.2865,71.63,False,False,True
KL_0323,Kasaragod,Kasaragod,Kallakunnu,12.327575,75.172282,semi-urban,96,7.69,True,2023,2,2023-02-01,13311.46,17728.58,234.1,128.94,33.18,True,0.83,0.7387,184.67,False,False,True
KL_0323,Kasaragod,Kasaragod,Kallakunnu,12.327575,75.172282,semi-urban,96,7.69,True,2023,3,2023-03-01,14793.68,20799.1,220.6,160.49,40.59,True,0.84,0.8666,216.66,True,False,False
KL_0323,Kasaragod,Kasaragod,Kallakunnu,12.327575,75.172282,semi-urban,96,7.69,True,2023,4,2023-04-01,14023.16,19099.57,202.4,166.23,36.2,True,0.733,0.7958,198.95,True,False,False
KL_0323,Kasaragod,Kasaragod,Kallakunnu,12.327575,75.172282,semi-urban,96,7.69,True,2023,5,2023-05-01,13991.11,19052.02,212.7,160.18,36.17,True,0.871,0.7938,198.46,True,False,False
KL_0323,Kasaragod,Kasaragod,Kallakunnu,12.327575,75.172282,semi-urban,96,7.69,True,2023,6,2023-06-01,10752.22,10752.22,230.6,64.46,0.0,False,0.842,0.448,112.0,False,True,False
KL_0323,Kasaragod,Kasaragod,Kallakunnu,12.327575,75.172282,semi-urban,96,7.69,True,2023,7,2023-07-01,12515.35,12515.35,224.4,73.14,0.0,False,0.898,0.5215,130.37,False,True,False
KL_0323,Kasaragod,Kasaragod,Kallakunnu,12.327575,75.172282,semi-urban,96,7.69,True,2023,8,2023-08-01,5876.65,7672.86,232.1,52.45,30.57,True,0.826,0.3197,79.93,False,True,False
KL_0323,Kasaragod,Kasaragod,Kallakunnu,12.327575,75.172282,semi-urban,96,7.69,True,2023,9,2023-09-01,13141.29,17118.52,223.2,129.82,30.27,True,0.831,0.7133,178.32,False,True,False
KL_0323,Kasaragod,Kasaragod,Kallakunnu,12.327575,75.172282,semi-urban,96,7.69,True,2023,10,2023-10-01,10361.71,12319.87,210.3,94.31,18.9,True,0.858,0.5133,128.33,False,False,False
KL_0323,Kasaragod,Kasaragod,Kallakunnu,12.327575,75.172282,semi-urban,96,7.69,True,2023,11,2023-11-01,14853.01,19150.34,210.0,140.5,28.93,True,0.884,0.7979,199.48,False,False,False
KL_0323,Kasaragod,Kasaragod,Kallakunnu,12.327575,75.172282,semi-urban,96,7.69,True,2023,12,2023-12-01,17035.83,23370.74,210.8,184.38,37.19,True,0.908,0.9738,243.45,False,False,True
KL_0323,Kasaragod,Kasaragod,Kallakunnu,12.327575,75.172282,semi-urban,96,7.69,True,2024,1,2024-01-01,10957.79,14671.8,220.4,109.64,33.89,True,0.848,0.6113,152.83,False,False,True
KL_0323,Kasaragod,Kasaragod,Kallakunnu,12.327575,75.172282,semi-urban,96,7.69,True,2024,2,2024-02-01,5872.56,8234.69,209.2,63.22,40.22,True,0.871,0.3431,85.78,False,False,True
KL_0323,Kasaragod,Kasaragod,Kallakunnu,12.327575,75.172282,semi-urban,96,7.69,True,2024,3,2024-03-01,11182.15,15944.13,214.1,125.39,42.59,True,0.852,0.6643,166.08,True,False,False
KL_0323,Kasaragod,Kasaragod,Kallakunnu,12.327575,75.172282,semi-urban,96,7.69,True,2024,4,2024-04-01,17009.7,22019.46,225.8,164.63,29.45,True,0.835,0.9175,229.37,True,False,False
KL_0323,Kasaragod,Kasaragod,Kallakunnu,12.327575,75.172282,semi-urban,96,7.69,True,2024,5,2024-05-01,11826.48,13922.81,211.7,102.85,17.73,True,0.754,0.5801,145.03,True,False,False
KL_0323,Kasaragod,Kasaragod,Kallakunnu,12.327575,75.172282,semi-urban,96,7.69,True,2024,6,2024-06-01,13614.32,16939.48,227.9,121.42,24.42,True,0.86,0.7058,176.45,False,True,False
KL_0323,Kasaragod,Kasaragod,Kallakunnu,12.327575,75.172282,semi-urban,96,7.69,True,2024,7,2024-07-01,10987.61,10987.61,230.9,63.82,0.0,False,0.804,0.4578,114.45,False,True,False
KL_0323,Kasaragod,Kasaragod,Kallakunnu,12.327575,75.172282,semi-urban,96,7.69,True,2024,8,2024-08-01,15389.69,18612.12,235.3,136.5,20.94,True,0.894,0.7755,193.88,False,True,False
KL_0323,Kasaragod,Kasaragod,Kallakunnu,12.327575,75.172282,semi-urban,96,7.69,True,2024,9,2024-09-01,16598.63,16598.63,234.6,97.91,0.0,False,0.807,0.6916,172.9,False,True,False
KL_0323,Kasaragod,Kasaragod,Kallakunnu,12.327575,75.172282,semi-urban,96,7.69,True,2024,10,2024-10-01,21876.59,31570.14,223.7,228.34,44.31,True,0.822,1.3154,328.86,False,False,False
KL_0323,Kasaragod,Kasaragod,Kallakunnu,12.327575,75.172282,semi-urban,96,7.69,True,2024,11,2024-11-01,16500.88,21382.39,220.9,158.41,29.58,True,0.809,0.8909,222.73,False,False,False
KL_0323,Kasaragod,Kasaragod,Kallakunnu,12.327575,75.172282,semi-urban,96,7.69,True,2024,12,2024-12-01,9808.79,11888.77,224.5,81.95,21.21,True,0.877,0.4954,123.84,False,False,True
KL_0324,Kottayam,Vaikom,Melakunnu,9.458171,76.776315,semi-urban,141,10.09,False,2023,1,2023-01-01,15881.11,15881.11,222.1,103.96,0.0,False,0.835,0.4505,112.63,False,False,True
KL_0324,Kottayam,Vaikom,Melakunnu,9.458171,76.776315,semi-urban,141,10.09,False,2023,2,2023-02-01,18533.28,18533.28,243.5,103.24,0.0,False,0.878,0.5258,131.44,False,False,True
KL_0324,Kottayam,Vaikom,Melakunnu,9.458171,76.776315,semi-urban,141,10.09,False,2023,3,2023-03-01,22214.91,22214.91,215.9,140.24,0.0,False,0.716,0.6302,157.55,True,False,False
KL_0324,Kottayam,Vaikom,Melakunnu,9.458171,76.776315,semi-urban,141,10.09,False,2023,4,2023-04-01,26960.86,26960.86,223.6,169.93,0.0,False,0.95,0.7648,191.21,True,False,False
KL_0324,Kottayam,Vaikom,Melakunnu,9.458171,76.776315,semi-urban,141,10.09,False,2023,5,2023-05-01,28970.54,28970.54,222.3,187.92,0.0,False,0.799,0.8219,205.46,True,False,False
KL_0324,Kottayam,Vaikom,Melakunnu,9.458171,76.776315,semi-urban,141,10.09,False,2023,6,2023-06-01,18898.39,18898.39,228.9,119.01,0.0,False,0.888,0.5361,134.03,False,True,False
KL_0324,Kottayam,Vaikom,Melakunnu,9.458171,76.776315,semi-urban,141,10.09,False,2023,7,2023-07-01,19157.55,19157.55,223.2,122.57,0.0,False,0.875,0.5435,135.87,False,True,False
KL_0324,Kottayam,Vaikom,Melakunnu,9.458171,76.776315,semi-urban,141,10.09,False,2023,8,2023-08-01,21261.22,21261.22,233.8,134.5,0.0,False,0.886,0.6032,150.79,False,True,False
KL_0324,Kottayam,Vaikom,Melakunnu,9.458171,76.776315,semi-urban,141,10.09,False,2023,9,2023-09-01,23686.67,23686.67,230.4,153.81,0.0,False,0.809,0.672,167.99,False,True,False
KL_0324,Kottayam,Vaikom,Melakunnu,9.458171,76.776315,semi-urban,141,10.09,False,2023,10,2023-10-01,19837.49,19837.49,223.6,126.16,0.0,False,0.833,0.5628,140.69,False,False,False
KL_0324,Kottayam,Vaikom,Melakunnu,9.458171,76.776315,semi-urban,141,10.09,False,2023,11,2023-11-01,27641.16,27641.16,221.6,172.62,0.0,False,0.87,0.7841,196.04,False,False,False
KL_0324,Kottayam,Vaikom,Melakunnu,9.458171,76.776315,semi-urban,141,10.09,False,2023,12,2023-12-01,15773.18,15773.18,215.1,93.09,0.0,False,0.85,0.4475,111.87,False,False,True
KL_0324,Kottayam,Vaikom,Melakunnu,9.458171,76.776315,semi-urban,141,10.09,False,2024,1,2024-01-01,23084.75,23084.75,222.3,132.8,0.0,False,0.805,0.6549,163.72,False,False,True
KL_0324,Kottayam,Vaikom,Melakunnu,9.458171,76.776315,semi-urban,141,10.09,False,2024,2,2024-02-01,15107.2,15107.2,212.8,103.51,0.0,False,0.879,0.4286,107.14,False,False,True
KL_0324,Kottayam,Vaikom,Melakunnu,9.458171,76.776315,semi-urban,141,10.09,False,2024,3,2024-03-01,21935.12,21935.12,235.1,134.48,0.0,False,0.964,0.6223,155.57,True,False,False
KL_0324,Kottayam,Vaikom,Melakunnu,9.458171,76.776315,semi-urban,141,10.09,False,2024,4,2024-04-01,23157.23,23157.23,214.3,154.66,0.0,False,0.829,0.6569,164.24,True,False,False
KL_0324,Kottayam,Vaikom,Melakunnu,9.458171,76.776315,semi-urban,141,10.09,False,2024,5,2024-05-01,17045.61,17045.61,230.6,107.59,0.0,False,0.874,0.4836,120.89,True,False,False
KL_0324,Kottayam,Vaikom,Melakunnu,9.458171,76.776315,semi-urban,141,10.09,False,2024,6,2024-06-01,13408.61,13408.61,230.9,79.92,0.0,False,0.861,0.3804,95.1,False,True,False
KL_0324,Kottayam,Vaikom,Melakunnu,9.458171,76.776315,semi-urban,141,10.09,False,2024,7,2024-07-01,18825.3,18825.3,229.8,121.65,0.0,False,0.831,0.5341,133.51,False,True,False
KL_0324,Kottayam,Vaikom,Melakunnu,9.458171,76.776315,semi-urban,141,10.09,False,2024,8,2024-08-01,15644.06,15644.06,223.1,97.48,0.0,False,0.89,0.4438,110.95,False,True,False
KL_0324,Kottayam,Vaikom,Melakunnu,9.458171,76.776315,semi-urban,141,10.09,False,2024,9,2024-09-01,21423.42,21423.42,211.2,153.47,0.0,False,0.89,0.6078,151.94,False,True,False
KL_0324,Kottayam,Vaikom,Melakunnu,9.458171,76.776315,semi-urban,141,10.09,False,2024,10,2024-10-01,9713.49,9713.49,230.1,57.25,0.0,False,0.823,0.2756,68.89,False,False,False
KL_0324,Kottayam,Vaikom,Melakunnu,9.458171,76.776315,semi-urban,141,10.09,False,2024,11,2024-11-01,13978.46,13978.46,237.8,89.21,0.0,False,0.922,0.3966,99.14,False,False,False
KL_0324,Kottayam,Vaikom,Melakunnu,9.458171,76.776315,semi-urban,141,10.09,False,2024,12,2024-12-01,18202.6,18202.6,224.4,112.07,0.0,False,0.851,0.5164,129.1,False,False,True
KL_0325,Alappuzha,Cherthala,Kizhaknagar,9.302256,76.429888,rural,167,23.77,False,2023,1,2023-01-01,15475.19,15475.19,236.2,91.29,0.0,False,0.904,0.3707,92.67,False,False,True
KL_0325,Alappuzha,Cherthala,Kizhaknagar,9.302256,76.429888,rural,167,23.77,False,2023,2,2023-02-01,8315.29,8315.29,239.8,49.03,0.0,False,0.867,0.1992,49.79,False,False,True
KL_0325,Alappuzha,Cherthala,Kizhaknagar,9.302256,76.429888,rural,167,23.77,False,2023,3,2023-03-01,16552.19,16552.19,226.5,95.0,0.0,False,0.852,0.3965,99.11,True,False,False
KL_0325,Alappuzha,Cherthala,Kizhaknagar,9.302256,76.429888,rural,167,23.77,False,2023,4,2023-04-01,15943.18,15943.18,218.8,97.36,0.0,False,0.85,0.3819,95.47,True,False,False
KL_0325,Alappuzha,Cherthala,Kizhaknagar,9.302256,76.429888,rural,167,23.77,False,2023,5,2023-05-01,13686.92,13686.92,233.2,79.86,0.0,False,0.884,0.3278,81.96,True,False,False
KL_0325,Alappuzha,Cherthala,Kizhaknagar,9.302256,76.429888,rural,167,23.77,False,2023,6,2023-06-01,11208.42,11208.42,250.8,67.79,0.0,False,0.795,0.2685,67.12,False,True,False
KL_0325,Alappuzha,Cherthala,Kizhaknagar,9.302256,76.429888,rural,167,23.77,False,2023,7,2023-07-01,14725.83,14725.83,215.8,102.09,0.0,False,0.869,0.3527,88.18,False,True,False
KL_0325,Alappuzha,Cherthala,Kizhaknagar,9.302256,76.429888,rural,167,23.77,False,2023,8,2023-08-01,12960.51,12960.51,215.5,91.7,0.0,False,0.916,0.3104,77.61,False,True,False
KL_0325,Alappuzha,Cherthala,Kizhaknagar,9.302256,76.429888,rural,167,23.77,False,2023,9,2023-09-01,15395.62,15395.62,232.5,99.25,0.0,False,0.876,0.3688,92.19,False,True,False
KL_0325,Alappuzha,Cherthala,Kizhaknagar,9.302256,76.429888,rural,167,23.77,False,2023,10,2023-10-01,12300.56,12300.56,224.9,83.14,0.0,False,0.763,0.2946,73.66,False,False,False
KL_0325,Alappuzha,Cherthala,Kizhaknagar,9.302256,76.429888,rural,167,23.77,False,2023,11,2023-11-01,18599.55,18599.55,227.9,114.34,0.0,False,0.781,0.4455,111.37,False,False,False
KL_0325,Alappuzha,Cherthala,Kizhaknagar,9.302256,76.429888,rural,167,23.77,False,2023,12,2023-12-01,12916.05,12916.05,243.0,79.41,0.0,False,0.851,0.3094,77.34,False,False,True
KL_0325,Alappuzha,Cherthala,Kizhaknagar,9.302256,76.429888,rural,167,23.77,False,2024,1,2024-01-01,4407.8,4407.8,235.8,25.93,0.0,False,0.811,0.1056,26.39,False,False,True
KL_0325,Alappuzha,Cherthala,Kizhaknagar,9.302256,76.429888,rural,167,23.77,False,2024,2,2024-02-01,6988.53,6988.53,227.8,42.7,0.0,False,0.894,0.1674,41.85,False,False,True
KL_0325,Alappuzha,Cherthala,Kizhaknagar,9.302256,76.429888,rural,167,23.77,False,2024,3,2024-03-01,13787.5,13787.5,213.4,85.31,0.0,False,0.826,0.3302,82.56,True,False,False
KL_0325,Alappuzha,Cherthala,Kizhaknagar,9.302256,76.429888,rural,167,23.77,False,2024,4,2024-04-01,13911.6,13911.6,233.0,83.88,0.0,False,0.878,0.3332,83.3,True,False,False
KL_0325,Alappuzha,Cherthala,Kizhaknagar,9.302256,76.429888,rural,167,23.77,False,2024,5,2024-05-01,29979.23,29979.23,237.9,170.08,0.0,False,0.947,0.7181,179.52,True,False,False
KL_0325,Alappuzha,Cherthala,Kizhaknagar,9.302256,76.429888,rural,167,23.77,False,2024,6,2024-06-01,23699.33,23699.33,222.7,138.72,0.0,False,0.851,0.5676,141.91,False,True,False
KL_0325,Alappuzha,Cherthala,Kizhaknagar,9.302256,76.429888,rural,167,23.77,False,2024,7,2024-07-01,13657.6,13657.6,234.6,79.11,0.0,False,0.799,0.3271,81.78,False,True,False
KL_0325,Alappuzha,Cherthala,Kizhaknagar,9.302256,76.429888,rural,167,23.77,False,2024,8,2024-08-01,10590.82,10590.82,228.4,68.82,0.0,False,0.87,0.2537,63.42,False,True,False
KL_0325,Alappuzha,Cherthala,Kizhaknagar,9.302256,76.429888,rural,167,23.77,False,2024,9,2024-09-01,10793.33,10793.33,237.1,57.81,0.0,False,0.864,0.2585,64.63,False,True,False
KL_0325,Alappuzha,Cherthala,Kizhaknagar,9.302256,76.429888,rural,167,23.77,False,2024,10,2024-10-01,20250.82,20250.82,234.3,124.55,0.0,False,0.863,0.485,121.26,False,False,False
KL_0325,Alappuzha,Cherthala,Kizhaknagar,9.302256,76.429888,rural,167,23.77,False,2024,11,2024-11-01,10079.48,10079.48,231.5,54.98,0.0,False,0.918,0.2414,60.36,False,False,False
KL_0325,Alappuzha,Cherthala,Kizhaknagar,9.302256,76.429888,rural,167,23.77,False,2024,12,2024-12-01,24055.77,24055.77,204.6,177.03,0.0,False,0.791,0.5762,144.05,False,False,True
KL_0326,Kannur,Kannur,Cherakunnu,12.107984,75.186719,urban,179,4.03,False,2023,1,2023-01-01,24208.38,24208.38,229.5,150.26,0.0,False,0.9,0.541,135.24,False,False,True
KL_0326,Kannur,Kannur,Cherakunnu,12.107984,75.186719,urban,179,4.03,False,2023,2,2023-02-01,33482.57,33482.57,229.1,217.61,0.0,False,0.82,0.7482,187.05,False,False,True
KL_0326,Kannur,Kannur,Cherakunnu,12.107984,75.186719,urban,179,4.03,False,2023,3,2023-03-01,29293.79,29293.79,223.5,175.98,0.0,False,0.919,0.6546,163.65,True,False,False
KL_0326,Kannur,Kannur,Cherakunnu,12.107984,75.186719,urban,179,4.03,False,2023,4,2023-04-01,36636.28,36636.28,216.8,243.69,0.0,False,0.744,0.8187,204.67,True,False,False
KL_0326,Kannur,Kannur,Cherakunnu,12.107984,75.186719,urban,179,4.03,False,2023,5,2023-05-01,43569.22,43569.22,230.6,285.98,0.0,False,0.962,0.9736,243.4,True,False,False
KL_0326,Kannur,Kannur,Cherakunnu,12.107984,75.186719,urban,179,4.03,False,2023,6,2023-06-01,31635.99,31635.99,239.1,190.67,0.0,False,0.836,0.7069,176.74,False,True,False
KL_0326,Kannur,Kannur,Cherakunnu,12.107984,75.186719,urban,179,4.03,False,2023,7,2023-07-01,33369.2,33369.2,226.2,199.3,0.0,False,0.789,0.7457,186.42,False,True,False
KL_0326,Kannur,Kannur,Cherakunnu,12.107984,75.186719,urban,179,4.03,False,2023,8,2023-08-01,29883.96,29883.96,229.0,195.36,0.0,False,0.895,0.6678,166.95,False,True,False
KL_0326,Kannur,Kannur,Cherakunnu,12.107984,75.186719,urban,179,4.03,False,2023,9,2023-09-01,28315.69,28315.69,223.0,184.02,0.0,False,0.876,0.6328,158.19,False,True,False
KL_0326,Kannur,Kannur,Cherakunnu,12.107984,75.186719,urban,179,4.03,False,2023,10,2023-10-01,34648.37,34648.37,231.4,225.51,0.0,False,0.873,0.7743,193.57,False,False,False
KL_0326,Kannur,Kannur,Cherakunnu,12.107984,75.186719,urban,179,4.03,False,2023,11,2023-11-01,47380.89,47380.89,223.8,289.23,0.0,False,0.896,1.0588,264.7,False,False,False
KL_0326,Kannur,Kannur,Cherakunnu,12.107984,75.186719,urban,179,4.03,False,2023,12,2023-12-01,30572.34,30572.34,220.3,192.29,0.0,False,0.852,0.6832,170.8,False,False,True
KL_0326,Kannur,Kannur,Cherakunnu,12.107984,75.186719,urban,179,4.03,False,2024,1,2024-01-01,23187.02,23187.02,218.4,151.62,0.0,False,0.835,0.5181,129.54,False,False,True
KL_0326,Kannur,Kannur,Cherakunnu,12.107984,75.186719,urban,179,4.03,False,2024,2,2024-02-01,41361.92,41361.92,225.7,271.79,0.0,False,0.792,0.9243,231.07,False,False,True
KL_0326,Kannur,Kannur,Cherakunnu,12.107984,75.186719,urban,179,4.03,False,2024,3,2024-03-01,42329.94,42329.94,229.5,252.54,0.0,False,0.844,0.9459,236.48,True,False,False
KL_0326,Kannur,Kannur,Cherakunnu,12.107984,75.186719,urban,179,4.03,False,2024,4,2024-04-01,43596.74,43596.74,220.6,280.49,0.0,False,0.824,0.9742,243.56,True,False,False
KL_0326,Kannur,Kannur,Cherakunnu,12.107984,75.186719,urban,179,4.03,False,2024,5,2024-05-01,40295.81,40295.81,229.5,268.2,0.0,False,0.85,0.9005,225.12,True,False,False
KL_0326,Kannur,Kannur,Cherakunnu,12.107984,75.186719,urban,179,4.03,False,2024,6,2024-06-01,34702.85,34702.85,231.2,192.96,0.0,False,0.856,0.7755,193.87,False,True,False
KL_0326,Kannur,Kannur,Cherakunnu,12.107984,75.186719,urban,179,4.03,False,2024,7,2024-07-01,31851.79,31851.79,236.5,201.34,0.0,False,0.937,0.7118,177.94,False,True,False
KL_0326,Kannur,Kannur,Cherakunnu,12.107984,75.186719,urban,179,4.03,False,2024,8,2024-08-01,32769.79,32769.79,224.5,201.24,0.0,False,0.813,0.7323,183.07,False,True,False
KL_0326,Kannur,Kannur,Cherakunnu,12.107984,75.186719,urban,179,4.03,False,2024,9,2024-09-01,38447.77,38447.77,232.8,230.47,0.0,False,0.843,0.8592,214.79,False,True,False
KL_0326,Kannur,Kannur,Cherakunnu,12.107984,75.186719,urban,179,4.03,False,2024,10,2024-10-01,18019.08,18019.08,208.0,126.75,0.0,False,0.828,0.4027,100.67,False,False,False
KL_0326,Kannur,Kannur,Cherakunnu,12.107984,75.186719,urban,179,4.03,False,2024,11,2024-11-01,23888.31,23888.31,234.7,143.61,0.0,False,0.78,0.5338,133.45,False,False,False
KL_0326,Kannur,Kannur,Cherakunnu,12.107984,75.186719,urban,179,4.03,False,2024,12,2024-12-01,42589.51,42589.51,235.0,246.46,0.0,False,0.996,0.9517,237.93,False,False,True
KL_0327,Thiruvananthapuram,Thiruvananthapuram,Muthanagar,8.310434,76.615896,rural,109,14.22,False,2023,1,2023-01-01,7859.86,7859.86,220.7,47.66,0.0,False,0.803,0.2884,72.11,False,False,True
KL_0327,Thiruvananthapuram,Thiruvananthapuram,Muthanagar,8.310434,76.615896,rural,109,14.22,False,2023,2,2023-02-01,8591.25,8591.25,226.0,57.55,0.0,False,0.868,0.3153,78.82,False,False,True
KL_0327,Thiruvananthapuram,Thiruvananthapuram,Muthanagar,8.310434,76.615896,rural,109,14.22,False,2023,3,2023-03-01,6167.21,6167.21,214.3,37.38,0.0,False,0.935,0.2263,56.58,True,False,False
KL_0327,Thiruvananthapuram,Thiruvananthapuram,Muthanagar,8.310434,76.615896,rural,109,14.22,False,2023,4,2023-04-01,10564.75,10564.75,223.6,70.21,0.0,False,0.788,0.3877,96.92,True,False,False
KL_0327,Thiruvananthapuram,Thiruvananthapuram,Muthanagar,8.310434,76.615896,rural,109,14.22,False,2023,5,2023-05-01,16013.96,16013.96,231.9,90.6,0.0,False,0.894,0.5877,146.92,True,False,False
KL_0327,Thiruvananthapuram,Thiruvananthapuram,Muthanagar,8.310434,76.615896,rural,109,14.22,False,2023,6,2023-06-01,8881.58,8881.58,215.6,59.57,0.0,False,0.773,0.3259,81.48,False,True,False
KL_0327,Thiruvananthapuram,Thiruvananthapuram,Muthanagar,8.310434,76.615896,rural,109,14.22,False,2023,7,2023-07-01,6909.75,6909.75,233.7,44.51,0.0,False,0.81,0.2536,63.39,False,True,False
KL_0327,Thiruvananthapuram,Thiruvananthapuram,Muthanagar,8.310434,76.615896,rural,109,14.22,False,2023,8,2023-08-01,7252.78,7252.78,225.8,41.08,0.0,False,0.878,0.2662,66.54,False,True,False
KL_0327,Thiruvananthapuram,Thiruvananthapuram,Muthanagar,8.310434,76.615896,rural,109,14.22,False,2023,9,2023-09-01,6829.53,6829.53,233.7,43.91,0.0,False,0.836,0.2506,62.66,False,True,False
KL_0327,Thiruvananthapuram,Thiruvananthapuram,Muthanagar,8.310434,76.615896,rural,109,14.22,False,2023,10,2023-10-01,8764.71,8764.71,210.0,60.39,0.0,False,0.923,0.3216,80.41,False,False,False
KL_0327,Thiruvananthapuram,Thiruvananthapuram,Muthanagar,8.310434,76.615896,rural,109,14.22,False,2023,11,2023-11-01,10978.09,10978.09,229.4,62.07,0.0,False,0.856,0.4029,100.72,False,False,False
KL_0327,Thiruvananthapuram,Thiruvananthapuram,Muthanagar,8.310434,76.615896,rural,109,14.22,False,2023,12,2023-12-01,10161.3,10161.3,227.9,64.07,0.0,False,0.876,0.3729,93.22,False,False,True
KL_0327,Thiruvananthapuram,Thiruvananthapuram,Muthanagar,8.310434,76.615896,rural,109,14.22,False,2024,1,2024-01-01,7204.44,7204.44,236.9,45.85,0.0,False,0.816,0.2644,66.1,False,False,True
KL_0327,Thiruvananthapuram,Thiruvananthapuram,Muthanagar,8.310434,76.615896,rural,109,14.22,False,2024,2,2024-02-01,7144.96,7144.96,223.4,47.02,0.0,False,0.798,0.2622,65.55,False,False,True
KL_0327,Thiruvananthapuram,Thiruvananthapuram,Muthanagar,8.310434,76.615896,rural,109,14.22,False,2024,3,2024-03-01,11726.16,11726.16,220.7,71.97,0.0,False,0.792,0.4303,107.58,True,False,False
KL_0327,Thiruvananthapuram,Thiruvananthapuram,Muthanagar,8.310434,76.615896,rural,109,14.22,False,2024,4,2024-04-01,9641.21,9641.21,227.0,63.64,0.0,False,0.803,0.3538,88.45,True,False,False
KL_0327,Thiruvananthapuram,Thiruvananthapuram,Muthanagar,8.310434,76.615896,rural,109,14.22,False,2024,5,2024-05-01,13316.62,13316.62,240.9,73.59,0.0,False,0.815,0.4887,122.17,True,False,False
KL_0327,Thiruvananthapuram,Thiruvananthapuram,Muthanagar,8.310434,76.615896,rural,109,14.22,False,2024,6,2024-06-01,9651.34,9651.34,233.3,62.69,0.0,False,0.908,0.3542,88.54,False,True,False
KL_0327,Thiruvananthapuram,Thiruvananthapuram,Muthanagar,8.310434,76.615896,rural,109,14.22,False,2024,7,2024-07-01,7191.28,7191.28,231.0,45.63,0.0,False,0.87,0.2639,65.98,False,True,False
KL_0327,Thiruvananthapuram,Thiruvananthapuram,Muthanagar,8.310434,76.615896,rural,109,14.22,False,2024,8,2024-08-01,7078.74,7078.74,226.3,41.14,0.0,False,0.786,0.2598,64.94,False,True,False
KL_0327,Thiruvananthapuram,Thiruvananthapuram,Muthanagar,8.310434,76.615896,rural,109,14.22,False,2024,9,2024-09-01,10126.31,10126.31,236.5,62.8,0.0,False,0.829,0.3716,92.9,False,True,False
KL_0327,Thiruvananthapuram,Thiruvananthapuram,Muthanagar,8.310434,76.615896,rural,109,14.22,False,2024,10,2024-10-01,7575.51,7575.51,242.4,39.55,0.0,False,0.848,0.278,69.5,False,False,False
KL_0327,Thiruvananthapuram,Thiruvananthapuram,Muthanagar,8.310434,76.615896,rural,109,14.22,False,2024,11,2024-11-01,4413.66,4413.66,221.2,26.38,0.0,False,0.997,0.162,40.49,False,False,False
KL_0327,Thiruvananthapuram,Thiruvananthapuram,Muthanagar,8.310434,76.615896,rural,109,14.22,False,2024,12,2024-12-01,9538.99,9538.99,229.6,61.38,0.0,False,0.85,0.3501,87.51,False,False,True
KL_0328,Kannur,Payyanur,Kodunagar,12.063397,75.915097,semi-urban,20,3.87,False,2023,1,2023-01-01,2777.33,2777.33,224.7,18.16,0.0,False,0.873,0.5555,138.87,False,False,True
KL_0328,Kannur,Payyanur,Kodunagar,12.063397,75.915097,semi-urban,20,3.87,False,2023,2,2023-02-01,3637.4,3637.4,217.5,23.51,0.0,False,0.8,0.7275,181.87,False,False,True
KL_0328,Kannur,Payyanur,Kodunagar,12.063397,75.915097,semi-urban,20,3.87,False,2023,3,2023-03-01,2195.07,2195.07,214.3,15.58,0.0,False,0.886,0.439,109.75,True,False,False
KL_0328,Kannur,Payyanur,Kodunagar,12.063397,75.915097,semi-urban,20,3.87,False,2023,4,2023-04-01,3458.5,3458.5,223.5,22.67,0.0,False,0.919,0.6917,172.92,True,False,False
KL_0328,Kannur,Payyanur,Kodunagar,12.063397,75.915097,semi-urban,20,3.87,False,2023,5,2023-05-01,4723.2,4723.2,222.6,31.31,0.0,False,0.842,0.9446,236.16,True,False,False
KL_0328,Kannur,Payyanur,Kodunagar,12.063397,75.915097,semi-urban,20,3.87,False,2023,6,2023-06-01,3378.31,3378.31,224.7,22.13,0.0,False,0.881,0.6757,168.92,False,True,False
KL_0328,Kannur,Payyanur,Kodunagar,12.063397,75.915097,semi-urban,20,3.87,False,2023,7,2023-07-01,3278.52,3278.52,234.8,18.77,0.0,False,0.879,0.6557,163.93,False,True,False
KL_0328,Kannur,Payyanur,Kodunagar,12.063397,75.915097,semi-urban,20,3.87,False,2023,8,2023-08-01,1759.39,1759.39,234.3,9.56,0.0,False,0.853,0.3519,87.97,False,True,False
KL_0328,Kannur,Payyanur,Kodunagar,12.063397,75.915097,semi-urban,20,3.87,False,2023,9,2023-09-01,2856.71,2856.71,238.7,16.8,0.0,False,0.915,0.5713,142.84,False,True,False
KL_0328,Kannur,Payyanur,Kodunagar,12.063397,75.915097,semi-urban,20,3.87,False,2023,10,2023-10-01,2809.8,2809.8,221.4,19.28,0.0,False,0.81,0.562,140.49,False,False,False
KL_0328,Kannur,Payyanur,Kodunagar,12.063397,75.915097,semi-urban,20,3.87,False,2023,11,2023-11-01,2628.94,2628.94,223.2,16.96,0.0,False,0.806,0.5258,131.45,False,False,False
KL_0328,Kannur,Payyanur,Kodunagar,12.063397,75.915097,semi-urban,20,3.87,False,2023,12,2023-12-01,2106.99,2106.99,220.3,13.9,0.0,False,0.85,0.4214,105.35,False,False,True
KL_0328,Kannur,Payyanur,Kodunagar,12.063397,75.915097,semi-urban,20,3.87,False,2024,1,2024-01-01,3014.68,3014.68,206.4,21.68,0.0,False,0.831,0.6029,150.73,False,False,True
KL_0328,Kannur,Payyanur,Kodunagar,12.063397,75.915097,semi-urban,20,3.87,False,2024,2,2024-02-01,3040.31,3040.31,221.8,18.41,0.0,False,0.704,0.6081,152.02,False,False,True
KL_0328,Kannur,Payyanur,Kodunagar,12.063397,75.915097,semi-urban,20,3.87,False,2024,3,2024-03-01,2217.22,2217.22,222.6,12.97,0.0,False,0.813,0.4434,110.86,True,False,False
KL_0328,Kannur,Payyanur,Kodunagar,12.063397,75.915097,semi-urban,20,3.87,False,2024,4,2024-04-01,3982.16,3982.16,225.1,24.34,0.0,False,0.743,0.7964,199.11,True,False,False
KL_0328,Kannur,Payyanur,Kodunagar,12.063397,75.915097,semi-urban,20,3.87,False,2024,5,2024-05-01,4820.62,4820.62,239.9,30.29,0.0,False,0.834,0.9641,241.03,True,False,False
KL_0328,Kannur,Payyanur,Kodunagar,12.063397,75.915097,semi-urban,20,3.87,False,2024,6,2024-06-01,2765.39,2765.39,227.0,15.44,0.0,False,0.886,0.5531,138.27,False,True,False
KL_0328,Kannur,Payyanur,Kodunagar,12.063397,75.915097,semi-urban,20,3.87,False,2024,7,2024-07-01,2087.99,2087.99,213.8,14.74,0.0,False,0.853,0.4176,104.4,False,True,False
KL_0328,Kannur,Payyanur,Kodunagar,12.063397,75.915097,semi-urban,20,3.87,False,2024,8,2024-08-01,2494.63,2494.63,232.4,15.89,0.0,False,0.857,0.4989,124.73,False,True,False
KL_0328,Kannur,Payyanur,Kodunagar,12.063397,75.915097,semi-urban,20,3.87,False,2024,9,2024-09-01,3049.32,3049.32,230.9,18.14,0.0,False,0.842,0.6099,152.47,False,True,False
KL_0328,Kannur,Payyanur,Kodunagar,12.063397,75.915097,semi-urban,20,3.87,False,2024,10,2024-10-01,3029.71,3029.71,235.2,17.96,0.0,False,0.861,0.6059,151.49,False,False,False
KL_0328,Kannur,Payyanur,Kodunagar,12.063397,75.915097,semi-urban,20,3.87,False,2024,11,2024-11-01,4368.76,4368.76,225.6,27.34,0.0,False,0.991,0.8738,218.44,False,False,False
KL_0328,Kannur,Payyanur,Kodunagar,12.063397,75.915097,semi-urban,20,3.87,False,2024,12,2024-12-01,1687.63,1687.63,227.4,10.46,0.0,False,0.832,0.3375,84.38,False,False,True
KL_0329,Alappuzha,Cherthala,Kodukavu,9.394723,76.276946,semi-urban,23,9.74,False,2023,1,2023-01-01,1990.75,1990.75,222.0,13.7,0.0,False,0.849,0.3462,86.55,False,False,True
KL_0329,Alappuzha,Cherthala,Kodukavu,9.394723,76.276946,semi-urban,23,9.74,False,2023,2,2023-02-01,4049.41,4049.41,236.9,25.0,0.0,False,0.807,0.7042,176.06,False,False,True
KL_0329,Alappuzha,Cherthala,Kodukavu,9.394723,76.276946,semi-urban,23,9.74,False,2023,3,2023-03-01,2883.1,2883.1,229.3,17.58,0.0,False,0.755,0.5014,125.35,True,False,False
KL_0329,Alappuzha,Cherthala,Kodukavu,9.394723,76.276946,semi-urban,23,9.74,False,2023,4,2023-04-01,1600.21,1600.21,218.7,11.03,0.0,False,0.863,0.2783,69.57,True,False,False
KL_0329,Alappuzha,Cherthala,Kodukavu,9.394723,76.276946,semi-urban,23,9.74,False,2023,5,2023-05-01,4868.97,4868.97,224.5,27.75,0.0,False,0.907,0.8468,211.69,True,False,False
KL_0329,Alappuzha,Cherthala,Kodukavu,9.394723,76.276946,semi-urban,23,9.74,False,2023,6,2023-06-01,3770.8,3770.8,227.7,23.95,0.0,False,0.966,0.6558,163.95,False,True,False
KL_0329,Alappuzha,Cherthala,Kodukavu,9.394723,76.276946,semi-urban,23,9.74,False,2023,7,2023-07-01,1960.36,1960.36,227.5,12.23,0.0,False,0.841,0.3409,85.23,False,True,False
KL_0329,Alappuzha,Cherthala,Kodukavu,9.394723,76.276946,semi-urban,23,9.74,False,2023,8,2023-08-01,3216.96,3216.96,223.7,21.1,0.0,False,0.837,0.5595,139.87,False,True,False
KL_0329,Alappuzha,Cherthala,Kodukavu,9.394723,76.276946,semi-urban,23,9.74,False,2023,9,2023-09-01,3789.44,3789.44,219.1,24.93,0.0,False,0.897,0.659,164.76,False,True,False
KL_0329,Alappuzha,Cherthala,Kodukavu,9.394723,76.276946,semi-urban,23,9.74,False,2023,10,2023-10-01,3981.88,3981.88,226.6,23.71,0.0,False,0.936,0.6925,173.13,False,False,False
KL_0329,Alappuzha,Cherthala,Kodukavu,9.394723,76.276946,semi-urban,23,9.74,False,2023,11,2023-11-01,2185.61,2185.61,222.1,14.7,0.0,False,0.788,0.3801,95.03,False,False,False
KL_0329,Alappuzha,Cherthala,Kodukavu,9.394723,76.276946,semi-urban,23,9.74,False,2023,12,2023-12-01,1946.65,1946.65,236.2,10.98,0.0,False,0.883,0.3385,84.64,False,False,True
KL_0329,Alappuzha,Cherthala,Kodukavu,9.394723,76.276946,semi-urban,23,9.74,False,2024,1,2024-01-01,1886.78,1886.78,213.4,12.53,0.0,False,0.941,0.3281,82.03,False,False,True
KL_0329,Alappuzha,Cherthala,Kodukavu,9.394723,76.276946,semi-urban,23,9.74,False,2024,2,2024-02-01,2973.35,2973.35,228.8,19.03,0.0,False,0.838,0.5171,129.28,False,False,True
KL_0329,Alappuzha,Cherthala,Kodukavu,9.394723,76.276946,semi-urban,23,9.74,False,2024,3,2024-03-01,2534.24,2534.24,232.6,14.09,0.0,False,0.792,0.4407,110.18,True,False,False
KL_0329,Alappuzha,Cherthala,Kodukavu,9.394723,76.276946,semi-urban,23,9.74,False,2024,4,2024-04-01,3675.94,3675.94,240.2,23.09,0.0,False,0.889,0.6393,159.82,True,False,False
KL_0329,Alappuzha,Cherthala,Kodukavu,9.394723,76.276946,semi-urban,23,9.74,False,2024,5,2024-05-01,3437.91,3437.91,219.4,22.17,0.0,False,0.783,0.5979,149.47,True,False,False
KL_0329,Alappuzha,Cherthala,Kodukavu,9.394723,76.276946,semi-urban,23,9.74,False,2024,6,2024-06-01,4312.52,4312.52,235.0,26.0,0.0,False,0.91,0.75,187.5,False,True,False
KL_0329,Alappuzha,Cherthala,Kodukavu,9.394723,76.276946,semi-urban,23,9.74,False,2024,7,2024-07-01,3144.29,3144.29,227.0,18.24,0.0,False,0.95,0.5468,136.71,False,True,False
KL_0329,Alappuzha,Cherthala,Kodukavu,9.394723,76.276946,semi-urban,23,9.74,False,2024,8,2024-08-01,2635.08,2635.08,220.9,16.05,0.0,False,0.825,0.4583,114.57,False,True,False
KL_0329,Alappuzha,Cherthala,Kodukavu,9.394723,76.276946,semi-urban,23,9.74,False,2024,9,2024-09-01,1909.97,1909.97,214.9,13.54,0.0,False,0.933,0.3322,83.04,False,True,False
KL_0329,Alappuzha,Cherthala,Kodukavu,9.394723,76.276946,semi-urban,23,9.74,False,2024,10,2024-10-01,3101.07,3101.07,230.3,18.33,0.0,False,0.882,0.5393,134.83,False,False,False
KL_0329,Alappuzha,Cherthala,Kodukavu,9.394723,76.276946,semi-urban,23,9.74,False,2024,11,2024-11-01,3664.58,3664.58,239.1,19.49,0.0,False,0.919,0.6373,159.33,False,False,False
KL_0329,Alappuzha,Cherthala,Kodukavu,9.394723,76.276946,semi-urban,23,9.74,False,2024,12,2024-12-01,1990.35,1990.35,217.0,12.88,0.0,False,0.818,0.3461,86.54,False,False,True
KL_0330,Kozhikode,Koyilandy,Pettavayal,11.280183,76.166268,rural,109,23.1,False,2023,1,2023-01-01,5967.05,5967.05,238.5,31.76,0.0,False,0.881,0.219,54.74,False,False,True
KL_0330,Kozhikode,Koyilandy,Pettavayal,11.280183,76.166268,rural,109,23.1,False,2023,2,2023-02-01,6482.91,6482.91,230.5,42.56,0.0,False,0.862,0.2379,59.48,False,False,True
KL_0330,Kozhikode,Koyilandy,Pettavayal,11.280183,76.166268,rural,109,23.1,False,2023,3,2023-03-01,9096.75,9096.75,227.7,59.12,0.0,False,0.811,0.3338,83.46,True,False,False
KL_0330,Kozhikode,Koyilandy,Pettavayal,11.280183,76.166268,rural,109,23.1,False,2023,4,2023-04-01,10764.47,10764.47,214.4,64.81,0.0,False,0.832,0.395,98.76,True,False,False
KL_0330,Kozhikode,Koyilandy,Pettavayal,11.280183,76.166268,rural,109,23.1,False,2023,5,2023-05-01,11306.08,11306.08,243.5,64.94,0.0,False,0.879,0.4149,103.73,True,False,False
KL_0330,Kozhikode,Koyilandy,Pettavayal,11.280183,76.166268,rural,109,23.1,False,2023,6,2023-06-01,8287.3,8287.3,214.4,55.23,0.0,False,0.794,0.3041,76.03,False,True,False
KL_0330,Kozhikode,Koyilandy,Pettavayal,11.280183,76.166268,rural,109,23.1,False,2023,7,2023-07-01,8485.39,8485.39,236.3,54.79,0.0,False,0.79,0.3114,77.85,False,True,False
KL_0330,Kozhikode,Koyilandy,Pettavayal,11.280183,76.166268,rural,109,23.1,False,2023,8,2023-08-01,13482.94,13482.94,222.4,80.17,0.0,False,0.786,0.4948,123.7,False,True,False
KL_0330,Kozhikode,Koyilandy,Pettavayal,11.280183,76.166268,rural,109,23.1,False,2023,9,2023-09-01,13566.92,13566.92,222.5,88.44,0.0,False,0.811,0.4979,124.47,False,True,False
KL_0330,Kozhikode,Koyilandy,Pettavayal,11.280183,76.166268,rural,109,23.1,False,2023,10,2023-10-01,11779.09,11779.09,226.2,76.0,0.0,False,0.864,0.4323,108.07,False,False,False
KL_0330,Kozhikode,Koyilandy,Pettavayal,11.280183,76.166268,rural,109,23.1,False,2023,11,2023-11-01,10827.84,10827.84,231.9,69.77,0.0,False,0.825,0.3974,99.34,False,False,False
KL_0330,Kozhikode,Koyilandy,Pettavayal,11.280183,76.166268,rural,109,23.1,False,2023,12,2023-12-01,10039.11,10039.11,239.5,54.54,0.0,False,0.914,0.3684,92.1,False,False,True
KL_0330,Kozhikode,Koyilandy,Pettavayal,11.280183,76.166268,rural,109,23.1,False,2024,1,2024-01-01,6189.56,6189.56,240.4,32.69,0.0,False,0.778,0.2271,56.78,False,False,True
KL_0330,Kozhikode,Koyilandy,Pettavayal,11.280183,76.166268,rural,109,23.1,False,2024,2,2024-02-01,8935.11,8935.11,238.0,55.05,0.0,False,0.876,0.3279,81.97,False,False,True
KL_0330,Kozhikode,Koyilandy,Pettavayal,11.280183,76.166268,rural,109,23.1,False,2024,3,2024-03-01,9050.9,9050.9,219.6,55.14,0.0,False,0.832,0.3321,83.04,True,False,False
KL_0330,Kozhikode,Koyilandy,Pettavayal,11.280183,76.166268,rural,109,23.1,False,2024,4,2024-04-01,11012.37,11012.37,220.9,67.01,0.0,False,0.845,0.4041,101.03,True,False,False
KL_0330,Kozhikode,Koyilandy,Pettavayal,11.280183,76.166268,rural,109,23.1,False,2024,5,2024-05-01,8872.77,8872.77,217.2,59.57,0.0,False,0.884,0.3256,81.4,True,False,False
KL_0330,Kozhikode,Koyilandy,Pettavayal,11.280183,76.166268,rural,109,23.1,False,2024,6,2024-06-01,3627.33,3627.33,237.6,21.78,0.0,False,0.718,0.1331,33.28,False,True,False
KL_0330,Kozhikode,Koyilandy,Pettavayal,11.280183,76.166268,rural,109,23.1,False,2024,7,2024-07-01,8527.2,8527.2,224.7,48.92,0.0,False,0.743,0.3129,78.23,False,True,False
KL_0330,Kozhikode,Koyilandy,Pettavayal,11.280183,76.166268,rural,109,23.1,False,2024,8,2024-08-01,10324.56,10324.56,220.2,66.79,0.0,False,0.847,0.3789,94.72,False,True,False
KL_0330,Kozhikode,Koyilandy,Pettavayal,11.280183,76.166268,rural,109,23.1,False,2024,9,2024-09-01,7778.64,7778.64,227.3,48.59,0.0,False,0.839,0.2855,71.36,False,True,False
KL_0330,Kozhikode,Koyilandy,Pettavayal,11.280183,76.166268,rural,109,23.1,False,2024,10,2024-10-01,6121.4,6121.4,226.4,38.15,0.0,False,0.779,0.2246,56.16,False,False,False
KL_0330,Kozhikode,Koyilandy,Pettavayal,11.280183,76.166268,rural,109,23.1,False,2024,11,2024-11-01,2994.37,2994.37,219.2,19.2,0.0,False,0.95,0.1099,27.47,False,False,False
KL_0330,Kozhikode,Koyilandy,Pettavayal,11.280183,76.166268,rural,109,23.1,False,2024,12,2024-12-01,9441.78,9441.78,216.9,55.98,0.0,False,0.792,0.3465,86.62,False,False,True
KL_0331,Kasaragod,Nileshwar,Kallamukku,12.461286,75.005316,urban,35,4.63,False,2023,1,2023-01-01,6110.71,6110.71,236.6,32.41,0.0,False,0.823,0.6984,174.59,False,False,True
KL_0331,Kasaragod,Nileshwar,Kallamukku,12.461286,75.005316,urban,35,4.63,False,2023,2,2023-02-01,5132.69,5132.69,224.5,33.49,0.0,False,0.907,0.5866,146.65,False,False,True
KL_0331,Kasaragod,Nileshwar,Kallamukku,12.461286,75.005316,urban,35,4.63,False,2023,3,2023-03-01,5981.8,5981.8,229.5,34.8,0.0,False,0.816,0.6836,170.91,True,False,False
KL_0331,Kasaragod,Nileshwar,Kallamukku,12.461286,75.005316,urban,35,4.63,False,2023,4,2023-04-01,6804.42,6804.42,212.3,48.16,0.0,False,0.807,0.7776,194.41,True,False,False
KL_0331,Kasaragod,Nileshwar,Kallamukku,12.461286,75.005316,urban,35,4.63,False,2023,5,2023-05-01,6811.48,6811.48,217.9,44.96,0.0,False,0.869,0.7785,194.61,True,False,False
KL_0331,Kasaragod,Nileshwar,Kallamukku,12.461286,75.005316,urban,35,4.63,False,2023,6,2023-06-01,8463.19,8463.19,236.8,49.6,0.0,False,0.813,0.9672,241.81,False,True,False
KL_0331,Kasaragod,Nileshwar,Kallamukku,12.461286,75.005316,urban,35,4.63,False,2023,7,2023-07-01,3665.56,3665.56,236.8,20.23,0.0,False,0.87,0.4189,104.73,False,True,False
KL_0331,Kasaragod,Nileshwar,Kallamukku,12.461286,75.005316,urban,35,4.63,False,2023,8,2023-08-01,6691.51,6691.51,245.6,34.79,0.0,False,0.876,0.7647,191.19,False,True,False
KL_0331,Kasaragod,Nileshwar,Kallamukku,12.461286,75.005316,urban,35,4.63,False,2023,9,2023-09-01,6998.76,6998.76,231.1,42.44,0.0,False,0.869,0.7999,199.96,False,True,False
KL_0331,Kasaragod,Nileshwar,Kallamukku,12.461286,75.005316,urban,35,4.63,False,2023,10,2023-10-01,4263.09,4263.09,225.9,25.34,0.0,False,0.909,0.4872,121.8,False,False,False
KL_0331,Kasaragod,Nileshwar,Kallamukku,12.461286,75.005316,urban,35,4.63,False,2023,11,2023-11-01,8293.46,8293.46,244.9,50.81,0.0,False,0.831,0.9478,236.96,False,False,False
KL_0331,Kasaragod,Nileshwar,Kallamukku,12.461286,75.005316,urban,35,4.63,False,2023,12,2023-12-01,6529.5,6529.5,211.3,41.42,0.0,False,0.825,0.7462,186.56,False,False,True
KL_0331,Kasaragod,Nileshwar,Kallamukku,12.461286,75.005316,urban,35,4.63,False,2024,1,2024-01-01,5991.71,5991.71,222.5,34.63,0.0,False,0.846,0.6848,171.19,False,False,True
KL_0331,Kasaragod,Nileshwar,Kallamukku,12.461286,75.005316,urban,35,4.63,False,2024,2,2024-02-01,8991.46,8991.46,209.9,55.25,0.0,False,0.709,1.0276,256.9,False,False,True
KL_0331,Kasaragod,Nileshwar,Kallamukku,12.461286,75.005316,urban,35,4.63,False,2024,3,2024-03-01,10436.48,10436.48,214.5,67.84,0.0,False,0.861,1.1927,298.19,True,False,False
KL_0331,Kasaragod,Nileshwar,Kallamukku,12.461286,75.005316,urban,35,4.63,False,2024,4,2024-04-01,6835.03,6835.03,224.0,45.31,0.0,False,0.834,0.7811,195.29,True,False,False
KL_0331,Kasaragod,Nileshwar,Kallamukku,12.461286,75.005316,urban,35,4.63,False,2024,5,2024-05-01,9118.3,9118.3,214.3,56.67,0.0,False,0.869,1.0421,260.52,True,False,False
KL_0331,Kasaragod,Nileshwar,Kallamukku,12.461286,75.005316,urban,35,4.63,False,2024,6,2024-06-01,9933.2,9933.2,230.4,59.05,0.0,False,0.805,1.1352,283.81,False,True,False
KL_0331,Kasaragod,Nileshwar,Kallamukku,12.461286,75.005316,urban,35,4.63,False,2024,7,2024-07-01,4973.87,4973.87,224.2,29.98,0.0,False,0.917,0.5684,142.11,False,True,False
KL_0331,Kasaragod,Nileshwar,Kallamukku,12.461286,75.005316,urban,35,4.63,False,2024,8,2024-08-01,6822.42,6822.42,233.1,43.35,0.0,False,0.84,0.7797,194.93,False,True,False
KL_0331,Kasaragod,Nileshwar,Kallamukku,12.461286,75.005316,urban,35,4.63,False,2024,9,2024-09-01,7016.22,7016.22,246.5,38.93,0.0,False,0.892,0.8019,200.46,False,True,False
KL_0331,Kasaragod,Nileshwar,Kallamukku,12.461286,75.005316,urban,35,4.63,False,2024,10,2024-10-01,7495.21,7495.21,234.6,45.97,0.0,False,0.825,0.8566,214.15,False,False,False
KL_0331,Kasaragod,Nileshwar,Kallamukku,12.461286,75.005316,urban,35,4.63,False,2024,11,2024-11-01,6334.67,6334.67,220.7,39.19,0.0,False,0.873,0.724,180.99,False,False,False
KL_0331,Kasaragod,Nileshwar,Kallamukku,12.461286,75.005316,urban,35,4.63,False,2024,12,2024-12-01,7215.58,7215.58,213.4,49.66,0.0,False,0.772,0.8246,206.16,False,False,True
KL_0332,Wayanad,Vythiri,Cherathara,11.851338,75.926029,semi-urban,195,11.64,False,2023,1,2023-01-01,28128.86,28128.86,228.1,178.29,0.0,False,0.74,0.577,144.25,False,False,True
KL_0332,Wayanad,Vythiri,Cherathara,11.851338,75.926029,semi-urban,195,11.64,False,2023,2,2023-02-01,26556.71,26556.71,228.9,145.95,0.0,False,0.84,0.5448,136.19,False,False,True
KL_0332,Wayanad,Vythiri,Cherathara,11.851338,75.926029,semi-urban,195,11.64,False,2023,3,2023-03-01,23587.37,23587.37,243.4,126.23,0.0,False,0.849,0.4838,120.96,True,False,False
KL_0332,Wayanad,Vythiri,Cherathara,11.851338,75.926029,semi-urban,195,11.64,False,2023,4,2023-04-01,27771.79,27771.79,225.9,174.69,0.0,False,0.845,0.5697,142.42,True,False,False
KL_0332,Wayanad,Vythiri,Cherathara,11.851338,75.926029,semi-urban,195,11.64,False,2023,5,2023-05-01,40578.4,40578.4,226.1,243.33,0.0,False,0.836,0.8324,208.09,True,False,False
KL_0332,Wayanad,Vythiri,Cherathara,11.851338,75.926029,semi-urban,195,11.64,False,2023,6,2023-06-01,28975.03,28975.03,228.9,161.21,0.0,False,0.83,0.5944,148.59,False,True,False
KL_0332,Wayanad,Vythiri,Cherathara,11.851338,75.926029,semi-urban,195,11.64,False,2023,7,2023-07-01,35726.28,35726.28,221.8,242.45,0.0,False,0.884,0.7328,183.21,False,True,False
KL_0332,Wayanad,Vythiri,Cherathara,11.851338,75.926029,semi-urban,195,11.64,False,2023,8,2023-08-01,26092.66,26092.66,249.8,154.0,0.0,False,0.939,0.5352,133.81,False,True,False
KL_0332,Wayanad,Vythiri,Cherathara,11.851338,75.926029,semi-urban,195,11.64,False,2023,9,2023-09-01,16657.03,16657.03,225.2,106.82,0.0,False,0.979,0.3417,85.42,False,True,False
KL_0332,Wayanad,Vythiri,Cherathara,11.851338,75.926029,semi-urban,195,11.64,False,2023,10,2023-10-01,16743.82,16743.82,222.7,95.65,0.0,False,0.905,0.3435,85.87,False,False,False
KL_0332,Wayanad,Vythiri,Cherathara,11.851338,75.926029,semi-urban,195,11.64,False,2023,11,2023-11-01,30177.9,30177.9,239.7,168.38,0.0,False,0.736,0.619,154.76,False,False,False
KL_0332,Wayanad,Vythiri,Cherathara,11.851338,75.926029,semi-urban,195,11.64,False,2023,12,2023-12-01,38660.65,38660.65,226.6,220.65,0.0,False,0.903,0.793,198.26,False,False,True
KL_0332,Wayanad,Vythiri,Cherathara,11.851338,75.926029,semi-urban,195,11.64,False,2024,1,2024-01-01,19028.63,19028.63,229.0,109.47,0.0,False,0.902,0.3903,97.58,False,False,True
KL_0332,Wayanad,Vythiri,Cherathara,11.851338,75.926029,semi-urban,195,11.64,False,2024,2,2024-02-01,20949.68,20949.68,222.2,129.03,0.0,False,0.845,0.4297,107.43,False,False,True
KL_0332,Wayanad,Vythiri,Cherathara,11.851338,75.926029,semi-urban,195,11.64,False,2024,3,2024-03-01,24414.74,24414.74,229.4,149.07,0.0,False,0.896,0.5008,125.2,True,False,False
KL_0332,Wayanad,Vythiri,Cherathara,11.851338,75.926029,semi-urban,195,11.64,False,2024,4,2024-04-01,18491.08,18491.08,217.6,119.55,0.0,False,0.868,0.3793,94.83,True,False,False
KL_0332,Wayanad,Vythiri,Cherathara,11.851338,75.926029,semi-urban,195,11.64,False,2024,5,2024-05-01,25577.68,25577.68,220.7,161.42,0.0,False,0.849,0.5247,131.17,True,False,False
KL_0332,Wayanad,Vythiri,Cherathara,11.851338,75.926029,semi-urban,195,11.64,False,2024,6,2024-06-01,21877.99,21877.99,240.4,125.66,0.0,False,0.863,0.4488,112.19,False,True,False
KL_0332,Wayanad,Vythiri,Cherathara,11.851338,75.926029,semi-urban,195,11.64,False,2024,7,2024-07-01,27083.79,27083.79,228.0,179.87,0.0,False,0.822,0.5556,138.89,False,True,False
KL_0332,Wayanad,Vythiri,Cherathara,11.851338,75.926029,semi-urban,195,11.64,False,2024,8,2024-08-01,17393.68,17393.68,236.8,97.19,0.0,False,0.758,0.3568,89.2,False,True,False
KL_0332,Wayanad,Vythiri,Cherathara,11.851338,75.926029,semi-urban,195,11.64,False,2024,9,2024-09-01,31536.91,31536.91,220.6,190.59,0.0,False,0.756,0.6469,161.73,False,True,False
KL_0332,Wayanad,Vythiri,Cherathara,11.851338,75.926029,semi-urban,195,11.64,False,2024,10,2024-10-01,17200.79,17200.79,225.6,95.46,0.0,False,0.896,0.3528,88.21,False,False,False
KL_0332,Wayanad,Vythiri,Cherathara,11.851338,75.926029,semi-urban,195,11.64,False,2024,11,2024-11-01,22307.41,22307.41,203.6,153.87,0.0,False,0.799,0.4576,114.4,False,False,False
KL_0332,Wayanad,Vythiri,Cherathara,11.851338,75.926029,semi-urban,195,11.64,False,2024,12,2024-12-01,27826.44,27826.44,226.6,161.71,0.0,False,0.774,0.5708,142.7,False,False,True
KL_0333,Kasaragod,Uppala,Pettaveli,12.472757,74.978797,rural,31,12.96,False,2023,1,2023-01-01,1818.26,1818.26,227.5,11.05,0.0,False,0.773,0.2346,58.65,False,False,True
KL_0333,Kasaragod,Uppala,Pettaveli,12.472757,74.978797,rural,31,12.96,False,2023,2,2023-02-01,2951.06,2951.06,227.7,16.54,0.0,False,0.826,0.3808,95.2,False,False,True
KL_0333,Kasaragod,Uppala,Pettaveli,12.472757,74.978797,rural,31,12.96,False,2023,3,2023-03-01,1282.79,1282.79,231.6,7.11,0.0,False,0.926,0.1655,41.38,True,False,False
KL_0333,Kasaragod,Uppala,Pettaveli,12.472757,74.978797,rural,31,12.96,False,2023,4,2023-04-01,2526.53,2526.53,236.9,14.52,0.0,False,0.843,0.326,81.5,True,False,False
KL_0333,Kasaragod,Uppala,Pettaveli,12.472757,74.978797,rural,31,12.96,False,2023,5,2023-05-01,2477.95,2477.95,230.7,15.26,0.0,False,0.778,0.3197,79.93,True,False,False
KL_0333,Kasaragod,Uppala,Pettaveli,12.472757,74.978797,rural,31,12.96,False,2023,6,2023-06-01,2156.58,2156.58,226.3,12.63,0.0,False,0.924,0.2783,69.57,False,True,False
KL_0333,Kasaragod,Uppala,Pettaveli,12.472757,74.978797,rural,31,12.96,False,2023,7,2023-07-01,3451.6,3451.6,229.9,19.34,0.0,False,0.866,0.4454,111.34,False,True,False
KL_0333,Kasaragod,Uppala,Pettaveli,12.472757,74.978797,rural,31,12.96,False,2023,8,2023-08-01,2184.66,2184.66,219.6,14.4,0.0,False,0.833,0.2819,70.47,False,True,False
KL_0333,Kasaragod,Uppala,Pettaveli,12.472757,74.978797,rural,31,12.96,False,2023,9,2023-09-01,1619.23,1619.23,257.6,7.94,0.0,False,0.874,0.2089,52.23,False,True,False
KL_0333,Kasaragod,Uppala,Pettaveli,12.472757,74.978797,rural,31,12.96,False,2023,10,2023-10-01,3069.44,3069.44,233.0,17.17,0.0,False,0.851,0.3961,99.01,False,False,False
KL_0333,Kasaragod,Uppala,Pettaveli,12.472757,74.978797,rural,31,12.96,False,2023,11,2023-11-01,2206.75,2206.75,232.2,13.6,0.0,False,0.814,0.2847,71.19,False,False,False
KL_0333,Kasaragod,Uppala,Pettaveli,12.472757,74.978797,rural,31,12.96,False,2023,12,2023-12-01,2564.82,2564.82,231.2,15.12,0.0,False,0.823,0.3309,82.74,False,False,True
KL_0333,Kasaragod,Uppala,Pettaveli,12.472757,74.978797,rural,31,12.96,False,2024,1,2024-01-01,2786.92,2786.92,224.5,15.81,0.0,False,0.788,0.3596,89.9,False,False,True
KL_0333,Kasaragod,Uppala,Pettaveli,12.472757,74.978797,rural,31,12.96,False,2024,2,2024-02-01,2660.0,2660.0,236.7,16.19,0.0,False,0.827,0.3432,85.81,False,False,True
KL_0333,Kasaragod,Uppala,Pettaveli,12.472757,74.978797,rural,31,12.96,False,2024,3,2024-03-01,1922.35,1922.35,230.8,11.45,0.0,False,0.897,0.248,62.01,True,False,False
KL_0333,Kasaragod,Uppala,Pettaveli,12.472757,74.978797,rural,31,12.96,False,2024,4,2024-04-01,1170.94,1170.94,236.4,6.83,0.0,False,0.895,0.1511,37.77,True,False,False
KL_0333,Kasaragod,Uppala,Pettaveli,12.472757,74.978797,rural,31,12.96,False,2024,5,2024-05-01,3517.13,3517.13,213.1,22.06,0.0,False,0.841,0.4538,113.46,True,False,False
KL_0333,Kasaragod,Uppala,Pettaveli,12.472757,74.978797,rural,31,12.96,False,2024,6,2024-06-01,2749.99,2749.99,229.6,15.47,0.0,False,0.842,0.3548,88.71,False,True,False
KL_0333,Kasaragod,Uppala,Pettaveli,12.472757,74.978797,rural,31,12.96,False,2024,7,2024-07-01,3568.94,3568.94,231.3,21.65,0.0,False,0.798,0.4605,115.13,False,True,False
KL_0333,Kasaragod,Uppala,Pettaveli,12.472757,74.978797,rural,31,12.96,False,2024,8,2024-08-01,3125.59,3125.59,220.0,20.77,0.0,False,0.87,0.4033,100.83,False,True,False
KL_0333,Kasaragod,Uppala,Pettaveli,12.472757,74.978797,rural,31,12.96,False,2024,9,2024-09-01,2071.02,2071.02,229.0,13.74,0.0,False,0.781,0.2672,66.81,False,True,False
KL_0333,Kasaragod,Uppala,Pettaveli,12.472757,74.978797,rural,31,12.96,False,2024,10,2024-10-01,3433.68,3433.68,237.1,21.47,0.0,False,0.892,0.4431,110.76,False,False,False
KL_0333,Kasaragod,Uppala,Pettaveli,12.472757,74.978797,rural,31,12.96,False,2024,11,2024-11-01,2070.97,2070.97,217.0,13.19,0.0,False,0.871,0.2672,66.81,False,False,False
KL_0333,Kasaragod,Uppala,Pettaveli,12.472757,74.978797,rural,31,12.96,False,2024,12,2024-12-01,733.08,733.08,222.8,4.6,0.0,False,0.837,0.0946,23.65,False,False,True
KL_0334,Kannur,Kannur,Manjaveli,11.914996,75.144194,rural,180,12.69,False,2023,1,2023-01-01,14335.13,14335.13,225.5,81.21,0.0,False,0.872,0.3186,79.64,False,False,True
KL_0334,Kannur,Kannur,Manjaveli,11.914996,75.144194,rural,180,12.69,False,2023,2,2023-02-01,19049.97,19049.97,245.7,112.6,0.0,False,0.833,0.4233,105.83,False,False,True
KL_0334,Kannur,Kannur,Manjaveli,11.914996,75.144194,rural,180,12.69,False,2023,3,2023-03-01,13046.54,13046.54,210.4,90.93,0.0,False,0.859,0.2899,72.48,True,False,False
KL_0334,Kannur,Kannur,Manjaveli,11.914996,75.144194,rural,180,12.69,False,2023,4,2023-04-01,22999.19,22999.19,231.7,136.9,0.0,False,0.861,0.5111,127.77,True,False,False
KL_0334,Kannur,Kannur,Manjaveli,11.914996,75.144194,rural,180,12.69,False,2023,5,2023-05-01,27755.17,27755.17,212.0,189.2,0.0,False,0.908,0.6168,154.2,True,False,False
KL_0334,Kannur,Kannur,Manjaveli,11.914996,75.144194,rural,180,12.69,False,2023,6,2023-06-01,18534.02,18534.02,212.3,131.35,0.0,False,0.874,0.4119,102.97,False,True,False
KL_0334,Kannur,Kannur,Manjaveli,11.914996,75.144194,rural,180,12.69,False,2023,7,2023-07-01,12528.04,12528.04,223.9,71.88,0.0,False,0.902,0.2784,69.6,False,True,False
KL_0334,Kannur,Kannur,Manjaveli,11.914996,75.144194,rural,180,12.69,False,2023,8,2023-08-01,25273.21,25273.21,245.6,155.08,0.0,False,0.87,0.5616,140.41,False,True,False
KL_0334,Kannur,Kannur,Manjaveli,11.914996,75.144194,rural,180,12.69,False,2023,9,2023-09-01,11851.02,11851.02,218.8,68.49,0.0,False,0.847,0.2634,65.84,False,True,False
KL_0334,Kannur,Kannur,Manjaveli,11.914996,75.144194,rural,180,12.69,False,2023,10,2023-10-01,24130.64,24130.64,229.9,139.13,0.0,False,0.876,0.5362,134.06,False,False,False
KL_0334,Kannur,Kannur,Manjaveli,11.914996,75.144194,rural,180,12.69,False,2023,11,2023-11-01,18632.14,18632.14,238.8,113.68,0.0,False,0.867,0.414,103.51,False,False,False
KL_0334,Kannur,Kannur,Manjaveli,11.914996,75.144194,rural,180,12.69,False,2023,12,2023-12-01,11235.15,11235.15,210.8,76.52,0.0,False,0.832,0.2497,62.42,False,False,True
KL_0334,Kannur,Kannur,Manjaveli,11.914996,75.144194,rural,180,12.69,False,2024,1,2024-01-01,16762.06,16762.06,223.7,106.34,0.0,False,0.78,0.3725,93.12,False,False,True
KL_0334,Kannur,Kannur,Manjaveli,11.914996,75.144194,rural,180,12.69,False,2024,2,2024-02-01,16218.21,16218.21,232.6,104.83,0.0,False,0.824,0.3604,90.1,False,False,True
KL_0334,Kannur,Kannur,Manjaveli,11.914996,75.144194,rural,180,12.69,False,2024,3,2024-03-01,13199.91,13199.91,235.7,80.55,0.0,False,0.824,0.2933,73.33,True,False,False
KL_0334,Kannur,Kannur,Manjaveli,11.914996,75.144194,rural,180,12.69,False,2024,4,2024-04-01,9098.53,9098.53,236.8,49.28,0.0,False,0.878,0.2022,50.55,True,False,False
KL_0334,Kannur,Kannur,Manjaveli,11.914996,75.144194,rural,180,12.69,False,2024,5,2024-05-01,20922.19,20922.19,236.1,125.47,0.0,False,0.847,0.4649,116.23,True,False,False
KL_0334,Kannur,Kannur,Manjaveli,11.914996,75.144194,rural,180,12.69,False,2024,6,2024-06-01,14466.6,14466.6,243.1,76.93,0.0,False,0.809,0.3215,80.37,False,True,False
KL_0334,Kannur,Kannur,Manjaveli,11.914996,75.144194,rural,180,12.69,False,2024,7,2024-07-01,18713.9,18713.9,238.2,107.56,0.0,False,0.842,0.4159,103.97,False,True,False
KL_0334,Kannur,Kannur,Manjaveli,11.914996,75.144194,rural,180,12.69,False,2024,8,2024-08-01,21610.63,21610.63,221.4,133.29,0.0,False,0.834,0.4802,120.06,False,True,False
KL_0334,Kannur,Kannur,Manjaveli,11.914996,75.144194,rural,180,12.69,False,2024,9,2024-09-01,23197.78,23197.78,230.1,140.21,0.0,False,0.804,0.5155,128.88,False,True,False
KL_0334,Kannur,Kannur,Manjaveli,11.914996,75.144194,rural,180,12.69,False,2024,10,2024-10-01,19383.24,19383.24,228.4,112.4,0.0,False,0.923,0.4307,107.68,False,False,False
KL_0334,Kannur,Kannur,Manjaveli,11.914996,75.144194,rural,180,12.69,False,2024,11,2024-11-01,9019.42,9019.42,219.1,52.47,0.0,False,0.841,0.2004,50.11,False,False,False
KL_0334,Kannur,Kannur,Manjaveli,11.914996,75.144194,rural,180,12.69,False,2024,12,2024-12-01,4837.13,4837.13,237.6,27.35,0.0,False,0.81,0.1075,26.87,False,False,True
KL_0335,Kollam,Paravur,Manavayal,9.162207,76.62992,urban,167,4.94,False,2023,1,2023-01-01,28537.59,28537.59,225.4,159.35,0.0,False,0.767,0.6835,170.88,False,False,True
KL_0335,Kollam,Paravur,Manavayal,9.162207,76.62992,urban,167,4.94,False,2023,2,2023-02-01,19716.92,19716.92,231.9,120.73,0.0,False,0.854,0.4723,118.07,False,False,True
KL_0335,Kollam,Paravur,Manavayal,9.162207,76.62992,urban,167,4.94,False,2023,3,2023-03-01,38761.77,38761.77,219.3,235.38,0.0,False,0.876,0.9284,232.11,True,False,False
KL_0335,Kollam,Paravur,Manavayal,9.162207,76.62992,urban,167,4.94,False,2023,4,2023-04-01,42824.56,42824.56,225.4,255.01,0.0,False,0.817,1.0257,256.43,True,False,False
KL_0335,Kollam,Paravur,Manavayal,9.162207,76.62992,urban,167,4.94,False,2023,5,2023-05-01,26715.81,26715.81,221.0,167.06,0.0,False,0.857,0.6399,159.97,True,False,False
KL_0335,Kollam,Paravur,Manavayal,9.162207,76.62992,urban,167,4.94,False,2023,6,2023-06-01,40960.54,40960.54,219.9,281.15,0.0,False,0.795,0.9811,245.27,False,True,False
KL_0335,Kollam,Paravur,Manavayal,9.162207,76.62992,urban,167,4.94,False,2023,7,2023-07-01,36611.94,36611.94,237.2,207.92,0.0,False,0.839,0.8769,219.23,False,True,False
KL_0335,Kollam,Paravur,Manavayal,9.162207,76.62992,urban,167,4.94,False,2023,8,2023-08-01,27200.81,27200.81,217.9,159.41,0.0,False,0.904,0.6515,162.88,False,True,False
KL_0335,Kollam,Paravur,Manavayal,9.162207,76.62992,urban,167,4.94,False,2023,9,2023-09-01,30916.19,30916.19,221.3,192.42,0.0,False,0.838,0.7405,185.13,False,True,False
KL_0335,Kollam,Paravur,Manavayal,9.162207,76.62992,urban,167,4.94,False,2023,10,2023-10-01,32764.74,32764.74,226.6,202.15,0.0,False,0.818,0.7848,196.2,False,False,False
KL_0335,Kollam,Paravur,Manavayal,9.162207,76.62992,urban,167,4.94,False,2023,11,2023-11-01,34072.81,34072.81,241.5,205.73,0.0,False,0.917,0.8161,204.03,False,False,False
KL_0335,Kollam,Paravur,Manavayal,9.162207,76.62992,urban,167,4.94,False,2023,12,2023-12-01,34031.97,34031.97,228.9,223.97,0.0,False,0.86,0.8151,203.78,False,False,True
KL_0335,Kollam,Paravur,Manavayal,9.162207,76.62992,urban,167,4.94,False,2024,1,2024-01-01,24205.01,24205.01,223.1,150.33,0.0,False,0.825,0.5798,144.94,False,False,True
KL_0335,Kollam,Paravur,Manavayal,9.162207,76.62992,urban,167,4.94,False,2024,2,2024-02-01,30262.34,30262.34,217.3,204.49,0.0,False,0.807,0.7248,181.21,False,False,True
KL_0335,Kollam,Paravur,Manavayal,9.162207,76.62992,urban,167,4.94,False,2024,3,2024-03-01,31825.66,31825.66,224.1,192.02,0.0,False,0.793,0.7623,190.57,True,False,False
KL_0335,Kollam,Paravur,Manavayal,9.162207,76.62992,urban,167,4.94,False,2024,4,2024-04-01,44393.47,44393.47,223.6,291.11,0.0,False,0.871,1.0633,265.83,True,False,False
KL_0335,Kollam,Paravur,Manavayal,9.162207,76.62992,urban,167,4.94,False,2024,5,2024-05-01,38266.16,38266.16,224.9,252.39,0.0,False,0.888,0.9166,229.14,True,False,False
KL_0335,Kollam,Paravur,Manavayal,9.162207,76.62992,urban,167,4.94,False,2024,6,2024-06-01,31511.61,31511.61,227.8,197.82,0.0,False,0.85,0.7548,188.69,False,True,False
KL_0335,Kollam,Paravur,Manavayal,9.162207,76.62992,urban,167,4.94,False,2024,7,2024-07-01,45863.55,45863.55,233.8,256.68,0.0,False,0.84,1.0985,274.63,False,True,False
KL_0335,Kollam,Paravur,Manavayal,9.162207,76.62992,urban,167,4.94,False,2024,8,2024-08-01,38258.09,38258.09,219.6,234.24,0.0,False,0.879,0.9164,229.09,False,True,False
KL_0335,Kollam,Paravur,Manavayal,9.162207,76.62992,urban,167,4.94,False,2024,9,2024-09-01,27566.19,27566.19,232.2,162.35,0.0,False,0.779,0.6603,165.07,False,True,False
KL_0335,Kollam,Paravur,Manavayal,9.162207,76.62992,urban,167,4.94,False,2024,10,2024-10-01,35444.13,35444.13,224.6,198.16,0.0,False,0.854,0.849,212.24,False,False,False
KL_0335,Kollam,Paravur,Manavayal,9.162207,76.62992,urban,167,4.94,False,2024,11,2024-11-01,24778.88,24778.88,228.0,146.92,0.0,False,0.851,0.5935,148.38,False,False,False
KL_0335,Kollam,Paravur,Manavayal,9.162207,76.62992,urban,167,4.94,False,2024,12,2024-12-01,32504.24,32504.24,219.4,198.14,0.0,False,0.871,0.7785,194.64,False,False,True
KL_0336,Kannur,Payyanur,Kallathara,12.150726,75.677437,urban,18,2.64,False,2023,1,2023-01-01,1979.6,1979.6,223.5,12.09,0.0,False,0.874,0.4399,109.98,False,False,True
KL_0336,Kannur,Payyanur,Kallathara,12.150726,75.677437,urban,18,2.64,False,2023,2,2023-02-01,1645.12,1645.12,221.1,10.64,0.0,False,0.83,0.3656,91.4,False,False,True
KL_0336,Kannur,Payyanur,Kallathara,12.150726,75.677437,urban,18,2.64,False,2023,3,2023-03-01,2816.35,2816.35,213.9,16.76,0.0,False,0.943,0.6259,156.46,True,False,False
KL_0336,Kannur,Payyanur,Kallathara,12.150726,75.677437,urban,18,2.64,False,2023,4,2023-04-01,3300.36,3300.36,226.0,19.52,0.0,False,0.796,0.7334,183.35,True,False,False
KL_0336,Kannur,Payyanur,Kallathara,12.150726,75.677437,urban,18,2.64,False,2023,5,2023-05-01,4245.99,4245.99,240.8,26.02,0.0,False,0.826,0.9436,235.89,True,False,False
KL_0336,Kannur,Payyanur,Kallathara,12.150726,75.677437,urban,18,2.64,False,2023,6,2023-06-01,4444.56,4444.56,214.5,28.32,0.0,False,0.893,0.9877,246.92,False,True,False
KL_0336,Kannur,Payyanur,Kallathara,12.150726,75.677437,urban,18,2.64,False,2023,7,2023-07-01,2427.38,2427.38,221.2,14.2,0.0,False,0.818,0.5394,134.85,False,True,False
KL_0336,Kannur,Payyanur,Kallathara,12.150726,75.677437,urban,18,2.64,False,2023,8,2023-08-01,2186.21,2186.21,228.5,12.92,0.0,False,0.856,0.4858,121.46,False,True,False
KL_0336,Kannur,Payyanur,Kallathara,12.150726,75.677437,urban,18,2.64,False,2023,9,2023-09-01,4089.32,4089.32,224.8,23.9,0.0,False,0.823,0.9087,227.18,False,True,False
KL_0336,Kannur,Payyanur,Kallathara,12.150726,75.677437,urban,18,2.64,False,2023,10,2023-10-01,3864.78,3864.78,239.5,20.96,0.0,False,0.83,0.8588,214.71,False,False,False
KL_0336,Kannur,Payyanur,Kallathara,12.150726,75.677437,urban,18,2.64,False,2023,11,2023-11-01,3977.98,3977.98,211.6,26.52,0.0,False,0.785,0.884,221.0,False,False,False
KL_0336,Kannur,Payyanur,Kallathara,12.150726,75.677437,urban,18,2.64,False,2023,12,2023-12-01,4591.29,4591.29,236.6,26.02,0.0,False,0.888,1.0203,255.07,False,False,True
KL_0336,Kannur,Payyanur,Kallathara,12.150726,75.677437,urban,18,2.64,False,2024,1,2024-01-01,2752.37,2752.37,235.1,16.02,0.0,False,0.889,0.6116,152.91,False,False,True
KL_0336,Kannur,Payyanur,Kallathara,12.150726,75.677437,urban,18,2.64,False,2024,2,2024-02-01,4156.42,4156.42,220.4,27.15,0.0,False,0.889,0.9236,230.91,False,False,True
KL_0336,Kannur,Payyanur,Kallathara,12.150726,75.677437,urban,18,2.64,False,2024,3,2024-03-01,3359.29,3359.29,227.7,18.49,0.0,False,0.829,0.7465,186.63,True,False,False
KL_0336,Kannur,Payyanur,Kallathara,12.150726,75.677437,urban,18,2.64,False,2024,4,2024-04-01,3874.9,3874.9,244.6,20.45,0.0,False,0.867,0.8611,215.27,True,False,False
KL_0336,Kannur,Payyanur,Kallathara,12.150726,75.677437,urban,18,2.64,False,2024,5,2024-05-01,5998.1,5998.1,213.9,40.98,0.0,False,0.95,1.3329,333.23,True,False,False
KL_0336,Kannur,Payyanur,Kallathara,12.150726,75.677437,urban,18,2.64,False,2024,6,2024-06-01,5056.8,5056.8,250.5,27.15,0.0,False,0.865,1.1237,280.93,False,True,False
KL_0336,Kannur,Payyanur,Kallathara,12.150726,75.677437,urban,18,2.64,False,2024,7,2024-07-01,3029.96,3029.96,241.4,17.01,0.0,False,0.792,0.6733,168.33,False,True,False
KL_0336,Kannur,Payyanur,Kallathara,12.150726,75.677437,urban,18,2.64,False,2024,8,2024-08-01,1754.97,1754.97,230.8,11.08,0.0,False,0.807,0.39,97.5,False,True,False
KL_0336,Kannur,Payyanur,Kallathara,12.150726,75.677437,urban,18,2.64,False,2024,9,2024-09-01,2703.01,2703.01,246.1,15.21,0.0,False,0.805,0.6007,150.17,False,True,False
KL_0336,Kannur,Payyanur,Kallathara,12.150726,75.677437,urban,18,2.64,False,2024,10,2024-10-01,4722.47,4722.47,224.6,26.58,0.0,False,0.916,1.0494,262.36,False,False,False
KL_0336,Kannur,Payyanur,Kallathara,12.150726,75.677437,urban,18,2.64,False,2024,11,2024-11-01,5353.07,5353.07,207.4,36.62,0.0,False,0.87,1.1896,297.39,False,False,False
KL_0336,Kannur,Payyanur,Kallathara,12.150726,75.677437,urban,18,2.64,False,2024,12,2024-12-01,3079.19,3079.19,218.4,20.27,0.0,False,0.771,0.6843,171.07,False,False,True
KL_0337,Alappuzha,Kayamkulam,Pettakunnu,9.45748,76.704557,rural,72,8.64,False,2023,1,2023-01-01,4668.37,4668.37,220.1,31.22,0.0,False,0.915,0.2594,64.84,False,False,True
KL_0337,Alappuzha,Kayamkulam,Pettakunnu,9.45748,76.704557,rural,72,8.64,False,2023,2,2023-02-01,4409.45,4409.45,232.2,26.65,0.0,False,0.878,0.245,61.24,False,False,True
KL_0337,Alappuzha,Kayamkulam,Pettakunnu,9.45748,76.704557,rural,72,8.64,False,2023,3,2023-03-01,8257.84,8257.84,212.0,49.47,0.0,False,0.859,0.4588,114.69,True,False,False
KL_0337,Alappuzha,Kayamkulam,Pettakunnu,9.45748,76.704557,rural,72,8.64,False,2023,4,2023-04-01,3367.55,3367.55,229.2,22.12,0.0,False,0.926,0.1871,46.77,True,False,False
KL_0337,Alappuzha,Kayamkulam,Pettakunnu,9.45748,76.704557,rural,72,8.64,False,2023,5,2023-05-01,4631.61,4631.61,216.5,29.3,0.0,False,0.839,0.2573,64.33,True,False,False
KL_0337,Alappuzha,Kayamkulam,Pettakunnu,9.45748,76.704557,rural,72,8.64,False,2023,6,2023-06-01,5328.2,5328.2,221.7,31.5,0.0,False,0.918,0.296,74.0,False,True,False
KL_0337,Alappuzha,Kayamkulam,Pettakunnu,9.45748,76.704557,rural,72,8.64,False,2023,7,2023-07-01,5924.33,5924.33,220.6,36.81,0.0,False,0.74,0.3291,82.28,False,True,False
KL_0337,Alappuzha,Kayamkulam,Pettakunnu,9.45748,76.704557,rural,72,8.64,False,2023,8,2023-08-01,7711.54,7711.54,221.3,53.08,0.0,False,0.813,0.4284,107.1,False,True,False
KL_0337,Alappuzha,Kayamkulam,Pettakunnu,9.45748,76.704557,rural,72,8.64,False,2023,9,2023-09-01,7868.24,7868.24,224.0,49.46,0.0,False,0.89,0.4371,109.28,False,True,False
KL_0337,Alappuzha,Kayamkulam,Pettakunnu,9.45748,76.704557,rural,72,8.64,False,2023,10,2023-10-01,7944.46,7944.46,219.4,45.65,0.0,False,0.934,0.4414,110.34,False,False,False
KL_0337,Alappuzha,Kayamkulam,Pettakunnu,9.45748,76.704557,rural,72,8.64,False,2023,11,2023-11-01,6792.6,6792.6,227.6,44.6,0.0,False,0.789,0.3774,94.34,False,False,False
KL_0337,Alappuzha,Kayamkulam,Pettakunnu,9.45748,76.704557,rural,72,8.64,False,2023,12,2023-12-01,6733.72,6733.72,234.4,41.51,0.0,False,0.829,0.3741,93.52,False,False,True
KL_0337,Alappuzha,Kayamkulam,Pettakunnu,9.45748,76.704557,rural,72,8.64,False,2024,1,2024-01-01,6108.54,6108.54,231.3,33.9,0.0,False,0.858,0.3394,84.84,False,False,True
KL_0337,Alappuzha,Kayamkulam,Pettakunnu,9.45748,76.704557,rural,72,8.64,False,2024,2,2024-02-01,6662.62,6662.62,225.9,37.32,0.0,False,0.803,0.3701,92.54,False,False,True
KL_0337,Alappuzha,Kayamkulam,Pettakunnu,9.45748,76.704557,rural,72,8.64,False,2024,3,2024-03-01,7221.46,7221.46,230.1,46.73,0.0,False,0.837,0.4012,100.3,True,False,False
KL_0337,Alappuzha,Kayamkulam,Pettakunnu,9.45748,76.704557,rural,72,8.64,False,2024,4,2024-04-01,6636.11,6636.11,234.4,35.39,0.0,False,0.929,0.3687,92.17,True,False,False
KL_0337,Alappuzha,Kayamkulam,Pettakunnu,9.45748,76.704557,rural,72,8.64,False,2024,5,2024-05-01,5590.59,5590.59,219.3,32.53,0.0,False,0.798,0.3106,77.65,True,False,False
KL_0337,Alappuzha,Kayamkulam,Pettakunnu,9.45748,76.704557,rural,72,8.64,False,2024,6,2024-06-01,7242.82,7242.82,232.1,44.25,0.0,False,0.838,0.4024,100.59,False,True,False
KL_0337,Alappuzha,Kayamkulam,Pettakunnu,9.45748,76.704557,rural,72,8.64,False,2024,7,2024-07-01,5305.51,5305.51,215.6,37.25,0.0,False,0.864,0.2948,73.69,False,True,False
KL_0337,Alappuzha,Kayamkulam,Pettakunnu,9.45748,76.704557,rural,72,8.64,False,2024,8,2024-08-01,5923.69,5923.69,216.9,35.91,0.0,False,0.873,0.3291,82.27,False,True,False
KL_0337,Alappuzha,Kayamkulam,Pettakunnu,9.45748,76.704557,rural,72,8.64,False,2024,9,2024-09-01,8542.36,8542.36,237.2,53.33,0.0,False,0.807,0.4746,118.64,False,True,False
KL_0337,Alappuzha,Kayamkulam,Pettakunnu,9.45748,76.704557,rural,72,8.64,False,2024,10,2024-10-01,6704.77,6704.77,229.8,43.05,0.0,False,0.841,0.3725,93.12,False,False,False
KL_0337,Alappuzha,Kayamkulam,Pettakunnu,9.45748,76.704557,rural,72,8.64,False,2024,11,2024-11-01,4987.45,4987.45,215.0,31.28,0.0,False,0.836,0.2771,69.27,False,False,False
KL_0337,Alappuzha,Kayamkulam,Pettakunnu,9.45748,76.704557,rural,72,8.64,False,2024,12,2024-12-01,4923.97,4923.97,233.6,31.39,0.0,False,0.865,0.2736,68.39,False,False,True
KL_0338,Kozhikode,Feroke,Cheravayal,11.556961,75.591711,urban,195,4.94,False,2023,1,2023-01-01,16940.79,16940.79,228.2,93.51,0.0,False,0.791,0.3475,86.88,False,False,True
KL_0338,Kozhikode,Feroke,Cheravayal,11.556961,75.591711,urban,195,4.94,False,2023,2,2023-02-01,40500.58,40500.58,223.2,247.45,0.0,False,0.914,0.8308,207.7,False,False,True
KL_0338,Kozhikode,Feroke,Cheravayal,11.556961,75.591711,urban,195,4.94,False,2023,3,2023-03-01,45753.76,45753.76,235.2,272.23,0.0,False,0.863,0.9385,234.63,True,False,False
KL_0338,Kozhikode,Feroke,Cheravayal,11.556961,75.591711,urban,195,4.94,False,2023,4,2023-04-01,51529.1,51529.1,215.4,331.86,0.0,False,0.903,1.057,264.25,True,False,False
KL_0338,Kozhikode,Feroke,Cheravayal,11.556961,75.591711,urban,195,4.94,False,2023,5,2023-05-01,45812.94,45812.94,218.9,296.82,0.0,False,0.821,0.9398,234.94,True,False,False
KL_0338,Kozhikode,Feroke,Cheravayal,11.556961,75.591711,urban,195,4.94,False,2023,6,2023-06-01,49608.56,49608.56,225.0,321.06,0.0,False,0.789,1.0176,254.4,False,True,False
KL_0338,Kozhikode,Feroke,Cheravayal,11.556961,75.591711,urban,195,4.94,False,2023,7,2023-07-01,24450.01,24450.01,232.1,155.06,0.0,False,0.802,0.5015,125.38,False,True,False
KL_0338,Kozhikode,Feroke,Cheravayal,11.556961,75.591711,urban,195,4.94,False,2023,8,2023-08-01,27336.11,27336.11,227.9,168.56,0.0,False,0.885,0.5607,140.19,False,True,False
KL_0338,Kozhikode,Feroke,Cheravayal,11.556961,75.591711,urban,195,4.94,False,2023,9,2023-09-01,22263.67,22263.67,215.3,134.41,0.0,False,0.828,0.4567,114.17,False,True,False
KL_0338,Kozhikode,Feroke,Cheravayal,11.556961,75.591711,urban,195,4.94,False,2023,10,2023-10-01,42484.89,42484.89,221.0,256.51,0.0,False,0.769,0.8715,217.87,False,False,False
KL_0338,Kozhikode,Feroke,Cheravayal,11.556961,75.591711,urban,195,4.94,False,2023,11,2023-11-01,47520.76,47520.76,220.7,312.65,0.0,False,0.859,0.9748,243.7,False,False,False
KL_0338,Kozhikode,Feroke,Cheravayal,11.556961,75.591711,urban,195,4.94,False,2023,12,2023-12-01,36132.57,36132.57,228.5,239.01,0.0,False,0.834,0.7412,185.3,False,False,True
KL_0338,Kozhikode,Feroke,Cheravayal,11.556961,75.591711,urban,195,4.94,False,2024,1,2024-01-01,35760.75,35760.75,207.1,256.36,0.0,False,0.835,0.7336,183.39,False,False,True
KL_0338,Kozhikode,Feroke,Cheravayal,11.556961,75.591711,urban,195,4.94,False,2024,2,2024-02-01,39951.87,39951.87,206.9,292.92,0.0,False,0.764,0.8195,204.88,False,False,True
KL_0338,Kozhikode,Feroke,Cheravayal,11.556961,75.591711,urban,195,4.94,False,2024,3,2024-03-01,28347.96,28347.96,224.5,186.15,0.0,False,0.775,0.5815,145.37,True,False,False
KL_0338,Kozhikode,Feroke,Cheravayal,11.556961,75.591711,urban,195,4.94,False,2024,4,2024-04-01,34725.28,34725.28,240.1,185.1,0.0,False,0.823,0.7123,178.08,True,False,False
KL_0338,Kozhikode,Feroke,Cheravayal,11.556961,75.591711,urban,195,4.94,False,2024,5,2024-05-01,46600.33,46600.33,222.4,271.35,0.0,False,0.804,0.9559,238.98,True,False,False
KL_0338,Kozhikode,Feroke,Cheravayal,11.556961,75.591711,urban,195,4.94,False,2024,6,2024-06-01,57615.51,57615.51,229.9,326.99,0.0,False,0.822,1.1819,295.46,False,True,False
KL_0338,Kozhikode,Feroke,Cheravayal,11.556961,75.591711,urban,195,4.94,False,2024,7,2024-07-01,35754.59,35754.59,225.5,201.96,0.0,False,0.892,0.7334,183.36,False,True,False
KL_0338,Kozhikode,Feroke,Cheravayal,11.556961,75.591711,urban,195,4.94,False,2024,8,2024-08-01,21580.68,21580.68,227.8,136.77,0.0,False,0.797,0.4427,110.67,False,True,False
KL_0338,Kozhikode,Feroke,Cheravayal,11.556961,75.591711,urban,195,4.94,False,2024,9,2024-09-01,33946.42,33946.42,224.2,208.64,0.0,False,0.805,0.6963,174.08,False,True,False
KL_0338,Kozhikode,Feroke,Cheravayal,11.556961,75.591711,urban,195,4.94,False,2024,10,2024-10-01,35126.18,35126.18,228.0,217.14,0.0,False,0.824,0.7205,180.13,False,False,False
KL_0338,Kozhikode,Feroke,Cheravayal,11.556961,75.591711,urban,195,4.94,False,2024,11,2024-11-01,40389.71,40389.71,225.5,227.98,0.0,False,0.802,0.8285,207.13,False,False,False
KL_0338,Kozhikode,Feroke,Cheravayal,11.556961,75.591711,urban,195,4.94,False,2024,12,2024-12-01,37824.21,37824.21,222.3,235.37,0.0,False,0.839,0.7759,193.97,False,False,True
KL_0339,Kollam,Kollam,Melapara,8.878778,76.345579,semi-urban,23,4.24,False,2023,1,2023-01-01,1041.74,1041.74,233.4,5.76,0.0,False,0.901,0.1812,45.29,False,False,True
KL_0339,Kollam,Kollam,Melapara,8.878778,76.345579,semi-urban,23,4.24,False,2023,2,2023-02-01,2278.35,2278.35,222.7,14.39,0.0,False,0.836,0.3962,99.06,False,False,True
KL_0339,Kollam,Kollam,Melapara,8.878778,76.345579,semi-urban,23,4.24,False,2023,3,2023-03-01,4052.56,4052.56,233.8,25.92,0.0,False,0.863,0.7048,176.2,True,False,False
KL_0339,Kollam,Kollam,Melapara,8.878778,76.345579,semi-urban,23,4.24,False,2023,4,2023-04-01,2911.26,2911.26,223.4,18.18,0.0,False,0.734,0.5063,126.58,True,False,False
KL_0339,Kollam,Kollam,Melapara,8.878778,76.345579,semi-urban,23,4.24,False,2023,5,2023-05-01,1230.75,1230.75,219.2,8.43,0.0,False,0.854,0.214,53.51,True,False,False
KL_0339,Kollam,Kollam,Melapara,8.878778,76.345579,semi-urban,23,4.24,False,2023,6,2023-06-01,3322.05,3322.05,226.8,21.32,0.0,False,0.924,0.5777,144.44,False,True,False
KL_0339,Kollam,Kollam,Melapara,8.878778,76.345579,semi-urban,23,4.24,False,2023,7,2023-07-01,1630.02,1630.02,229.8,10.2,0.0,False,0.855,0.2835,70.87,False,True,False
KL_0339,Kollam,Kollam,Melapara,8.878778,76.345579,semi-urban,23,4.24,False,2023,8,2023-08-01,2538.85,2538.85,216.5,17.79,0.0,False,0.856,0.4415,110.38,False,True,False
KL_0339,Kollam,Kollam,Melapara,8.878778,76.345579,semi-urban,23,4.24,False,2023,9,2023-09-01,1917.35,1917.35,226.7,11.87,0.0,False,0.864,0.3335,83.36,False,True,False
KL_0339,Kollam,Kollam,Melapara,8.878778,76.345579,semi-urban,23,4.24,False,2023,10,2023-10-01,3843.74,3843.74,224.7,25.05,0.0,False,0.928,0.6685,167.12,False,False,False
KL_0339,Kollam,Kollam,Melapara,8.878778,76.345579,semi-urban,23,4.24,False,2023,11,2023-11-01,2388.18,2388.18,229.0,14.29,0.0,False,0.918,0.4153,103.83,False,False,False
KL_0339,Kollam,Kollam,Melapara,8.878778,76.345579,semi-urban,23,4.24,False,2023,12,2023-12-01,2784.89,2784.89,241.9,15.35,0.0,False,0.799,0.4843,121.08,False,False,True
KL_0339,Kollam,Kollam,Melapara,8.878778,76.345579,semi-urban,23,4.24,False,2024,1,2024-01-01,3298.4,3298.4,238.0,18.37,0.0,False,0.91,0.5736,143.41,False,False,True
KL_0339,Kollam,Kollam,Melapara,8.878778,76.345579,semi-urban,23,4.24,False,2024,2,2024-02-01,2839.58,2839.58,220.3,16.36,0.0,False,0.919,0.4938,123.46,False,False,True
KL_0339,Kollam,Kollam,Melapara,8.878778,76.345579,semi-urban,23,4.24,False,2024,3,2024-03-01,2776.69,2776.69,237.3,17.69,0.0,False,0.764,0.4829,120.73,True,False,False
KL_0339,Kollam,Kollam,Melapara,8.878778,76.345579,semi-urban,23,4.24,False,2024,4,2024-04-01,3292.93,3292.93,233.7,20.49,0.0,False,0.851,0.5727,143.17,True,False,False
KL_0339,Kollam,Kollam,Melapara,8.878778,76.345579,semi-urban,23,4.24,False,2024,5,2024-05-01,3820.38,3820.38,213.6,23.89,0.0,False,0.876,0.6644,166.1,True,False,False
KL_0339,Kollam,Kollam,Melapara,8.878778,76.345579,semi-urban,23,4.24,False,2024,6,2024-06-01,3751.12,3751.12,232.1,24.54,0.0,False,0.71,0.6524,163.09,False,True,False
KL_0339,Kollam,Kollam,Melapara,8.878778,76.345579,semi-urban,23,4.24,False,2024,7,2024-07-01,2587.76,2587.76,229.1,14.6,0.0,False,0.816,0.45,112.51,False,True,False
KL_0339,Kollam,Kollam,Melapara,8.878778,76.345579,semi-urban,23,4.24,False,2024,8,2024-08-01,2632.45,2632.45,209.5,16.54,0.0,False,0.814,0.4578,114.45,False,True,False
KL_0339,Kollam,Kollam,Melapara,8.878778,76.345579,semi-urban,23,4.24,False,2024,9,2024-09-01,3183.58,3183.58,213.1,21.58,0.0,False,0.818,0.5537,138.42,False,True,False
KL_0339,Kollam,Kollam,Melapara,8.878778,76.345579,semi-urban,23,4.24,False,2024,10,2024-10-01,3543.81,3543.81,230.3,23.16,0.0,False,0.902,0.6163,154.08,False,False,False
KL_0339,Kollam,Kollam,Melapara,8.878778,76.345579,semi-urban,23,4.24,False,2024,11,2024-11-01,3454.49,3454.49,231.2,20.54,0.0,False,0.847,0.6008,150.2,False,False,False
KL_0339,Kollam,Kollam,Melapara,8.878778,76.345579,semi-urban,23,4.24,False,2024,12,2024-12-01,2440.02,2440.02,214.8,16.16,0.0,False,0.871,0.4244,106.09,False,False,True
KL_0340,Pathanamthitta,Mallappally,Padamveli,9.452144,76.867973,rural,123,6.4,True,2023,1,2023-01-01,6798.48,6798.48,225.4,44.58,0.0,False,0.854,0.2211,55.27,False,False,True
KL_0340,Pathanamthitta,Mallappally,Padamveli,9.452144,76.867973,rural,123,6.4,True,2023,2,2023-02-01,7826.82,7826.82,232.3,45.91,0.0,False,0.973,0.2545,63.63,False,False,True
KL_0340,Pathanamthitta,Mallappally,Padamveli,9.452144,76.867973,rural,123,6.4,True,2023,3,2023-03-01,12946.75,12946.75,234.4,69.5,0.0,False,0.9,0.421,105.26,True,False,False
KL_0340,Pathanamthitta,Mallappally,Padamveli,9.452144,76.867973,rural,123,6.4,True,2023,4,2023-04-01,6044.24,6044.24,220.2,41.47,0.0,False,0.849,0.1966,49.14,True,False,False
KL_0340,Pathanamthitta,Mallappally,Padamveli,9.452144,76.867973,rural,123,6.4,True,2023,5,2023-05-01,8544.44,8544.44,246.9,44.59,0.0,False,0.837,0.2779,69.47,True,False,False
KL_0340,Pathanamthitta,Mallappally,Padamveli,9.452144,76.867973,rural,123,6.4,True,2023,6,2023-06-01,16171.65,16171.65,228.6,94.73,0.0,False,0.815,0.5259,131.48,False,True,False
KL_0340,Pathanamthitta,Mallappally,Padamveli,9.452144,76.867973,rural,123,6.4,True,2023,7,2023-07-01,13015.65,13015.65,231.6,78.18,0.0,False,0.801,0.4233,105.82,False,True,False
KL_0340,Pathanamthitta,Mallappally,Padamveli,9.452144,76.867973,rural,123,6.4,True,2023,8,2023-08-01,12197.21,12197.21,220.2,72.14,0.0,False,0.79,0.3967,99.16,False,True,False
KL_0340,Pathanamthitta,Mallappally,Padamveli,9.452144,76.867973,rural,123,6.4,True,2023,9,2023-09-01,12638.62,12638.62,240.3,66.43,0.0,False,0.899,0.411,102.75,False,True,False
KL_0340,Pathanamthitta,Mallappally,Padamveli,9.452144,76.867973,rural,123,6.4,True,2023,10,2023-10-01,11475.87,11475.87,212.5,79.44,0.0,False,0.805,0.3732,93.3,False,False,False
KL_0340,Pathanamthitta,Mallappally,Padamveli,9.452144,76.867973,rural,123,6.4,True,2023,11,2023-11-01,8412.5,8412.5,227.0,51.19,0.0,False,0.882,0.2736,68.39,False,False,False
KL_0340,Pathanamthitta,Mallappally,Padamveli,9.452144,76.867973,rural,123,6.4,True,2023,12,2023-12-01,10363.58,10363.58,232.3,57.62,0.0,False,0.825,0.337,84.26,False,False,True
KL_0340,Pathanamthitta,Mallappally,Padamveli,9.452144,76.867973,rural,123,6.4,True,2024,1,2024-01-01,10383.05,10383.05,247.5,55.41,0.0,False,0.812,0.3377,84.42,False,False,True
KL_0340,Pathanamthitta,Mallappally,Padamveli,9.452144,76.867973,rural,123,6.4,True,2024,2,2024-02-01,9229.0,9229.0,208.7,60.9,0.0,False,0.833,0.3001,75.03,False,False,True
KL_0340,Pathanamthitta,Mallappally,Padamveli,9.452144,76.867973,rural,123,6.4,True,2024,3,2024-03-01,13817.91,13817.91,227.2,81.77,0.0,False,0.94,0.4494,112.34,True,False,False
KL_0340,Pathanamthitta,Mallappally,Padamveli,9.452144,76.867973,rural,123,6.4,True,2024,4,2024-04-01,15098.99,15098.99,236.3,92.58,0.0,False,1.002,0.491,122.76,True,False,False
KL_0340,Pathanamthitta,Mallappally,Padamveli,9.452144,76.867973,rural,123,6.4,True,2024,5,2024-05-01,17144.35,17144.35,240.1,101.79,0.0,False,0.832,0.5575,139.38,True,False,False
KL_0340,Pathanamthitta,Mallappally,Padamveli,9.452144,76.867973,rural,123,6.4,True,2024,6,2024-06-01,13060.53,13060.53,233.7,71.02,0.0,False,0.827,0.4247,106.18,False,True,False
KL_0340,Pathanamthitta,Mallappally,Padamveli,9.452144,76.867973,rural,123,6.4,True,2024,7,2024-07-01,7322.66,7322.66,225.2,44.76,0.0,False,0.898,0.2381,59.53,False,True,False
KL_0340,Pathanamthitta,Mallappally,Padamveli,9.452144,76.867973,rural,123,6.4,True,2024,8,2024-08-01,7519.2,7519.2,227.0,49.85,0.0,False,0.858,0.2445,61.13,False,True,False
KL_0340,Pathanamthitta,Mallappally,Padamveli,9.452144,76.867973,rural,123,6.4,True,2024,9,2024-09-01,7251.28,7251.28,219.6,41.46,0.0,False,0.817,0.2358,58.95,False,True,False
KL_0340,Pathanamthitta,Mallappally,Padamveli,9.452144,76.867973,rural,123,6.4,True,2024,10,2024-10-01,5063.21,5063.21,244.8,29.48,0.0,False,0.875,0.1647,41.16,False,False,False
KL_0340,Pathanamthitta,Mallappally,Padamveli,9.452144,76.867973,rural,123,6.4,True,2024,11,2024-11-01,4634.13,4634.13,233.0,26.9,0.0,False,0.888,0.1507,37.68,False,False,False
KL_0340,Pathanamthitta,Mallappally,Padamveli,9.452144,76.867973,rural,123,6.4,True,2024,12,2024-12-01,14237.12,14237.12,241.5,74.18,0.0,False,0.838,0.463,115.75,False,False,True
KL_0341,Thrissur,Kodungallur,Melanagar,10.372909,76.063146,semi-urban,135,4.67,True,2023,1,2023-01-01,16521.87,16521.87,223.7,104.03,0.0,False,0.839,0.4895,122.38,False,False,True
KL_0341,Thrissur,Kodungallur,Melanagar,10.372909,76.063146,semi-urban,135,4.67,True,2023,2,2023-02-01,16671.24,16671.24,243.7,93.33,0.0,False,0.936,0.494,123.49,False,False,True
KL_0341,Thrissur,Kodungallur,Melanagar,10.372909,76.063146,semi-urban,135,4.67,True,2023,3,2023-03-01,15089.4,15089.4,227.1,91.67,0.0,False,0.809,0.4471,111.77,True,False,False
KL_0341,Thrissur,Kodungallur,Melanagar,10.372909,76.063146,semi-urban,135,4.67,True,2023,4,2023-04-01,24462.57,24462.57,234.5,132.89,0.0,False,0.823,0.7248,181.2,True,False,False
KL_0341,Thrissur,Kodungallur,Melanagar,10.372909,76.063146,semi-urban,135,4.67,True,2023,5,2023-05-01,32665.3,32665.3,228.4,210.95,0.0,False,0.827,0.9679,241.97,True,False,False
KL_0341,Thrissur,Kodungallur,Melanagar,10.372909,76.063146,semi-urban,135,4.67,True,2023,6,2023-06-01,12918.73,12918.73,218.7,85.37,0.0,False,0.935,0.3828,95.69,False,True,False
KL_0341,Thrissur,Kodungallur,Melanagar,10.372909,76.063146,semi-urban,135,4.67,True,2023,7,2023-07-01,25741.11,25741.11,232.3,165.65,0.0,False,0.751,0.7627,190.67,False,True,False
KL_0341,Thrissur,Kodungallur,Melanagar,10.372909,76.063146,semi-urban,135,4.67,True,2023,8,2023-08-01,17778.5,17778.5,230.4,98.33,0.0,False,0.891,0.5268,131.69,False,True,False
KL_0341,Thrissur,Kodungallur,Melanagar,10.372909,76.063146,semi-urban,135,4.67,True,2023,9,2023-09-01,18160.85,18160.85,243.9,98.51,0.0,False,0.849,0.5381,134.52,False,True,False
KL_0341,Thrissur,Kodungallur,Melanagar,10.372909,76.063146,semi-urban,135,4.67,True,2023,10,2023-10-01,17696.57,17696.57,214.7,107.65,0.0,False,0.941,0.5243,131.09,False,False,False
KL_0341,Thrissur,Kodungallur,Melanagar,10.372909,76.063146,semi-urban,135,4.67,True,2023,11,2023-11-01,24115.06,24115.06,211.5,153.83,0.0,False,0.868,0.7145,178.63,False,False,False
KL_0341,Thrissur,Kodungallur,Melanagar,10.372909,76.063146,semi-urban,135,4.67,True,2023,12,2023-12-01,22121.37,22121.37,231.8,127.51,0.0,False,0.742,0.6554,163.86,False,False,True
KL_0341,Thrissur,Kodungallur,Melanagar,10.372909,76.063146,semi-urban,135,4.67,True,2024,1,2024-01-01,9464.56,9464.56,236.6,56.76,0.0,False,0.931,0.2804,70.11,False,False,True
KL_0341,Thrissur,Kodungallur,Melanagar,10.372909,76.063146,semi-urban,135,4.67,True,2024,2,2024-02-01,15254.07,15254.07,223.0,104.34,0.0,False,0.838,0.452,112.99,False,False,True
KL_0341,Thrissur,Kodungallur,Melanagar,10.372909,76.063146,semi-urban,135,4.67,True,2024,3,2024-03-01,18953.07,18953.07,237.7,119.25,0.0,False,0.748,0.5616,140.39,True,False,False
KL_0341,Thrissur,Kodungallur,Melanagar,10.372909,76.063146,semi-urban,135,4.67,True,2024,4,2024-04-01,27738.23,27738.23,228.6,164.19,0.0,False,0.83,0.8219,205.47,True,False,False
KL_0341,Thrissur,Kodungallur,Melanagar,10.372909,76.063146,semi-urban,135,4.67,True,2024,5,2024-05-01,24144.51,24144.51,233.2,146.14,0.0,False,0.852,0.7154,178.85,True,False,False
KL_0341,Thrissur,Kodungallur,Melanagar,10.372909,76.063146,semi-urban,135,4.67,True,2024,6,2024-06-01,28514.47,28514.47,222.6,174.65,0.0,False,0.798,0.8449,211.22,False,True,False
KL_0341,Thrissur,Kodungallur,Melanagar,10.372909,76.063146,semi-urban,135,4.67,True,2024,7,2024-07-01,27125.4,27125.4,223.3,166.6,0.0,False,0.773,0.8037,200.93,False,True,False
KL_0341,Thrissur,Kodungallur,Melanagar,10.372909,76.063146,semi-urban,135,4.67,True,2024,8,2024-08-01,17966.07,17966.07,214.8,104.91,0.0,False,0.865,0.5323,133.08,False,True,False
KL_0341,Thrissur,Kodungallur,Melanagar,10.372909,76.063146,semi-urban,135,4.67,True,2024,9,2024-09-01,19221.61,19221.61,231.9,123.78,0.0,False,0.788,0.5695,142.38,False,True,False
KL_0341,Thrissur,Kodungallur,Melanagar,10.372909,76.063146,semi-urban,135,4.67,True,2024,10,2024-10-01,21010.71,21010.71,222.9,132.15,0.0,False,0.799,0.6225,155.63,False,False,False
KL_0341,Thrissur,Kodungallur,Melanagar,10.372909,76.063146,semi-urban,135,4.67,True,2024,11,2024-11-01,22949.2,22949.2,234.2,139.2,0.0,False,0.918,0.68,169.99,False,False,False
KL_0341,Thrissur,Kodungallur,Melanagar,10.372909,76.063146,semi-urban,135,4.67,True,2024,12,2024-12-01,16227.56,16227.56,231.5,102.15,0.0,False,0.833,0.4808,120.2,False,False,True
KL_0342,Palakkad,Mannarkkad,Manjakunnu,11.016586,76.27464,semi-urban,106,6.96,True,2023,1,2023-01-01,13579.36,13579.36,229.1,89.71,0.0,False,0.789,0.5124,128.11,False,False,True
KL_0342,Palakkad,Mannarkkad,Manjakunnu,11.016586,76.27464,semi-urban,106,6.96,True,2023,2,2023-02-01,15288.53,15288.53,225.0,103.65,0.0,False,0.805,0.5769,144.23,False,False,True
KL_0342,Palakkad,Mannarkkad,Manjakunnu,11.016586,76.27464,semi-urban,106,6.96,True,2023,3,2023-03-01,9055.77,9055.77,223.7,60.31,0.0,False,0.869,0.3417,85.43,True,False,False
KL_0342,Palakkad,Mannarkkad,Manjakunnu,11.016586,76.27464,semi-urban,106,6.96,True,2023,4,2023-04-01,15555.94,15555.94,236.1,94.87,0.0,False,0.871,0.587,146.75,True,False,False
KL_0342,Palakkad,Mannarkkad,Manjakunnu,11.016586,76.27464,semi-urban,106,6.96,True,2023,5,2023-05-01,17475.36,17475.36,243.5,94.38,0.0,False,0.883,0.6594,164.86,True,False,False
KL_0342,Palakkad,Mannarkkad,Manjakunnu,11.016586,76.27464,semi-urban,106,6.96,True,2023,6,2023-06-01,17361.7,17361.7,224.1,100.02,0.0,False,0.89,0.6552,163.79,False,True,False
KL_0342,Palakkad,Mannarkkad,Manjakunnu,11.016586,76.27464,semi-urban,106,6.96,True,2023,7,2023-07-01,12601.59,12601.59,235.8,69.99,0.0,False,0.867,0.4755,118.88,False,True,False
KL_0342,Palakkad,Mannarkkad,Manjakunnu,11.016586,76.27464,semi-urban,106,6.96,True,2023,8,2023-08-01,10011.78,10011.78,240.7,55.09,0.0,False,0.88,0.3778,94.45,False,True,False
KL_0342,Palakkad,Mannarkkad,Manjakunnu,11.016586,76.27464,semi-urban,106,6.96,True,2023,9,2023-09-01,13889.59,13889.59,224.9,90.5,0.0,False,0.826,0.5241,131.03,False,True,False
KL_0342,Palakkad,Mannarkkad,Manjakunnu,11.016586,76.27464,semi-urban,106,6.96,True,2023,10,2023-10-01,26453.63,26453.63,241.5,157.02,0.0,False,0.794,0.9983,249.56,False,False,False
KL_0342,Palakkad,Mannarkkad,Manjakunnu,11.016586,76.27464,semi-urban,106,6.96,True,2023,11,2023-11-01,16701.92,16701.92,233.2,92.36,0.0,False,0.918,0.6303,157.57,False,False,False
KL_0342,Palakkad,Mannarkkad,Manjakunnu,11.016586,76.27464,semi-urban,106,6.96,True,2023,12,2023-12-01,14459.84,14459.84,222.5,90.51,0.0,False,0.894,0.5457,136.41,False,False,True
KL_0342,Palakkad,Mannarkkad,Manjakunnu,11.016586,76.27464,semi-urban,106,6.96,True,2024,1,2024-01-01,17472.46,17472.46,225.9,114.89,0.0,False,0.836,0.6593,164.83,False,False,True
KL_0342,Palakkad,Mannarkkad,Manjakunnu,11.016586,76.27464,semi-urban,106,6.96,True,2024,2,2024-02-01,14306.26,14306.26,219.9,83.97,0.0,False,0.817,0.5399,134.96,False,False,True
KL_0342,Palakkad,Mannarkkad,Manjakunnu,11.016586,76.27464,semi-urban,106,6.96,True,2024,3,2024-03-01,16367.74,16367.74,244.8,97.14,0.0,False,0.964,0.6177,154.41,True,False,False
KL_0342,Palakkad,Mannarkkad,Manjakunnu,11.016586,76.27464,semi-urban,106,6.96,True,2024,4,2024-04-01,21107.77,21107.77,243.0,112.09,0.0,False,0.805,0.7965,199.13,True,False,False
KL_0342,Palakkad,Mannarkkad,Manjakunnu,11.016586,76.27464,semi-urban,106,6.96,True,2024,5,2024-05-01,14217.09,14217.09,226.6,84.2,0.0,False,0.861,0.5365,134.12,True,False,False
KL_0342,Palakkad,Mannarkkad,Manjakunnu,11.016586,76.27464,semi-urban,106,6.96,True,2024,6,2024-06-01,16512.32,16512.32,240.2,91.64,0.0,False,0.816,0.6231,155.78,False,True,False
KL_0342,Palakkad,Mannarkkad,Manjakunnu,11.016586,76.27464,semi-urban,106,6.96,True,2024,7,2024-07-01,8399.73,8399.73,219.4,53.72,0.0,False,0.829,0.317,79.24,False,True,False
KL_0342,Palakkad,Mannarkkad,Manjakunnu,11.016586,76.27464,semi-urban,106,6.96,True,2024,8,2024-08-01,17944.45,17944.45,224.3,118.36,0.0,False,0.812,0.6771,169.29,False,True,False
KL_0342,Palakkad,Mannarkkad,Manjakunnu,11.016586,76.27464,semi-urban,106,6.96,True,2024,9,2024-09-01,10910.01,10910.01,228.5,71.04,0.0,False,0.742,0.4117,102.92,False,True,False
KL_0342,Palakkad,Mannarkkad,Manjakunnu,11.016586,76.27464,semi-urban,106,6.96,True,2024,10,2024-10-01,18586.15,18586.15,213.4,112.23,0.0,False,0.87,0.7014,175.34,False,False,False
KL_0342,Palakkad,Mannarkkad,Manjakunnu,11.016586,76.27464,semi-urban,106,6.96,True,2024,11,2024-11-01,17732.86,17732.86,245.2,98.86,0.0,False,0.883,0.6692,167.29,False,False,False
KL_0342,Palakkad,Mannarkkad,Manjakunnu,11.016586,76.27464,semi-urban,106,6.96,True,2024,12,2024-12-01,11613.86,11613.86,222.2,72.67,0.0,False,0.817,0.4383,109.56,False,False,True
KL_0343,Kollam,Anchal,Manaveli,8.814148,76.851094,rural,144,23.28,False,2023,1,2023-01-01,4970.21,6734.41,227.8,48.1,35.5,True,0.98,0.1871,46.77,False,False,True
KL_0343,Kollam,Anchal,Manaveli,8.814148,76.851094,rural,144,23.28,False,2023,2,2023-02-01,11103.29,13776.6,213.8,100.88,24.08,True,0.864,0.3827,95.67,False,False,True
KL_0343,Kollam,Anchal,Manaveli,8.814148,76.851094,rural,144,23.28,False,2023,3,2023-03-01,10388.97,13039.92,226.1,101.87,25.52,True,0.858,0.3622,90.56,True,False,False
KL_0343,Kollam,Anchal,Manaveli,8.814148,76.851094,rural,144,23.28,False,2023,4,2023-04-01,13126.13,18151.24,206.3,147.99,38.28,True,0.869,0.5042,126.05,True,False,False
KL_0343,Kollam,Anchal,Manaveli,8.814148,76.851094,rural,144,23.28,False,2023,5,2023-05-01,17975.79,17975.79,238.1,108.26,0.0,False,0.82,0.4993,124.83,True,False,False
KL_0343,Kollam,Anchal,Manaveli,8.814148,76.851094,rural,144,23.28,False,2023,6,2023-06-01,14080.65,18432.83,217.8,131.94,30.91,True,0.801,0.512,128.01,False,True,False
KL_0343,Kollam,Anchal,Manaveli,8.814148,76.851094,rural,144,23.28,False,2023,7,2023-07-01,12090.1,17124.16,218.6,122.79,41.64,True,0.812,0.4757,118.92,False,True,False
KL_0343,Kollam,Anchal,Manaveli,8.814148,76.851094,rural,144,23.28,False,2023,8,2023-08-01,7580.73,8790.64,206.8,69.77,15.96,True,0.823,0.2442,61.05,False,True,False
KL_0343,Kollam,Anchal,Manaveli,8.814148,76.851094,rural,144,23.28,False,2023,9,2023-09-01,5841.58,8025.3,212.8,67.74,37.38,True,0.878,0.2229,55.73,False,True,False
KL_0343,Kollam,Anchal,Manaveli,8.814148,76.851094,rural,144,23.28,False,2023,10,2023-10-01,9004.28,10993.64,217.2,90.68,22.09,True,0.831,0.3054,76.34,False,False,False
KL_0343,Kollam,Anchal,Manaveli,8.814148,76.851094,rural,144,23.28,False,2023,11,2023-11-01,11301.29,13424.9,189.7,127.35,18.79,True,0.881,0.3729,93.23,False,False,False
KL_0343,Kollam,Anchal,Manaveli,8.814148,76.851094,rural,144,23.28,False,2023,12,2023-12-01,13214.54,17439.13,231.4,131.42,31.97,True,0.787,0.4844,121.11,False,False,True
KL_0343,Kollam,Anchal,Manaveli,8.814148,76.851094,rural,144,23.28,False,2024,1,2024-01-01,10195.89,12261.49,217.1,92.54,20.26,True,0.818,0.3406,85.15,False,False,True
KL_0343,Kollam,Anchal,Manaveli,8.814148,76.851094,rural,144,23.28,False,2024,2,2024-02-01,11389.4,13932.93,216.2,105.92,22.33,True,0.814,0.387,96.76,False,False,True
KL_0343,Kollam,Anchal,Manaveli,8.814148,76.851094,rural,144,23.28,False,2024,3,2024-03-01,10797.84,14188.67,219.3,116.0,31.4,True,0.659,0.3941,98.53,True,False,False
KL_0343,Kollam,Anchal,Manaveli,8.814148,76.851094,rural,144,23.28,False,2024,4,2024-04-01,3510.24,4274.25,217.2,31.27,21.77,True,0.827,0.1187,29.68,True,False,False
KL_0343,Kollam,Anchal,Manaveli,8.814148,76.851094,rural,144,23.28,False,2024,5,2024-05-01,17653.8,24011.7,210.7,184.22,36.01,True,0.798,0.667,166.75,True,False,False
KL_0343,Kollam,Anchal,Manaveli,8.814148,76.851094,rural,144,23.28,False,2024,6,2024-06-01,20717.2,20717.2,230.6,113.1,0.0,False,0.873,0.5755,143.87,False,True,False
KL_0343,Kollam,Anchal,Manaveli,8.814148,76.851094,rural,144,23.28,False,2024,7,2024-07-01,7622.58,9965.94,197.9,90.69,30.74,True,0.887,0.2768,69.21,False,True,False
KL_0343,Kollam,Anchal,Manaveli,8.814148,76.851094,rural,144,23.28,False,2024,8,2024-08-01,10658.6,14125.35,219.9,104.75,32.53,True,0.78,0.3924,98.09,False,True,False
KL_0343,Kollam,Anchal,Manaveli,8.814148,76.851094,rural,144,23.28,False,2024,9,2024-09-01,10822.99,13481.27,208.2,114.12,24.56,True,0.838,0.3745,93.62,False,True,False
KL_0343,Kollam,Anchal,Manaveli,8.814148,76.851094,rural,144,23.28,False,2024,10,2024-10-01,6719.82,8568.32,231.7,64.13,27.51,True,0.786,0.238,59.5,False,False,False
KL_0343,Kollam,Anchal,Manaveli,8.814148,76.851094,rural,144,23.28,False,2024,11,2024-11-01,7922.71,9464.19,213.4,78.98,19.46,True,0.866,0.2629,65.72,False,False,False
KL_0343,Kollam,Anchal,Manaveli,8.814148,76.851094,rural,144,23.28,False,2024,12,2024-12-01,13197.3,17681.14,217.5,144.63,33.98,True,0.816,0.4911,122.79,False,False,True
KL_0344,Ernakulam,Perumbavoor,Manakunnu,10.11651,76.355759,semi-urban,19,7.38,False,2023,1,2023-01-01,1378.67,1378.67,214.7,9.03,0.0,False,0.823,0.2902,72.56,False,False,True
KL_0344,Ernakulam,Perumbavoor,Manakunnu,10.11651,76.355759,semi-urban,19,7.38,False,2023,2,2023-02-01,3302.18,3302.18,227.0,19.15,0.0,False,0.839,0.6952,173.8,False,False,True
KL_0344,Ernakulam,Perumbavoor,Manakunnu,10.11651,76.355759,semi-urban,19,7.38,False,2023,3,2023-03-01,3299.76,3299.76,223.3,18.67,0.0,False,0.864,0.6947,173.67,True,False,False
KL_0344,Ernakulam,Perumbavoor,Manakunnu,10.11651,76.355759,semi-urban,19,7.38,False,2023,4,2023-04-01,4115.84,4115.84,235.9,24.15,0.0,False,0.853,0.8665,216.62,True,False,False
KL_0344,Ernakulam,Perumbavoor,Manakunnu,10.11651,76.355759,semi-urban,19,7.38,False,2023,5,2023-05-01,5491.36,5491.36,226.9,32.48,0.0,False,0.87,1.1561,289.02,True,False,False
KL_0344,Ernakulam,Perumbavoor,Manakunnu,10.11651,76.355759,semi-urban,19,7.38,False,2023,6,2023-06-01,2274.29,2274.29,216.7,14.32,0.0,False,0.886,0.4788,119.7,False,True,False
KL_0344,Ernakulam,Perumbavoor,Manakunnu,10.11651,76.355759,semi-urban,19,7.38,False,2023,7,2023-07-01,2883.93,2883.93,231.6,18.71,0.0,False,0.843,0.6071,151.79,False,True,False
KL_0344,Ernakulam,Perumbavoor,Manakunnu,10.11651,76.355759,semi-urban,19,7.38,False,2023,8,2023-08-01,2110.64,2110.64,237.4,12.7,0.0,False,0.798,0.4443,111.09,False,True,False
KL_0344,Ernakulam,Perumbavoor,Manakunnu,10.11651,76.355759,semi-urban,19,7.38,False,2023,9,2023-09-01,2470.18,2470.18,244.9,12.72,0.0,False,0.77,0.52,130.01,False,True,False
KL_0344,Ernakulam,Perumbavoor,Manakunnu,10.11651,76.355759,semi-urban,19,7.38,False,2023,10,2023-10-01,3121.37,3121.37,255.1,16.09,0.0,False,0.812,0.6571,164.28,False,False,False
KL_0344,Ernakulam,Perumbavoor,Manakunnu,10.11651,76.355759,semi-urban,19,7.38,False,2023,11,2023-11-01,1555.15,1555.15,235.2,10.06,0.0,False,0.861,0.3274,81.85,False,False,False
KL_0344,Ernakulam,Perumbavoor,Manakunnu,10.11651,76.355759,semi-urban,19,7.38,False,2023,12,2023-12-01,2359.8,2359.8,239.0,13.59,0.0,False,0.781,0.4968,124.2,False,False,True
KL_0344,Ernakulam,Perumbavoor,Manakunnu,10.11651,76.355759,semi-urban,19,7.38,False,2024,1,2024-01-01,3868.22,3868.22,239.5,24.16,0.0,False,0.904,0.8144,203.59,False,False,True
KL_0344,Ernakulam,Perumbavoor,Manakunnu,10.11651,76.355759,semi-urban,19,7.38,False,2024,2,2024-02-01,2504.18,2504.18,222.1,15.84,0.0,False,0.797,0.5272,131.8,False,False,True
KL_0344,Ernakulam,Perumbavoor,Manakunnu,10.11651,76.355759,semi-urban,19,7.38,False,2024,3,2024-03-01,3433.7,3433.7,233.6,21.87,0.0,False,0.844,0.7229,180.72,True,False,False
KL_0344,Ernakulam,Perumbavoor,Manakunnu,10.11651,76.355759,semi-urban,19,7.38,False,2024,4,2024-04-01,3342.53,3342.53,208.5,23.72,0.0,False,0.924,0.7037,175.92,True,False,False
KL_0344,Ernakulam,Perumbavoor,Manakunnu,10.11651,76.355759,semi-urban,19,7.38,False,2024,5,2024-05-01,3704.22,3704.22,232.4,22.96,0.0,False,0.841,0.7798,194.96,True,False,False
KL_0344,Ernakulam,Perumbavoor,Manakunnu,10.11651,76.355759,semi-urban,19,7.38,False,2024,6,2024-06-01,3061.46,3061.46,219.9,20.64,0.0,False,0.795,0.6445,161.13,False,True,False
KL_0344,Ernakulam,Perumbavoor,Manakunnu,10.11651,76.355759,semi-urban,19,7.38,False,2024,7,2024-07-01,2325.38,2325.38,244.7,13.36,0.0,False,0.724,0.4896,122.39,False,True,False
KL_0344,Ernakulam,Perumbavoor,Manakunnu,10.11651,76.355759,semi-urban,19,7.38,False,2024,8,2024-08-01,2520.38,2520.38,222.1,14.57,0.0,False,0.87,0.5306,132.65,False,True,False
KL_0344,Ernakulam,Perumbavoor,Manakunnu,10.11651,76.355759,semi-urban,19,7.38,False,2024,9,2024-09-01,3262.88,3262.88,216.2,22.5,0.0,False,0.866,0.6869,171.73,False,True,False
KL_0344,Ernakulam,Perumbavoor,Manakunnu,10.11651,76.355759,semi-urban,19,7.38,False,2024,10,2024-10-01,2075.1,2075.1,218.4,12.21,0.0,False,0.879,0.4369,109.22,False,False,False
KL_0344,Ernakulam,Perumbavoor,Manakunnu,10.11651,76.355759,semi-urban,19,7.38,False,2024,11,2024-11-01,2621.84,2621.84,236.8,15.37,0.0,False,0.856,0.552,137.99,False,False,False
KL_0344,Ernakulam,Perumbavoor,Manakunnu,10.11651,76.355759,semi-urban,19,7.38,False,2024,12,2024-12-01,2558.11,2558.11,235.7,14.53,0.0,False,0.823,0.5385,134.64,False,False,True
KL_0345,Idukki,Kumily,Manapara,9.992357,76.972715,rural,182,18.89,False,2023,1,2023-01-01,13155.63,13155.63,225.7,80.27,0.0,False,0.811,0.2891,72.28,False,False,True
KL_0345,Idukki,Kumily,Manapara,9.992357,76.972715,rural,182,18.89,False,2023,2,2023-02-01,13423.25,13423.25,227.3,85.39,0.0,False,0.852,0.295,73.75,False,False,True
KL_0345,Idukki,Kumily,Manapara,9.992357,76.972715,rural,182,18.89,False,2023,3,2023-03-01,14535.49,14535.49,233.9,79.29,0.0,False,0.899,0.3195,79.87,True,False,False
KL_0345,Idukki,Kumily,Manapara,9.992357,76.972715,rural,182,18.89,False,2023,4,2023-04-01,21543.58,21543.58,218.8,149.76,0.0,False,0.702,0.4735,118.37,True,False,False
KL_0345,Idukki,Kumily,Manapara,9.992357,76.972715,rural,182,18.89,False,2023,5,2023-05-01,14617.64,14617.64,245.7,88.49,0.0,False,0.897,0.3213,80.32,True,False,False
KL_0345,Idukki,Kumily,Manapara,9.992357,76.972715,rural,182,18.89,False,2023,6,2023-06-01,10623.3,10623.3,203.3,71.63,0.0,False,0.835,0.2335,58.37,False,True,False
KL_0345,Idukki,Kumily,Manapara,9.992357,76.972715,rural,182,18.89,False,2023,7,2023-07-01,5813.45,5813.45,237.3,37.25,0.0,False,0.842,0.1278,31.94,False,True,False
KL_0345,Idukki,Kumily,Manapara,9.992357,76.972715,rural,182,18.89,False,2023,8,2023-08-01,17054.07,17054.07,226.5,96.71,0.0,False,0.885,0.3748,93.7,False,True,False
KL_0345,Idukki,Kumily,Manapara,9.992357,76.972715,rural,182,18.89,False,2023,9,2023-09-01,19190.9,19190.9,229.5,115.53,0.0,False,0.841,0.4218,105.44,False,True,False
KL_0345,Idukki,Kumily,Manapara,9.992357,76.972715,rural,182,18.89,False,2023,10,2023-10-01,20201.66,20201.66,209.4,140.86,0.0,False,0.861,0.444,111.0,False,False,False
KL_0345,Idukki,Kumily,Manapara,9.992357,76.972715,rural,182,18.89,False,2023,11,2023-11-01,11339.81,11339.81,231.1,64.26,0.0,False,0.768,0.2492,62.31,False,False,False
KL_0345,Idukki,Kumily,Manapara,9.992357,76.972715,rural,182,18.89,False,2023,12,2023-12-01,12353.58,12353.58,232.8,80.45,0.0,False,0.836,0.2715,67.88,False,False,True
KL_0345,Idukki,Kumily,Manapara,9.992357,76.972715,rural,182,18.89,False,2024,1,2024-01-01,8047.31,8047.31,226.7,46.24,0.0,False,0.875,0.1769,44.22,False,False,True
KL_0345,Idukki,Kumily,Manapara,9.992357,76.972715,rural,182,18.89,False,2024,2,2024-02-01,12937.53,12937.53,223.3,84.23,0.0,False,0.83,0.2843,71.09,False,False,True
KL_0345,Idukki,Kumily,Manapara,9.992357,76.972715,rural,182,18.89,False,2024,3,2024-03-01,17119.42,17119.42,234.3,94.75,0.0,False,0.833,0.3763,94.06,True,False,False
KL_0345,Idukki,Kumily,Manapara,9.992357,76.972715,rural,182,18.89,False,2024,4,2024-04-01,9938.1,9938.1,213.1,69.3,0.0,False,0.858,0.2184,54.6,True,False,False
KL_0345,Idukki,Kumily,Manapara,9.992357,76.972715,rural,182,18.89,False,2024,5,2024-05-01,10393.4,10393.4,224.5,63.92,0.0,False,0.872,0.2284,57.11,True,False,False
KL_0345,Idukki,Kumily,Manapara,9.992357,76.972715,rural,182,18.89,False,2024,6,2024-06-01,20837.91,20837.91,241.7,112.92,0.0,False,0.926,0.458,114.49,False,True,False
KL_0345,Idukki,Kumily,Manapara,9.992357,76.972715,rural,182,18.89,False,2024,7,2024-07-01,17870.82,17870.82,240.7,94.98,0.0,False,0.872,0.3928,98.19,False,True,False
KL_0345,Idukki,Kumily,Manapara,9.992357,76.972715,rural,182,18.89,False,2024,8,2024-08-01,18973.24,18973.24,216.3,115.97,0.0,False,0.918,0.417,104.25,False,True,False
KL_0345,Idukki,Kumily,Manapara,9.992357,76.972715,rural,182,18.89,False,2024,9,2024-09-01,15960.84,15960.84,239.6,88.36,0.0,False,0.845,0.3508,87.7,False,True,False
KL_0345,Idukki,Kumily,Manapara,9.992357,76.972715,rural,182,18.89,False,2024,10,2024-10-01,28209.54,28209.54,237.0,157.54,0.0,False,0.732,0.62,155.0,False,False,False
KL_0345,Idukki,Kumily,Manapara,9.992357,76.972715,rural,182,18.89,False,2024,11,2024-11-01,7237.71,7237.71,210.7,48.13,0.0,False,0.829,0.1591,39.77,False,False,False
KL_0345,Idukki,Kumily,Manapara,9.992357,76.972715,rural,182,18.89,False,2024,12,2024-12-01,14197.02,14197.02,249.4,82.7,0.0,False,0.809,0.312,78.01,False,False,True
KL_0346,Wayanad,Sulthan Bathery,Idavaveli,11.853764,75.488625,rural,167,7.61,False,2023,1,2023-01-01,7819.16,7819.16,240.9,43.65,0.0,False,0.847,0.1873,46.82,False,False,True
KL_0346,Wayanad,Sulthan Bathery,Idavaveli,11.853764,75.488625,rural,167,7.61,False,2023,2,2023-02-01,17242.41,17242.41,236.8,102.81,0.0,False,0.834,0.413,103.25,False,False,True
KL_0346,Wayanad,Sulthan Bathery,Idavaveli,11.853764,75.488625,rural,167,7.61,False,2023,3,2023-03-01,9156.59,9156.59,218.5,55.3,0.0,False,0.863,0.2193,54.83,True,False,False
KL_0346,Wayanad,Sulthan Bathery,Idavaveli,11.853764,75.488625,rural,167,7.61,False,2023,4,2023-04-01,13470.86,13470.86,225.5,87.69,0.0,False,0.816,0.3227,80.66,True,False,False
KL_0346,Wayanad,Sulthan Bathery,Idavaveli,11.853764,75.488625,rural,167,7.61,False,2023,5,2023-05-01,17673.47,17673.47,220.8,103.71,0.0,False,0.861,0.4233,105.83,True,False,False
KL_0346,Wayanad,Sulthan Bathery,Idavaveli,11.853764,75.488625,rural,167,7.61,False,2023,6,2023-06-01,19523.86,19523.86,223.0,115.15,0.0,False,0.868,0.4676,116.91,False,True,False
KL_0346,Wayanad,Sulthan Bathery,Idavaveli,11.853764,75.488625,rural,167,7.61,False,2023,7,2023-07-01,12661.07,12661.07,232.0,78.25,0.0,False,0.852,0.3033,75.81,False,True,False
KL_0346,Wayanad,Sulthan Bathery,Idavaveli,11.853764,75.488625,rural,167,7.61,False,2023,8,2023-08-01,11780.65,11780.65,240.9,70.01,0.0,False,0.777,0.2822,70.54,False,True,False
KL_0346,Wayanad,Sulthan Bathery,Idavaveli,11.853764,75.488625,rural,167,7.61,False,2023,9,2023-09-01,18340.55,18340.55,216.8,122.75,0.0,False,0.895,0.4393,109.82,False,True,False
KL_0346,Wayanad,Sulthan Bathery,Idavaveli,11.853764,75.488625,rural,167,7.61,False,2023,10,2023-10-01,12430.79,12430.79,210.9,81.33,0.0,False,0.881,0.2977,74.44,False,False,False
KL_0346,Wayanad,Sulthan Bathery,Idavaveli,11.853764,75.488625,rural,167,7.61,False,2023,11,2023-11-01,16030.83,16030.83,219.6,97.85,0.0,False,0.84,0.384,95.99,False,False,False
KL_0346,Wayanad,Sulthan Bathery,Idavaveli,11.853764,75.488625,rural,167,7.61,False,2023,12,2023-12-01,12953.61,12953.61,219.0,82.82,0.0,False,0.759,0.3103,77.57,False,False,True
KL_0346,Wayanad,Sulthan Bathery,Idavaveli,11.853764,75.488625,rural,167,7.61,False,2024,1,2024-01-01,11381.67,11381.67,233.1,72.08,0.0,False,0.865,0.2726,68.15,False,False,True
KL_0346,Wayanad,Sulthan Bathery,Idavaveli,11.853764,75.488625,rural,167,7.61,False,2024,2,2024-02-01,19735.58,19735.58,221.1,129.94,0.0,False,0.824,0.4727,118.18,False,False,True
KL_0346,Wayanad,Sulthan Bathery,Idavaveli,11.853764,75.488625,rural,167,7.61,False,2024,3,2024-03-01,18342.86,18342.86,243.8,107.74,0.0,False,0.823,0.4393,109.84,True,False,False
KL_0346,Wayanad,Sulthan Bathery,Idavaveli,11.853764,75.488625,rural,167,7.61,False,2024,4,2024-04-01,17865.5,17865.5,233.5,108.66,0.0,False,0.846,0.4279,106.98,True,False,False
KL_0346,Wayanad,Sulthan Bathery,Idavaveli,11.853764,75.488625,rural,167,7.61,False,2024,5,2024-05-01,16362.97,16362.97,225.7,91.7,0.0,False,0.923,0.3919,97.98,True,False,False
KL_0346,Wayanad,Sulthan Bathery,Idavaveli,11.853764,75.488625,rural,167,7.61,False,2024,6,2024-06-01,18252.45,18252.45,224.4,111.76,0.0,False,0.857,0.4372,109.3,False,True,False
KL_0346,Wayanad,Sulthan Bathery,Idavaveli,11.853764,75.488625,rural,167,7.61,False,2024,7,2024-07-01,15837.12,15837.12,231.3,101.45,0.0,False,0.844,0.3793,94.83,False,True,False
KL_0346,Wayanad,Sulthan Bathery,Idavaveli,11.853764,75.488625,rural,167,7.61,False,2024,8,2024-08-01,21839.27,21839.27,223.2,144.47,0.0,False,0.824,0.5231,130.77,False,True,False
KL_0346,Wayanad,Sulthan Bathery,Idavaveli,11.853764,75.488625,rural,167,7.61,False,2024,9,2024-09-01,13649.23,13649.23,236.0,86.98,0.0,False,0.852,0.3269,81.73,False,True,False
KL_0346,Wayanad,Sulthan Bathery,Idavaveli,11.853764,75.488625,rural,167,7.61,False,2024,10,2024-10-01,4318.45,4318.45,245.8,26.07,0.0,False,0.85,0.1034,25.86,False,False,False
KL_0346,Wayanad,Sulthan Bathery,Idavaveli,11.853764,75.488625,rural,167,7.61,False,2024,11,2024-11-01,17056.48,17056.48,221.0,104.92,0.0,False,0.88,0.4085,102.13,False,False,False
KL_0346,Wayanad,Sulthan Bathery,Idavaveli,11.853764,75.488625,rural,167,7.61,False,2024,12,2024-12-01,5165.03,5165.03,221.0,30.33,0.0,False,0.823,0.1237,30.93,False,False,True
KL_0347,Idukki,Munnar,Idavavayal,9.847668,77.206322,urban,92,2.68,False,2023,1,2023-01-01,14832.1,14832.1,232.0,89.31,0.0,False,0.809,0.6449,161.22,False,False,True
KL_0347,Idukki,Munnar,Idavavayal,9.847668,77.206322,urban,92,2.68,False,2023,2,2023-02-01,17019.79,17019.79,229.3,112.91,0.0,False,0.828,0.74,185.0,False,False,True
KL_0347,Idukki,Munnar,Idavavayal,9.847668,77.206322,urban,92,2.68,False,2023,3,2023-03-01,16021.94,16021.94,228.8,103.26,0.0,False,0.846,0.6966,174.15,True,False,False
KL_0347,Idukki,Munnar,Idavavayal,9.847668,77.206322,urban,92,2.68,False,2023,4,2023-04-01,19306.2,19306.2,221.4,109.03,0.0,False,0.849,0.8394,209.85,True,False,False
KL_0347,Idukki,Munnar,Idavavayal,9.847668,77.206322,urban,92,2.68,False,2023,5,2023-05-01,25503.6,25503.6,240.8,151.7,0.0,False,0.85,1.1089,277.21,True,False,False
KL_0347,Idukki,Munnar,Idavavayal,9.847668,77.206322,urban,92,2.68,False,2023,6,2023-06-01,17712.21,17712.21,213.1,120.1,0.0,False,0.8,0.7701,192.52,False,True,False
KL_0347,Idukki,Munnar,Idavavayal,9.847668,77.206322,urban,92,2.68,False,2023,7,2023-07-01,23305.43,23305.43,224.3,150.95,0.0,False,0.846,1.0133,253.32,False,True,False
KL_0347,Idukki,Munnar,Idavavayal,9.847668,77.206322,urban,92,2.68,False,2023,8,2023-08-01,16858.46,16858.46,225.0,112.88,0.0,False,0.884,0.733,183.24,False,True,False
KL_0347,Idukki,Munnar,Idavavayal,9.847668,77.206322,urban,92,2.68,False,2023,9,2023-09-01,13639.98,13639.98,240.8,75.9,0.0,False,0.914,0.593,148.26,False,True,False
KL_0347,Idukki,Munnar,Idavavayal,9.847668,77.206322,urban,92,2.68,False,2023,10,2023-10-01,22702.03,22702.03,218.0,146.35,0.0,False,0.899,0.987,246.76,False,False,False
KL_0347,Idukki,Munnar,Idavavayal,9.847668,77.206322,urban,92,2.68,False,2023,11,2023-11-01,13094.51,13094.51,235.8,74.02,0.0,False,0.847,0.5693,142.33,False,False,False
KL_0347,Idukki,Munnar,Idavavayal,9.847668,77.206322,urban,92,2.68,False,2023,12,2023-12-01,17457.94,17457.94,236.3,106.67,0.0,False,0.842,0.759,189.76,False,False,True
KL_0347,Idukki,Munnar,Idavavayal,9.847668,77.206322,urban,92,2.68,False,2024,1,2024-01-01,14720.18,14720.18,238.7,82.29,0.0,False,0.912,0.64,160.0,False,False,True
KL_0347,Idukki,Munnar,Idavavayal,9.847668,77.206322,urban,92,2.68,False,2024,2,2024-02-01,17946.69,17946.69,219.5,115.11,0.0,False,0.845,0.7803,195.07,False,False,True
KL_0347,Idukki,Munnar,Idavavayal,9.847668,77.206322,urban,92,2.68,False,2024,3,2024-03-01,24321.73,24321.73,227.5,151.31,0.0,False,0.893,1.0575,264.37,True,False,False
KL_0347,Idukki,Munnar,Idavavayal,9.847668,77.206322,urban,92,2.68,False,2024,4,2024-04-01,19685.46,19685.46,218.9,114.14,0.0,False,0.849,0.8559,213.97,True,False,False
KL_0347,Idukki,Munnar,Idavavayal,9.847668,77.206322,urban,92,2.68,False,2024,5,2024-05-01,22742.08,22742.08,217.4,134.08,0.0,False,0.73,0.9888,247.2,True,False,False
KL_0347,Idukki,Munnar,Idavavayal,9.847668,77.206322,urban,92,2.68,False,2024,6,2024-06-01,26262.47,26262.47,218.1,158.18,0.0,False,0.883,1.1418,285.46,False,True,False
KL_0347,Idukki,Munnar,Idavavayal,9.847668,77.206322,urban,92,2.68,False,2024,7,2024-07-01,19551.15,19551.15,230.2,106.98,0.0,False,0.898,0.85,212.51,False,True,False
KL_0347,Idukki,Munnar,Idavavayal,9.847668,77.206322,urban,92,2.68,False,2024,8,2024-08-01,13794.56,13794.56,224.9,88.44,0.0,False,0.834,0.5998,149.94,False,True,False
KL_0347,Idukki,Munnar,Idavavayal,9.847668,77.206322,urban,92,2.68,False,2024,9,2024-09-01,13279.91,13279.91,218.1,77.37,0.0,False,0.792,0.5774,144.35,False,True,False
KL_0347,Idukki,Munnar,Idavavayal,9.847668,77.206322,urban,92,2.68,False,2024,10,2024-10-01,18113.97,18113.97,228.6,104.56,0.0,False,0.926,0.7876,196.89,False,False,False
KL_0347,Idukki,Munnar,Idavavayal,9.847668,77.206322,urban,92,2.68,False,2024,11,2024-11-01,15342.09,15342.09,228.8,84.08,0.0,False,0.843,0.667,166.76,False,False,False
KL_0347,Idukki,Munnar,Idavavayal,9.847668,77.206322,urban,92,2.68,False,2024,12,2024-12-01,16417.38,16417.38,240.0,87.66,0.0,False,0.833,0.7138,178.45,False,False,True
KL_0348,Kottayam,Pala,Nallanagar,9.862007,76.595709,rural,116,15.95,False,2023,1,2023-01-01,8006.52,8006.52,235.3,51.36,0.0,False,0.872,0.2761,69.02,False,False,True
KL_0348,Kottayam,Pala,Nallanagar,9.862007,76.595709,rural,116,15.95,False,2023,2,2023-02-01,12369.34,12369.34,225.7,74.52,0.0,False,0.987,0.4265,106.63,False,False,True
KL_0348,Kottayam,Pala,Nallanagar,9.862007,76.595709,rural,116,15.95,False,2023,3,2023-03-01,16006.28,16006.28,223.6,99.15,0.0,False,0.874,0.5519,137.99,True,False,False
KL_0348,Kottayam,Pala,Nallanagar,9.862007,76.595709,rural,116,15.95,False,2023,4,2023-04-01,16309.58,16309.58,217.2,111.96,0.0,False,0.859,0.5624,140.6,True,False,False
KL_0348,Kottayam,Pala,Nallanagar,9.862007,76.595709,rural,116,15.95,False,2023,5,2023-05-01,13254.21,13254.21,217.9,84.62,0.0,False,0.853,0.457,114.26,True,False,False
KL_0348,Kottayam,Pala,Nallanagar,9.862007,76.595709,rural,116,15.95,False,2023,6,2023-06-01,6798.99,6798.99,216.7,46.78,0.0,False,0.933,0.2344,58.61,False,True,False
KL_0348,Kottayam,Pala,Nallanagar,9.862007,76.595709,rural,116,15.95,False,2023,7,2023-07-01,9917.33,9917.33,222.0,57.26,0.0,False,0.876,0.342,85.49,False,True,False
KL_0348,Kottayam,Pala,Nallanagar,9.862007,76.595709,rural,116,15.95,False,2023,8,2023-08-01,8131.22,8131.22,226.5,50.91,0.0,False,0.893,0.2804,70.1,False,True,False
KL_0348,Kottayam,Pala,Nallanagar,9.862007,76.595709,rural,116,15.95,False,2023,9,2023-09-01,12938.3,12938.3,217.3,79.94,0.0,False,0.865,0.4461,111.54,False,True,False
KL_0348,Kottayam,Pala,Nallanagar,9.862007,76.595709,rural,116,15.95,False,2023,10,2023-10-01,10159.46,10159.46,216.7,60.96,0.0,False,0.877,0.3503,87.58,False,False,False
KL_0348,Kottayam,Pala,Nallanagar,9.862007,76.595709,rural,116,15.95,False,2023,11,2023-11-01,11142.32,11142.32,236.9,60.68,0.0,False,0.836,0.3842,96.05,False,False,False
KL_0348,Kottayam,Pala,Nallanagar,9.862007,76.595709,rural,116,15.95,False,2023,12,2023-12-01,8218.36,8218.36,243.5,45.4,0.0,False,0.858,0.2834,70.85,False,False,True
KL_0348,Kottayam,Pala,Nallanagar,9.862007,76.595709,rural,116,15.95,False,2024,1,2024-01-01,7683.91,7683.91,231.1,44.14,0.0,False,0.816,0.265,66.24,False,False,True
KL_0348,Kottayam,Pala,Nallanagar,9.862007,76.595709,rural,116,15.95,False,2024,2,2024-02-01,6980.92,6980.92,230.2,45.01,0.0,False,0.825,0.2407,60.18,False,False,True
KL_0348,Kottayam,Pala,Nallanagar,9.862007,76.595709,rural,116,15.95,False,2024,3,2024-03-01,8015.76,8015.76,226.7,53.08,0.0,False,0.875,0.2764,69.1,True,False,False
KL_0348,Kottayam,Pala,Nallanagar,9.862007,76.595709,rural,116,15.95,False,2024,4,2024-04-01,13838.16,13838.16,221.6,91.38,0.0,False,0.815,0.4772,119.29,True,False,False
KL_0348,Kottayam,Pala,Nallanagar,9.862007,76.595709,rural,116,15.95,False,2024,5,2024-05-01,11648.84,11648.84,243.0,62.63,0.0,False,0.857,0.4017,100.42,True,False,False
KL_0348,Kottayam,Pala,Nallanagar,9.862007,76.595709,rural,116,15.95,False,2024,6,2024-06-01,4183.32,4183.32,211.6,26.3,0.0,False,0.832,0.1443,36.06,False,True,False
KL_0348,Kottayam,Pala,Nallanagar,9.862007,76.595709,rural,116,15.95,False,2024,7,2024-07-01,7224.96,7224.96,229.0,39.86,0.0,False,0.794,0.2491,62.28,False,True,False
KL_0348,Kottayam,Pala,Nallanagar,9.862007,76.595709,rural,116,15.95,False,2024,8,2024-08-01,6475.2,6475.2,215.1,41.0,0.0,False,0.861,0.2233,55.82,False,True,False
KL_0348,Kottayam,Pala,Nallanagar,9.862007,76.595709,rural,116,15.95,False,2024,9,2024-09-01,8030.13,8030.13,227.3,50.62,0.0,False,0.889,0.2769,69.23,False,True,False
KL_0348,Kottayam,Pala,Nallanagar,9.862007,76.595709,rural,116,15.95,False,2024,10,2024-10-01,9680.45,9680.45,220.6,59.9,0.0,False,0.784,0.3338,83.45,False,False,False
KL_0348,Kottayam,Pala,Nallanagar,9.862007,76.595709,rural,116,15.95,False,2024,11,2024-11-01,13425.02,13425.02,220.5,79.57,0.0,False,0.88,0.4629,115.73,False,False,False
KL_0348,Kottayam,Pala,Nallanagar,9.862007,76.595709,rural,116,15.95,False,2024,12,2024-12-01,9523.37,9523.37,242.4,52.92,0.0,False,0.794,0.3284,82.1,False,False,True
KL_0349,Palakkad,Ottappalam,Pettapuram,10.59,76.575108,rural,104,23.84,False,2023,1,2023-01-01,5820.71,5820.71,215.5,34.6,0.0,False,0.918,0.2239,55.97,False,False,True
KL_0349,Palakkad,Ottappalam,Pettapuram,10.59,76.575108,rural,104,23.84,False,2023,2,2023-02-01,5055.51,5055.51,229.3,31.06,0.0,False,0.878,0.1944,48.61,False,False,True
KL_0349,Palakkad,Ottappalam,Pettapuram,10.59,76.575108,rural,104,23.84,False,2023,3,2023-03-01,10127.49,10127.49,221.2,57.72,0.0,False,0.784,0.3895,97.38,True,False,False
KL_0349,Palakkad,Ottappalam,Pettapuram,10.59,76.575108,rural,104,23.84,False,2023,4,2023-04-01,15184.86,15184.86,223.9,93.72,0.0,False,0.893,0.584,146.01,True,False,False
KL_0349,Palakkad,Ottappalam,Pettapuram,10.59,76.575108,rural,104,23.84,False,2023,5,2023-05-01,9471.85,9471.85,209.1,60.39,0.0,False,0.819,0.3643,91.08,True,False,False
KL_0349,Palakkad,Ottappalam,Pettapuram,10.59,76.575108,rural,104,23.84,False,2023,6,2023-06-01,8146.4,8146.4,224.2,51.15,0.0,False,0.802,0.3133,78.33,False,True,False
KL_0349,Palakkad,Ottappalam,Pettapuram,10.59,76.575108,rural,104,23.84,False,2023,7,2023-07-01,11529.3,11529.3,239.7,69.75,0.0,False,0.886,0.4434,110.86,False,True,False
KL_0349,Palakkad,Ottappalam,Pettapuram,10.59,76.575108,rural,104,23.84,False,2023,8,2023-08-01,5873.45,5873.45,226.9,37.93,0.0,False,0.91,0.2259,56.48,False,True,False
KL_0349,Palakkad,Ottappalam,Pettapuram,10.59,76.575108,rural,104,23.84,False,2023,9,2023-09-01,10065.35,10065.35,227.3,56.1,0.0,False,0.874,0.3871,96.78,False,True,False
KL_0349,Palakkad,Ottappalam,Pettapuram,10.59,76.575108,rural,104,23.84,False,2023,10,2023-10-01,8169.21,8169.21,253.9,45.39,0.0,False,0.831,0.3142,78.55,False,False,False
KL_0349,Palakkad,Ottappalam,Pettapuram,10.59,76.575108,rural,104,23.84,False,2023,11,2023-11-01,10555.14,10555.14,223.1,61.08,0.0,False,0.858,0.406,101.49,False,False,False
KL_0349,Palakkad,Ottappalam,Pettapuram,10.59,76.575108,rural,104,23.84,False,2023,12,2023-12-01,10914.52,10914.52,220.5,62.1,0.0,False,0.821,0.4198,104.95,False,False,True
KL_0349,Palakkad,Ottappalam,Pettapuram,10.59,76.575108,rural,104,23.84,False,2024,1,2024-01-01,7496.76,7496.76,223.2,49.59,0.0,False,0.841,0.2883,72.08,False,False,True
KL_0349,Palakkad,Ottappalam,Pettapuram,10.59,76.575108,rural,104,23.84,False,2024,2,2024-02-01,2450.77,2450.77,250.9,13.48,0.0,False,0.87,0.0943,23.57,False,False,True
KL_0349,Palakkad,Ottappalam,Pettapuram,10.59,76.575108,rural,104,23.84,False,2024,3,2024-03-01,10645.43,10645.43,219.1,66.4,0.0,False,0.779,0.4094,102.36,True,False,False
KL_0349,Palakkad,Ottappalam,Pettapuram,10.59,76.575108,rural,104,23.84,False,2024,4,2024-04-01,13816.12,13816.12,237.5,80.45,0.0,False,0.872,0.5314,132.85,True,False,False
KL_0349,Palakkad,Ottappalam,Pettapuram,10.59,76.575108,rural,104,23.84,False,2024,5,2024-05-01,10178.52,10178.52,231.8,62.05,0.0,False,0.779,0.3915,97.87,True,False,False
KL_0349,Palakkad,Ottappalam,Pettapuram,10.59,76.575108,rural,104,23.84,False,2024,6,2024-06-01,8424.67,8424.67,212.1,58.57,0.0,False,0.786,0.324,81.01,False,True,False
KL_0349,Palakkad,Ottappalam,Pettapuram,10.59,76.575108,rural,104,23.84,False,2024,7,2024-07-01,8038.77,8038.77,220.6,50.91,0.0,False,0.883,0.3092,77.3,False,True,False
KL_0349,Palakkad,Ottappalam,Pettapuram,10.59,76.575108,rural,104,23.84,False,2024,8,2024-08-01,8614.23,8614.23,245.4,48.56,0.0,False,0.808,0.3313,82.83,False,True,False
KL_0349,Palakkad,Ottappalam,Pettapuram,10.59,76.575108,rural,104,23.84,False,2024,9,2024-09-01,5274.5,5274.5,210.4,37.05,0.0,False,0.8,0.2029,50.72,False,True,False
KL_0349,Palakkad,Ottappalam,Pettapuram,10.59,76.575108,rural,104,23.84,False,2024,10,2024-10-01,5626.12,5626.12,222.5,32.91,0.0,False,0.835,0.2164,54.1,False,False,False
KL_0349,Palakkad,Ottappalam,Pettapuram,10.59,76.575108,rural,104,23.84,False,2024,11,2024-11-01,10541.96,10541.96,240.7,55.14,0.0,False,0.82,0.4055,101.36,False,False,False
KL_0349,Palakkad,Ottappalam,Pettapuram,10.59,76.575108,rural,104,23.84,False,2024,12,2024-12-01,6345.84,6345.84,215.3,40.51,0.0,False,0.862,0.2441,61.02,False,False,True
KL_0350,Wayanad,Sulthan Bathery,Vadakkethara,11.702198,76.21931,rural,171,11.68,False,2023,1,2023-01-01,16567.33,16567.33,249.9,95.42,0.0,False,0.859,0.3875,96.88,False,False,True
KL_0350,Wayanad,Sulthan Bathery,Vadakkethara,11.702198,76.21931,rural,171,11.68,False,2023,2,2023-02-01,15752.83,19604.32,227.0,138.78,24.45,True,0.801,0.4586,114.65,False,False,True
KL_0350,Wayanad,Sulthan Bathery,Vadakkethara,11.702198,76.21931,rural,171,11.68,False,2023,3,2023-03-01,16036.56,18875.38,223.9,130.42,17.7,True,0.764,0.4415,110.38,True,False,False
KL_0350,Wayanad,Sulthan Bathery,Vadakkethara,11.702198,76.21931,rural,171,11.68,False,2023,4,2023-04-01,6673.29,9588.78,212.2,73.99,43.69,True,0.84,0.2243,56.07,True,False,False
KL_0350,Wayanad,Sulthan Bathery,Vadakkethara,11.702198,76.21931,rural,171,11.68,False,2023,5,2023-05-01,19425.2,22852.88,219.1,169.59,17.65,True,0.905,0.5346,133.64,True,False,False
KL_0350,Wayanad,Sulthan Bathery,Vadakkethara,11.702198,76.21931,rural,171,11.68,False,2023,6,2023-06-01,9096.95,11041.47,224.5,87.28,21.38,True,0.847,0.2583,64.57,False,True,False
KL_0350,Wayanad,Sulthan Bathery,Vadakkethara,11.702198,76.21931,rural,171,11.68,False,2023,7,2023-07-01,11927.34,16648.11,211.2,141.2,39.58,True,0.833,0.3894,97.36,False,True,False
KL_0350,Wayanad,Sulthan Bathery,Vadakkethara,11.702198,76.21931,rural,171,11.68,False,2023,8,2023-08-01,7494.33,9642.15,201.6,76.89,28.66,True,0.937,0.2255,56.39,False,True,False
KL_0350,Wayanad,Sulthan Bathery,Vadakkethara,11.702198,76.21931,rural,171,11.68,False,2023,9,2023-09-01,8847.52,12644.0,215.0,91.46,42.91,True,0.888,0.2958,73.94,False,True,False
KL_0350,Wayanad,Sulthan Bathery,Vadakkethara,11.702198,76.21931,rural,171,11.68,False,2023,10,2023-10-01,20683.45,28644.69,236.2,205.16,38.49,True,0.764,0.6701,167.51,False,False,False
KL_0350,Wayanad,Sulthan Bathery,Vadakkethara,11.702198,76.21931,rural,171,11.68,False,2023,11,2023-11-01,16597.7,23837.77,222.4,179.9,43.62,True,0.836,0.5576,139.4,False,False,False
KL_0350,Wayanad,Sulthan Bathery,Vadakkethara,11.702198,76.21931,rural,171,11.68,False,2023,12,2023-12-01,18965.29,22849.55,216.6,179.94,20.48,True,0.861,0.5345,133.62,False,False,True
KL_0350,Wayanad,Sulthan Bathery,Vadakkethara,11.702198,76.21931,rural,171,11.68,False,2024,1,2024-01-01,13589.57,17658.04,216.6,130.99,29.94,True,0.797,0.4131,103.26,False,False,True
KL_0350,Wayanad,Sulthan Bathery,Vadakkethara,11.702198,76.21931,rural,171,11.68,False,2024,2,2024-02-01,12767.26,12767.26,234.2,72.61,0.0,False,0.835,0.2986,74.66,False,False,True
KL_0350,Wayanad,Sulthan Bathery,Vadakkethara,11.702198,76.21931,rural,171,11.68,False,2024,3,2024-03-01,10238.26,10238.26,228.7,67.46,0.0,False,0.851,0.2395,59.87,True,False,False
KL_0350,Wayanad,Sulthan Bathery,Vadakkethara,11.702198,76.21931,rural,171,11.68,False,2024,4,2024-04-01,20840.79,29632.57,216.9,217.37,42.19,True,0.839,0.6932,173.29,True,False,False
KL_0350,Wayanad,Sulthan Bathery,Vadakkethara,11.702198,76.21931,rural,171,11.68,False,2024,5,2024-05-01,18919.73,27127.6,220.2,219.76,43.38,True,0.789,0.6346,158.64,True,False,False
KL_0350,Wayanad,Sulthan Bathery,Vadakkethara,11.702198,76.21931,rural,171,11.68,False,2024,6,2024-06-01,20365.17,20365.17,245.6,118.41,0.0,False,0.923,0.4764,119.09,False,True,False
KL_0350,Wayanad,Sulthan Bathery,Vadakkethara,11.702198,76.21931,rural,171,11.68,False,2024,7,2024-07-01,9814.87,12887.17,232.8,89.01,31.3,True,0.863,0.3015,75.36,False,True,False
KL_0350,Wayanad,Sulthan Bathery,Vadakkethara,11.702198,76.21931,rural,171,11.68,False,2024,8,2024-08-01,12268.11,12268.11,226.3,82.28,0.0,False,0.807,0.287,71.74,False,True,False
KL_0350,Wayanad,Sulthan Bathery,Vadakkethara,11.702198,76.21931,rural,171,11.68,False,2024,9,2024-09-01,14623.6,19139.23,207.6,160.57,30.88,True,0.894,0.4477,111.93,False,True,False
KL_0350,Wayanad,Sulthan Bathery,Vadakkethara,11.702198,76.21931,rural,171,11.68,False,2024,10,2024-10-01,6163.11,6163.11,218.7,43.01,0.0,False,0.846,0.1442,36.04,False,False,False
KL_0350,Wayanad,Sulthan Bathery,Vadakkethara,11.702198,76.21931,rural,171,11.68,False,2024,11,2024-11-01,14605.88,19948.75,235.7,146.44,36.58,True,0.9,0.4666,116.66,False,False,False
KL_0350,Wayanad,Sulthan Bathery,Vadakkethara,11.702198,76.21931,rural,171,11.68,False,2024,12,2024-12-01,15015.58,21511.38,227.6,157.56,43.26,True,0.845,0.5032,125.8,False,False,True
KL_0351,Kozhikode,Koyilandy,Muthavayal,11.544427,76.059945,rural,101,11.16,False,2023,1,2023-01-01,6969.18,6969.18,226.9,44.81,0.0,False,0.776,0.276,69.0,False,False,True
KL_0351,Kozhikode,Koyilandy,Muthavayal,11.544427,76.059945,rural,101,11.16,False,2023,2,2023-02-01,9018.35,9018.35,229.5,52.8,0.0,False,0.797,0.3572,89.29,False,False,True
KL_0351,Kozhikode,Koyilandy,Muthavayal,11.544427,76.059945,rural,101,11.16,False,2023,3,2023-03-01,8387.41,8387.41,225.5,46.7,0.0,False,0.907,0.3322,83.04,True,False,False
KL_0351,Kozhikode,Koyilandy,Muthavayal,11.544427,76.059945,rural,101,11.16,False,2023,4,2023-04-01,10579.39,10579.39,224.9,66.39,0.0,False,0.902,0.419,104.75,True,False,False
KL_0351,Kozhikode,Koyilandy,Muthavayal,11.544427,76.059945,rural,101,11.16,False,2023,5,2023-05-01,13783.66,13783.66,236.4,85.07,0.0,False,0.784,0.5459,136.47,True,False,False
KL_0351,Kozhikode,Koyilandy,Muthavayal,11.544427,76.059945,rural,101,11.16,False,2023,6,2023-06-01,4040.75,4040.75,222.6,23.96,0.0,False,0.92,0.16,40.01,False,True,False
KL_0351,Kozhikode,Koyilandy,Muthavayal,11.544427,76.059945,rural,101,11.16,False,2023,7,2023-07-01,3570.72,3570.72,220.6,24.41,0.0,False,0.901,0.1414,35.35,False,True,False
KL_0351,Kozhikode,Koyilandy,Muthavayal,11.544427,76.059945,rural,101,11.16,False,2023,8,2023-08-01,6944.06,6944.06,220.1,43.92,0.0,False,0.818,0.275,68.75,False,True,False
KL_0351,Kozhikode,Koyilandy,Muthavayal,11.544427,76.059945,rural,101,11.16,False,2023,9,2023-09-01,5560.56,5560.56,237.3,35.48,0.0,False,0.846,0.2202,55.06,False,True,False
KL_0351,Kozhikode,Koyilandy,Muthavayal,11.544427,76.059945,rural,101,11.16,False,2023,10,2023-10-01,8115.86,8115.86,236.0,47.13,0.0,False,0.74,0.3214,80.36,False,False,False
KL_0351,Kozhikode,Koyilandy,Muthavayal,11.544427,76.059945,rural,101,11.16,False,2023,11,2023-11-01,10796.05,10796.05,241.5,56.66,0.0,False,0.815,0.4276,106.89,False,False,False
KL_0351,Kozhikode,Koyilandy,Muthavayal,11.544427,76.059945,rural,101,11.16,False,2023,12,2023-12-01,9292.76,9292.76,235.1,51.92,0.0,False,0.839,0.368,92.01,False,False,True
KL_0351,Kozhikode,Koyilandy,Muthavayal,11.544427,76.059945,rural,101,11.16,False,2024,1,2024-01-01,6250.67,6250.67,222.1,39.57,0.0,False,0.865,0.2476,61.89,False,False,True
KL_0351,Kozhikode,Koyilandy,Muthavayal,11.544427,76.059945,rural,101,11.16,False,2024,2,2024-02-01,8188.13,8188.13,225.2,49.41,0.0,False,0.844,0.3243,81.07,False,False,True
KL_0351,Kozhikode,Koyilandy,Muthavayal,11.544427,76.059945,rural,101,11.16,False,2024,3,2024-03-01,8071.37,8071.37,231.7,48.65,0.0,False,0.857,0.3197,79.91,True,False,False
KL_0351,Kozhikode,Koyilandy,Muthavayal,11.544427,76.059945,rural,101,11.16,False,2024,4,2024-04-01,2599.62,2599.62,211.9,17.13,0.0,False,0.802,0.103,25.74,True,False,False
KL_0351,Kozhikode,Koyilandy,Muthavayal,11.544427,76.059945,rural,101,11.16,False,2024,5,2024-05-01,14744.29,14744.29,245.7,91.26,0.0,False,0.866,0.5839,145.98,True,False,False
KL_0351,Kozhikode,Koyilandy,Muthavayal,11.544427,76.059945,rural,101,11.16,False,2024,6,2024-06-01,3786.95,3786.95,200.3,25.9,0.0,False,0.934,0.15,37.49,False,True,False
KL_0351,Kozhikode,Koyilandy,Muthavayal,11.544427,76.059945,rural,101,11.16,False,2024,7,2024-07-01,6865.07,6865.07,226.6,43.93,0.0,False,0.872,0.2719,67.97,False,True,False
KL_0351,Kozhikode,Koyilandy,Muthavayal,11.544427,76.059945,rural,101,11.16,False,2024,8,2024-08-01,4703.67,4703.67,231.5,29.56,0.0,False,0.852,0.1863,46.57,False,True,False
KL_0351,Kozhikode,Koyilandy,Muthavayal,11.544427,76.059945,rural,101,11.16,False,2024,9,2024-09-01,8789.79,8789.79,232.7,50.44,0.0,False,0.813,0.3481,87.03,False,True,False
KL_0351,Kozhikode,Koyilandy,Muthavayal,11.544427,76.059945,rural,101,11.16,False,2024,10,2024-10-01,5750.34,5750.34,236.1,33.52,0.0,False,0.832,0.2277,56.93,False,False,False
KL_0351,Kozhikode,Koyilandy,Muthavayal,11.544427,76.059945,rural,101,11.16,False,2024,11,2024-11-01,6715.22,6715.22,213.5,46.93,0.0,False,0.784,0.2659,66.49,False,False,False
KL_0351,Kozhikode,Koyilandy,Muthavayal,11.544427,76.059945,rural,101,11.16,False,2024,12,2024-12-01,10963.35,10963.35,234.6,61.59,0.0,False,0.778,0.4342,108.55,False,False,True
KL_0352,Idukki,Kumily,Pallipuram,10.059639,77.572484,rural,107,7.93,True,2023,1,2023-01-01,3022.92,3022.92,228.6,17.53,0.0,False,0.846,0.113,28.25,False,False,True
KL_0352,Idukki,Kumily,Pallipuram,10.059639,77.572484,rural,107,7.93,True,2023,2,2023-02-01,9489.1,9489.1,241.2,52.34,0.0,False,0.878,0.3547,88.68,False,False,True
KL_0352,Idukki,Kumily,Pallipuram,10.059639,77.572484,rural,107,7.93,True,2023,3,2023-03-01,8494.73,8494.73,218.9,59.12,0.0,False,0.807,0.3176,79.39,True,False,False
KL_0352,Idukki,Kumily,Pallipuram,10.059639,77.572484,rural,107,7.93,True,2023,4,2023-04-01,8398.63,8398.63,223.9,49.66,0.0,False,0.91,0.314,78.49,True,False,False
KL_0352,Idukki,Kumily,Pallipuram,10.059639,77.572484,rural,107,7.93,True,2023,5,2023-05-01,8119.05,8119.05,227.0,46.29,0.0,False,0.822,0.3035,75.88,True,False,False
KL_0352,Idukki,Kumily,Pallipuram,10.059639,77.572484,rural,107,7.93,True,2023,6,2023-06-01,8026.94,8026.94,222.4,47.53,0.0,False,0.846,0.3001,75.02,False,True,False
KL_0352,Idukki,Kumily,Pallipuram,10.059639,77.572484,rural,107,7.93,True,2023,7,2023-07-01,4107.45,4107.45,235.1,26.34,0.0,False,0.897,0.1535,38.39,False,True,False
KL_0352,Idukki,Kumily,Pallipuram,10.059639,77.572484,rural,107,7.93,True,2023,8,2023-08-01,7259.71,7259.71,233.6,40.63,0.0,False,0.834,0.2714,67.85,False,True,False
KL_0352,Idukki,Kumily,Pallipuram,10.059639,77.572484,rural,107,7.93,True,2023,9,2023-09-01,7065.74,7065.74,233.4,45.61,0.0,False,0.881,0.2641,66.03,False,True,False
KL_0352,Idukki,Kumily,Pallipuram,10.059639,77.572484,rural,107,7.93,True,2023,10,2023-10-01,6415.33,6415.33,231.7,40.77,0.0,False,0.879,0.2398,59.96,False,False,False
KL_0352,Idukki,Kumily,Pallipuram,10.059639,77.572484,rural,107,7.93,True,2023,11,2023-11-01,10596.91,10596.91,230.4,61.66,0.0,False,0.816,0.3961,99.04,False,False,False
KL_0352,Idukki,Kumily,Pallipuram,10.059639,77.572484,rural,107,7.93,True,2023,12,2023-12-01,6874.84,6874.84,221.7,44.47,0.0,False,0.818,0.257,64.25,False,False,True
KL_0352,Idukki,Kumily,Pallipuram,10.059639,77.572484,rural,107,7.93,True,2024,1,2024-01-01,10117.37,10117.37,221.6,68.85,0.0,False,0.911,0.3782,94.55,False,False,True
KL_0352,Idukki,Kumily,Pallipuram,10.059639,77.572484,rural,107,7.93,True,2024,2,2024-02-01,7772.78,7772.78,223.5,43.82,0.0,False,0.916,0.2906,72.64,False,False,True
KL_0352,Idukki,Kumily,Pallipuram,10.059639,77.572484,rural,107,7.93,True,2024,3,2024-03-01,11053.45,11053.45,247.0,59.72,0.0,False,0.881,0.4132,103.3,True,False,False
KL_0352,Idukki,Kumily,Pallipuram,10.059639,77.572484,rural,107,7.93,True,2024,4,2024-04-01,9235.77,9235.77,228.9,57.21,0.0,False,0.807,0.3453,86.32,True,False,False
KL_0352,Idukki,Kumily,Pallipuram,10.059639,77.572484,rural,107,7.93,True,2024,5,2024-05-01,14475.34,14475.34,219.0,89.2,0.0,False,0.893,0.5411,135.28,True,False,False
KL_0352,Idukki,Kumily,Pallipuram,10.059639,77.572484,rural,107,7.93,True,2024,6,2024-06-01,7368.04,7368.04,220.9,47.4,0.0,False,0.836,0.2754,68.86,False,True,False
KL_0352,Idukki,Kumily,Pallipuram,10.059639,77.572484,rural,107,7.93,True,2024,7,2024-07-01,5362.46,5362.46,230.8,31.93,0.0,False,0.787,0.2005,50.12,False,True,False
KL_0352,Idukki,Kumily,Pallipuram,10.059639,77.572484,rural,107,7.93,True,2024,8,2024-08-01,5021.32,5021.32,224.2,30.15,0.0,False,0.818,0.1877,46.93,False,True,False
KL_0352,Idukki,Kumily,Pallipuram,10.059639,77.572484,rural,107,7.93,True,2024,9,2024-09-01,7294.13,7294.13,217.6,49.31,0.0,False,0.839,0.2727,68.17,False,True,False
KL_0352,Idukki,Kumily,Pallipuram,10.059639,77.572484,rural,107,7.93,True,2024,10,2024-10-01,6367.7,6367.7,217.0,39.57,0.0,False,0.904,0.238,59.51,False,False,False
KL_0352,Idukki,Kumily,Pallipuram,10.059639,77.572484,rural,107,7.93,True,2024,11,2024-11-01,4139.97,4139.97,226.7,22.87,0.0,False,0.81,0.1548,38.69,False,False,False
KL_0352,Idukki,Kumily,Pallipuram,10.059639,77.572484,rural,107,7.93,True,2024,12,2024-12-01,6573.72,6573.72,226.9,36.7,0.0,False,0.802,0.2457,61.44,False,False,True
KL_0353,Palakkad,Mannarkkad,Koduvayal,10.808849,76.473116,rural,82,10.55,False,2023,1,2023-01-01,4782.89,4782.89,213.4,31.96,0.0,False,0.826,0.2333,58.33,False,False,True
KL_0353,Palakkad,Mannarkkad,Koduvayal,10.808849,76.473116,rural,82,10.55,False,2023,2,2023-02-01,5708.96,5708.96,233.1,31.49,0.0,False,0.844,0.2785,69.62,False,False,True
KL_0353,Palakkad,Mannarkkad,Koduvayal,10.808849,76.473116,rural,82,10.55,False,2023,3,2023-03-01,7029.4,7029.4,230.0,43.75,0.0,False,0.884,0.3429,85.72,True,False,False
KL_0353,Palakkad,Mannarkkad,Koduvayal,10.808849,76.473116,rural,82,10.55,False,2023,4,2023-04-01,8067.7,8067.7,230.6,52.31,0.0,False,0.879,0.3935,98.39,True,False,False
KL_0353,Palakkad,Mannarkkad,Koduvayal,10.808849,76.473116,rural,82,10.55,False,2023,5,2023-05-01,17897.84,17897.84,236.8,99.35,0.0,False,0.738,0.8731,218.27,True,False,False
KL_0353,Palakkad,Mannarkkad,Koduvayal,10.808849,76.473116,rural,82,10.55,False,2023,6,2023-06-01,11966.8,11966.8,228.6,65.94,0.0,False,0.832,0.5837,145.94,False,True,False
KL_0353,Palakkad,Mannarkkad,Koduvayal,10.808849,76.473116,rural,82,10.55,False,2023,7,2023-07-01,6782.37,6782.37,225.7,45.66,0.0,False,0.856,0.3308,82.71,False,True,False
KL_0353,Palakkad,Mannarkkad,Koduvayal,10.808849,76.473116,rural,82,10.55,False,2023,8,2023-08-01,7756.49,7756.49,231.3,43.31,0.0,False,0.806,0.3784,94.59,False,True,False
KL_0353,Palakkad,Mannarkkad,Koduvayal,10.808849,76.473116,rural,82,10.55,False,2023,9,2023-09-01,7874.37,7874.37,222.7,50.66,0.0,False,0.811,0.3841,96.03,False,True,False
KL_0353,Palakkad,Mannarkkad,Koduvayal,10.808849,76.473116,rural,82,10.55,False,2023,10,2023-10-01,4853.99,4853.99,228.0,30.43,0.0,False,0.881,0.2368,59.2,False,False,False
KL_0353,Palakkad,Mannarkkad,Koduvayal,10.808849,76.473116,rural,82,10.55,False,2023,11,2023-11-01,5352.96,5352.96,223.6,31.98,0.0,False,0.884,0.2611,65.28,False,False,False
KL_0353,Palakkad,Mannarkkad,Koduvayal,10.808849,76.473116,rural,82,10.55,False,2023,12,2023-12-01,9563.37,9563.37,214.8,58.44,0.0,False,0.841,0.4665,116.63,False,False,True
KL_0353,Palakkad,Mannarkkad,Koduvayal,10.808849,76.473116,rural,82,10.55,False,2024,1,2024-01-01,5275.67,5275.67,209.6,34.69,0.0,False,0.87,0.2573,64.34,False,False,True
KL_0353,Palakkad,Mannarkkad,Koduvayal,10.808849,76.473116,rural,82,10.55,False,2024,2,2024-02-01,6401.21,6401.21,225.6,42.45,0.0,False,0.873,0.3123,78.06,False,False,True
KL_0353,Palakkad,Mannarkkad,Koduvayal,10.808849,76.473116,rural,82,10.55,False,2024,3,2024-03-01,6544.08,6544.08,224.1,40.48,0.0,False,0.795,0.3192,79.81,True,False,False
KL_0353,Palakkad,Mannarkkad,Koduvayal,10.808849,76.473116,rural,82,10.55,False,2024,4,2024-04-01,5200.63,5200.63,218.0,31.78,0.0,False,0.796,0.2537,63.42,True,False,False
KL_0353,Palakkad,Mannarkkad,Koduvayal,10.808849,76.473116,rural,82,10.55,False,2024,5,2024-05-01,8351.37,8351.37,228.1,53.59,0.0,False,0.83,0.4074,101.85,True,False,False
KL_0353,Palakkad,Mannarkkad,Koduvayal,10.808849,76.473116,rural,82,10.55,False,2024,6,2024-06-01,16347.48,16347.48,231.4,97.36,0.0,False,0.815,0.7974,199.36,False,True,False
KL_0353,Palakkad,Mannarkkad,Koduvayal,10.808849,76.473116,rural,82,10.55,False,2024,7,2024-07-01,5223.05,5223.05,220.9,33.54,0.0,False,0.82,0.2548,63.7,False,True,False
KL_0353,Palakkad,Mannarkkad,Koduvayal,10.808849,76.473116,rural,82,10.55,False,2024,8,2024-08-01,4605.88,4605.88,216.3,31.96,0.0,False,0.845,0.2247,56.17,False,True,False
KL_0353,Palakkad,Mannarkkad,Koduvayal,10.808849,76.473116,rural,82,10.55,False,2024,9,2024-09-01,3972.51,3972.51,223.5,26.69,0.0,False,0.845,0.1938,48.45,False,True,False
KL_0353,Palakkad,Mannarkkad,Koduvayal,10.808849,76.473116,rural,82,10.55,False,2024,10,2024-10-01,11416.18,11416.18,235.7,73.03,0.0,False,0.722,0.5569,139.22,False,False,False
KL_0353,Palakkad,Mannarkkad,Koduvayal,10.808849,76.473116,rural,82,10.55,False,2024,11,2024-11-01,8098.97,8098.97,230.0,48.33,0.0,False,0.855,0.3951,98.77,False,False,False
KL_0353,Palakkad,Mannarkkad,Koduvayal,10.808849,76.473116,rural,82,10.55,False,2024,12,2024-12-01,8265.15,8265.15,221.6,49.28,0.0,False,0.837,0.4032,100.79,False,False,True
KL_0354,Thrissur,Kunnamkulam,Manjapara,10.433789,76.273058,rural,41,18.3,False,2023,1,2023-01-01,2270.54,3242.59,223.0,22.59,42.81,True,0.861,0.3164,79.09,False,False,True
KL_0354,Thrissur,Kunnamkulam,Manjapara,10.433789,76.273058,rural,41,18.3,False,2023,2,2023-02-01,2120.42,2803.66,224.0,21.08,32.22,True,0.818,0.2735,68.38,False,False,True
KL_0354,Thrissur,Kunnamkulam,Manjapara,10.433789,76.273058,rural,41,18.3,False,2023,3,2023-03-01,2978.42,2978.42,223.9,18.27,0.0,False,0.818,0.2906,72.64,True,False,False
KL_0354,Thrissur,Kunnamkulam,Manjapara,10.433789,76.273058,rural,41,18.3,False,2023,4,2023-04-01,4201.2,6047.69,203.5,52.34,43.95,True,0.83,0.59,147.5,True,False,False
KL_0354,Thrissur,Kunnamkulam,Manjapara,10.433789,76.273058,rural,41,18.3,False,2023,5,2023-05-01,2852.8,2852.8,225.7,17.32,0.0,False,0.903,0.2783,69.58,True,False,False
KL_0354,Thrissur,Kunnamkulam,Manjapara,10.433789,76.273058,rural,41,18.3,False,2023,6,2023-06-01,4569.5,5590.33,211.1,47.02,22.34,True,0.829,0.5454,136.35,False,True,False
KL_0354,Thrissur,Kunnamkulam,Manjapara,10.433789,76.273058,rural,41,18.3,False,2023,7,2023-07-01,4845.52,6870.16,225.4,46.63,41.78,True,0.906,0.6703,167.56,False,True,False
KL_0354,Thrissur,Kunnamkulam,Manjapara,10.433789,76.273058,rural,41,18.3,False,2023,8,2023-08-01,4680.44,6786.32,225.4,51.38,44.99,True,0.899,0.6621,165.52,False,True,False
KL_0354,Thrissur,Kunnamkulam,Manjapara,10.433789,76.273058,rural,41,18.3,False,2023,9,2023-09-01,5576.12,7456.55,213.2,58.11,33.72,True,0.833,0.7275,181.87,False,True,False
KL_0354,Thrissur,Kunnamkulam,Manjapara,10.433789,76.273058,rural,41,18.3,False,2023,10,2023-10-01,5103.52,6054.45,229.9,42.42,18.63,True,0.824,0.5907,147.67,False,False,False
KL_0354,Thrissur,Kunnamkulam,Manjapara,10.433789,76.273058,rural,41,18.3,False,2023,11,2023-11-01,1980.41,2771.07,219.2,20.75,39.92,True,0.826,0.2703,67.59,False,False,False
KL_0354,Thrissur,Kunnamkulam,Manjapara,10.433789,76.273058,rural,41,18.3,False,2023,12,2023-12-01,5449.91,6632.05,205.8,58.06,21.69,True,0.843,0.647,161.76,False,False,True
KL_0354,Thrissur,Kunnamkulam,Manjapara,10.433789,76.273058,rural,41,18.3,False,2024,1,2024-01-01,3032.94,3716.87,219.5,26.66,22.55,True,0.822,0.3626,90.66,False,False,True
KL_0354,Thrissur,Kunnamkulam,Manjapara,10.433789,76.273058,rural,41,18.3,False,2024,2,2024-02-01,1938.02,2742.81,202.2,22.35,41.53,True,0.887,0.2676,66.9,False,False,True
KL_0354,Thrissur,Kunnamkulam,Manjapara,10.433789,76.273058,rural,41,18.3,False,2024,3,2024-03-01,3230.76,3753.38,205.9,31.6,16.18,True,0.818,0.3662,91.55,True,False,False
KL_0354,Thrissur,Kunnamkulam,Manjapara,10.433789,76.273058,rural,41,18.3,False,2024,4,2024-04-01,3514.03,3514.03,238.3,21.14,0.0,False,0.893,0.3428,85.71,True,False,False
KL_0354,Thrissur,Kunnamkulam,Manjapara,10.433789,76.273058,rural,41,18.3,False,2024,5,2024-05-01,4873.54,6783.29,216.6,55.31,39.19,True,0.803,0.6618,165.45,True,False,False
KL_0354,Thrissur,Kunnamkulam,Manjapara,10.433789,76.273058,rural,41,18.3,False,2024,6,2024-06-01,2803.73,2803.73,215.7,19.39,0.0,False,0.767,0.2735,68.38,False,True,False
KL_0354,Thrissur,Kunnamkulam,Manjapara,10.433789,76.273058,rural,41,18.3,False,2024,7,2024-07-01,3371.14,4403.06,225.9,34.19,30.61,True,0.76,0.4296,107.39,False,True,False
KL_0354,Thrissur,Kunnamkulam,Manjapara,10.433789,76.273058,rural,41,18.3,False,2024,8,2024-08-01,2641.11,3209.72,215.5,26.72,21.53,True,0.823,0.3131,78.29,False,True,False
KL_0354,Thrissur,Kunnamkulam,Manjapara,10.433789,76.273058,rural,41,18.3,False,2024,9,2024-09-01,3672.11,4690.72,219.6,34.83,27.74,True,0.81,0.4576,114.41,False,True,False
KL_0354,Thrissur,Kunnamkulam,Manjapara,10.433789,76.273058,rural,41,18.3,False,2024,10,2024-10-01,3219.6,3219.6,211.5,22.78,0.0,False,0.807,0.3141,78.53,False,False,False
KL_0354,Thrissur,Kunnamkulam,Manjapara,10.433789,76.273058,rural,41,18.3,False,2024,11,2024-11-01,2503.93,3520.2,216.0,26.22,40.59,True,0.899,0.3434,85.86,False,False,False
KL_0354,Thrissur,Kunnamkulam,Manjapara,10.433789,76.273058,rural,41,18.3,False,2024,12,2024-12-01,5281.97,6525.18,216.5,50.79,23.54,True,0.813,0.6366,159.15,False,False,True
KL_0355,Pathanamthitta,Thiruvalla,Pettakunnu,9.511047,76.929962,rural,190,15.06,False,2023,1,2023-01-01,17592.56,17592.56,228.5,102.96,0.0,False,0.752,0.3704,92.59,False,False,True
KL_0355,Pathanamthitta,Thiruvalla,Pettakunnu,9.511047,76.929962,rural,190,15.06,False,2023,2,2023-02-01,11390.27,11390.27,217.6,71.88,0.0,False,0.878,0.2398,59.95,False,False,True
KL_0355,Pathanamthitta,Thiruvalla,Pettakunnu,9.511047,76.929962,rural,190,15.06,False,2023,3,2023-03-01,14296.94,14296.94,238.4,89.36,0.0,False,0.917,0.301,75.25,True,False,False
KL_0355,Pathanamthitta,Thiruvalla,Pettakunnu,9.511047,76.929962,rural,190,15.06,False,2023,4,2023-04-01,17597.98,17597.98,228.3,96.64,0.0,False,0.872,0.3705,92.62,True,False,False
KL_0355,Pathanamthitta,Thiruvalla,Pettakunnu,9.511047,76.929962,rural,190,15.06,False,2023,5,2023-05-01,25335.37,25335.37,237.3,157.83,0.0,False,0.816,0.5334,133.34,True,False,False
KL_0355,Pathanamthitta,Thiruvalla,Pettakunnu,9.511047,76.929962,rural,190,15.06,False,2023,6,2023-06-01,19110.66,19110.66,238.4,110.52,0.0,False,0.859,0.4023,100.58,False,True,False
KL_0355,Pathanamthitta,Thiruvalla,Pettakunnu,9.511047,76.929962,rural,190,15.06,False,2023,7,2023-07-01,16003.81,16003.81,242.1,87.27,0.0,False,0.81,0.3369,84.23,False,True,False
KL_0355,Pathanamthitta,Thiruvalla,Pettakunnu,9.511047,76.929962,rural,190,15.06,False,2023,8,2023-08-01,17765.22,17765.22,220.0,109.31,0.0,False,0.801,0.374,93.5,False,True,False
KL_0355,Pathanamthitta,Thiruvalla,Pettakunnu,9.511047,76.929962,rural,190,15.06,False,2023,9,2023-09-01,15382.1,15382.1,233.9,91.68,0.0,False,0.84,0.3238,80.96,False,True,False
KL_0355,Pathanamthitta,Thiruvalla,Pettakunnu,9.511047,76.929962,rural,190,15.06,False,2023,10,2023-10-01,17207.65,17207.65,236.5,102.51,0.0,False,0.847,0.3623,90.57,False,False,False
KL_0355,Pathanamthitta,Thiruvalla,Pettakunnu,9.511047,76.929962,rural,190,15.06,False,2023,11,2023-11-01,17395.78,17395.78,228.3,107.01,0.0,False,0.84,0.3662,91.56,False,False,False
KL_0355,Pathanamthitta,Thiruvalla,Pettakunnu,9.511047,76.929962,rural,190,15.06,False,2023,12,2023-12-01,12007.03,12007.03,242.5,62.91,0.0,False,0.934,0.2528,63.19,False,False,True
KL_0355,Pathanamthitta,Thiruvalla,Pettakunnu,9.511047,76.929962,rural,190,15.06,False,2024,1,2024-01-01,12525.08,12525.08,241.9,70.76,0.0,False,0.852,0.2637,65.92,False,False,True
KL_0355,Pathanamthitta,Thiruvalla,Pettakunnu,9.511047,76.929962,rural,190,15.06,False,2024,2,2024-02-01,7765.05,7765.05,216.8,45.55,0.0,False,0.898,0.1635,40.87,False,False,True
KL_0355,Pathanamthitta,Thiruvalla,Pettakunnu,9.511047,76.929962,rural,190,15.06,False,2024,3,2024-03-01,13649.99,13649.99,255.2,72.3,0.0,False,0.962,0.2874,71.84,True,False,False
KL_0355,Pathanamthitta,Thiruvalla,Pettakunnu,9.511047,76.929962,rural,190,15.06,False,2024,4,2024-04-01,17860.81,17860.81,217.4,109.66,0.0,False,0.826,0.376,94.0,True,False,False
KL_0355,Pathanamthitta,Thiruvalla,Pettakunnu,9.511047,76.929962,rural,190,15.06,False,2024,5,2024-05-01,19484.64,19484.64,226.6,118.07,0.0,False,0.857,0.4102,102.55,True,False,False
KL_0355,Pathanamthitta,Thiruvalla,Pettakunnu,9.511047,76.929962,rural,190,15.06,False,2024,6,2024-06-01,11689.17,11689.17,231.1,63.7,0.0,False,0.891,0.2461,61.52,False,True,False
KL_0355,Pathanamthitta,Thiruvalla,Pettakunnu,9.511047,76.929962,rural,190,15.06,False,2024,7,2024-07-01,10598.13,10598.13,241.7,63.19,0.0,False,0.856,0.2231,55.78,False,True,False
KL_0355,Pathanamthitta,Thiruvalla,Pettakunnu,9.511047,76.929962,rural,190,15.06,False,2024,8,2024-08-01,18939.98,18939.98,223.2,123.4,0.0,False,0.836,0.3987,99.68,False,True,False
KL_0355,Pathanamthitta,Thiruvalla,Pettakunnu,9.511047,76.929962,rural,190,15.06,False,2024,9,2024-09-01,12583.08,12583.08,226.6,79.33,0.0,False,0.967,0.2649,66.23,False,True,False
KL_0355,Pathanamthitta,Thiruvalla,Pettakunnu,9.511047,76.929962,rural,190,15.06,False,2024,10,2024-10-01,16934.91,16934.91,233.4,104.77,0.0,False,0.91,0.3565,89.13,False,False,False
KL_0355,Pathanamthitta,Thiruvalla,Pettakunnu,9.511047,76.929962,rural,190,15.06,False,2024,11,2024-11-01,11956.93,11956.93,239.6,72.37,0.0,False,0.745,0.2517,62.93,False,False,False
KL_0355,Pathanamthitta,Thiruvalla,Pettakunnu,9.511047,76.929962,rural,190,15.06,False,2024,12,2024-12-01,16914.76,16914.76,231.0,111.71,0.0,False,0.918,0.3561,89.03,False,False,True
KL_0356,Ernakulam,Aluva,Muthakunnu,9.888637,76.795053,rural,99,10.78,False,2023,1,2023-01-01,9044.16,9044.16,228.2,55.97,0.0,False,0.93,0.3654,91.36,False,False,True
KL_0356,Ernakulam,Aluva,Muthakunnu,9.888637,76.795053,rural,99,10.78,False,2023,2,2023-02-01,8041.88,8041.88,226.8,51.91,0.0,False,0.91,0.3249,81.23,False,False,True
KL_0356,Ernakulam,Aluva,Muthakunnu,9.888637,76.795053,rural,99,10.78,False,2023,3,2023-03-01,11663.54,11663.54,220.3,73.62,0.0,False,0.888,0.4713,117.81,True,False,False
KL_0356,Ernakulam,Aluva,Muthakunnu,9.888637,76.795053,rural,99,10.78,False,2023,4,2023-04-01,10819.79,10819.79,229.0,61.5,0.0,False,0.928,0.4372,109.29,True,False,False
KL_0356,Ernakulam,Aluva,Muthakunnu,9.888637,76.795053,rural,99,10.78,False,2023,5,2023-05-01,9721.01,9721.01,228.2,61.35,0.0,False,0.894,0.3928,98.19,True,False,False
KL_0356,Ernakulam,Aluva,Muthakunnu,9.888637,76.795053,rural,99,10.78,False,2023,6,2023-06-01,6592.71,6592.71,228.2,40.13,0.0,False,0.879,0.2664,66.59,False,True,False
KL_0356,Ernakulam,Aluva,Muthakunnu,9.888637,76.795053,rural,99,10.78,False,2023,7,2023-07-01,4103.02,4103.02,225.1,24.18,0.0,False,0.857,0.1658,41.44,False,True,False
KL_0356,Ernakulam,Aluva,Muthakunnu,9.888637,76.795053,rural,99,10.78,False,2023,8,2023-08-01,13684.04,13684.04,221.7,88.21,0.0,False,0.796,0.5529,138.22,False,True,False
KL_0356,Ernakulam,Aluva,Muthakunnu,9.888637,76.795053,rural,99,10.78,False,2023,9,2023-09-01,8196.93,8196.93,217.9,47.86,0.0,False,0.781,0.3312,82.8,False,True,False
KL_0356,Ernakulam,Aluva,Muthakunnu,9.888637,76.795053,rural,99,10.78,False,2023,10,2023-10-01,12079.94,12079.94,240.5,63.1,0.0,False,0.889,0.4881,122.02,False,False,False
KL_0356,Ernakulam,Aluva,Muthakunnu,9.888637,76.795053,rural,99,10.78,False,2023,11,2023-11-01,8109.64,8109.64,230.6,47.12,0.0,False,0.888,0.3277,81.92,False,False,False
KL_0356,Ernakulam,Aluva,Muthakunnu,9.888637,76.795053,rural,99,10.78,False,2023,12,2023-12-01,8328.46,8328.46,237.1,46.44,0.0,False,0.848,0.3365,84.13,False,False,True
KL_0356,Ernakulam,Aluva,Muthakunnu,9.888637,76.795053,rural,99,10.78,False,2024,1,2024-01-01,7707.97,7707.97,245.5,41.32,0.0,False,0.807,0.3114,77.86,False,False,True
KL_0356,Ernakulam,Aluva,Muthakunnu,9.888637,76.795053,rural,99,10.78,False,2024,2,2024-02-01,5347.18,5347.18,227.4,31.15,0.0,False,0.793,0.216,54.01,False,False,True
KL_0356,Ernakulam,Aluva,Muthakunnu,9.888637,76.795053,rural,99,10.78,False,2024,3,2024-03-01,11035.41,11035.41,232.8,59.65,0.0,False,0.832,0.4459,111.47,True,False,False
KL_0356,Ernakulam,Aluva,Muthakunnu,9.888637,76.795053,rural,99,10.78,False,2024,4,2024-04-01,10402.54,10402.54,222.5,59.15,0.0,False,0.885,0.4203,105.08,True,False,False
KL_0356,Ernakulam,Aluva,Muthakunnu,9.888637,76.795053,rural,99,10.78,False,2024,5,2024-05-01,8571.06,8571.06,226.6,47.33,0.0,False,0.962,0.3463,86.58,True,False,False
KL_0356,Ernakulam,Aluva,Muthakunnu,9.888637,76.795053,rural,99,10.78,False,2024,6,2024-06-01,8110.16,8110.16,235.5,43.82,0.0,False,0.849,0.3277,81.92,False,True,False
KL_0356,Ernakulam,Aluva,Muthakunnu,9.888637,76.795053,rural,99,10.78,False,2024,7,2024-07-01,10688.54,10688.54,234.5,62.97,0.0,False,0.864,0.4319,107.97,False,True,False
KL_0356,Ernakulam,Aluva,Muthakunnu,9.888637,76.795053,rural,99,10.78,False,2024,8,2024-08-01,6137.5,6137.5,222.2,34.7,0.0,False,0.906,0.248,61.99,False,True,False
KL_0356,Ernakulam,Aluva,Muthakunnu,9.888637,76.795053,rural,99,10.78,False,2024,9,2024-09-01,3935.13,3935.13,225.5,26.25,0.0,False,0.847,0.159,39.75,False,True,False
KL_0356,Ernakulam,Aluva,Muthakunnu,9.888637,76.795053,rural,99,10.78,False,2024,10,2024-10-01,10948.36,10948.36,232.9,60.71,0.0,False,0.868,0.4424,110.59,False,False,False
KL_0356,Ernakulam,Aluva,Muthakunnu,9.888637,76.795053,rural,99,10.78,False,2024,11,2024-11-01,8524.97,8524.97,220.6,53.54,0.0,False,0.891,0.3444,86.11,False,False,False
KL_0356,Ernakulam,Aluva,Muthakunnu,9.888637,76.795053,rural,99,10.78,False,2024,12,2024-12-01,5067.34,5067.34,213.8,35.77,0.0,False,0.905,0.2047,51.19,False,False,True
KL_0357,Alappuzha,Mavelikkara,Kodukunnu,9.479309,76.299844,urban,181,1.39,False,2023,1,2023-01-01,43511.36,43511.36,227.6,256.27,0.0,False,0.853,0.9616,240.39,False,False,True
KL_0357,Alappuzha,Mavelikkara,Kodukunnu,9.479309,76.299844,urban,181,1.39,False,2023,2,2023-02-01,34667.06,34667.06,236.2,210.07,0.0,False,0.826,0.7661,191.53,False,False,True
KL_0357,Alappuzha,Mavelikkara,Kodukunnu,9.479309,76.299844,urban,181,1.39,False,2023,3,2023-03-01,41796.6,41796.6,243.7,261.68,0.0,False,0.86,0.9237,230.92,True,False,False
KL_0357,Alappuzha,Mavelikkara,Kodukunnu,9.479309,76.299844,urban,181,1.39,False,2023,4,2023-04-01,42014.62,42014.62,228.4,264.77,0.0,False,0.765,0.9285,232.12,True,False,False
KL_0357,Alappuzha,Mavelikkara,Kodukunnu,9.479309,76.299844,urban,181,1.39,False,2023,5,2023-05-01,65005.14,65005.14,209.0,445.94,0.0,False,0.865,1.4366,359.14,True,False,False
KL_0357,Alappuzha,Mavelikkara,Kodukunnu,9.479309,76.299844,urban,181,1.39,False,2023,6,2023-06-01,32109.73,32109.73,215.1,213.4,0.0,False,0.893,0.7096,177.4,False,True,False
KL_0357,Alappuzha,Mavelikkara,Kodukunnu,9.479309,76.299844,urban,181,1.39,False,2023,7,2023-07-01,41407.82,41407.82,225.1,258.49,0.0,False,0.935,0.9151,228.77,False,True,False
KL_0357,Alappuzha,Mavelikkara,Kodukunnu,9.479309,76.299844,urban,181,1.39,False,2023,8,2023-08-01,26290.45,26290.45,228.9,168.96,0.0,False,0.896,0.581,145.25,False,True,False
KL_0357,Alappuzha,Mavelikkara,Kodukunnu,9.479309,76.299844,urban,181,1.39,False,2023,9,2023-09-01,15816.97,15816.97,227.1,101.85,0.0,False,0.722,0.3495,87.39,False,True,False
KL_0357,Alappuzha,Mavelikkara,Kodukunnu,9.479309,76.299844,urban,181,1.39,False,2023,10,2023-10-01,39629.79,39629.79,219.1,253.31,0.0,False,0.92,0.8758,218.95,False,False,False
KL_0357,Alappuzha,Mavelikkara,Kodukunnu,9.479309,76.299844,urban,181,1.39,False,2023,11,2023-11-01,25561.74,25561.74,226.4,172.41,0.0,False,0.923,0.5649,141.23,False,False,False
KL_0357,Alappuzha,Mavelikkara,Kodukunnu,9.479309,76.299844,urban,181,1.39,False,2023,12,2023-12-01,26736.45,26736.45,224.9,158.95,0.0,False,0.804,0.5909,147.72,False,False,True
KL_0357,Alappuzha,Mavelikkara,Kodukunnu,9.479309,76.299844,urban,181,1.39,False,2024,1,2024-01-01,14177.76,14177.76,214.6,93.32,0.0,False,0.83,0.3133,78.33,False,False,True
KL_0357,Alappuzha,Mavelikkara,Kodukunnu,9.479309,76.299844,urban,181,1.39,False,2024,2,2024-02-01,34979.9,34979.9,228.7,191.3,0.0,False,0.922,0.773,193.26,False,False,True
KL_0357,Alappuzha,Mavelikkara,Kodukunnu,9.479309,76.299844,urban,181,1.39,False,2024,3,2024-03-01,24444.6,24444.6,225.3,146.76,0.0,False,0.853,0.5402,135.05,True,False,False
KL_0357,Alappuzha,Mavelikkara,Kodukunnu,9.479309,76.299844,urban,181,1.39,False,2024,4,2024-04-01,28649.03,28649.03,216.2,192.48,0.0,False,0.821,0.6331,158.28,True,False,False
KL_0357,Alappuzha,Mavelikkara,Kodukunnu,9.479309,76.299844,urban,181,1.39,False,2024,5,2024-05-01,58396.83,58396.83,231.3,355.79,0.0,False,0.812,1.2905,322.63,True,False,False
KL_0357,Alappuzha,Mavelikkara,Kodukunnu,9.479309,76.299844,urban,181,1.39,False,2024,6,2024-06-01,31105.61,31105.61,229.4,176.76,0.0,False,0.982,0.6874,171.85,False,True,False
KL_0357,Alappuzha,Mavelikkara,Kodukunnu,9.479309,76.299844,urban,181,1.39,False,2024,7,2024-07-01,41706.44,41706.44,227.4,275.83,0.0,False,0.889,0.9217,230.42,False,True,False
KL_0357,Alappuzha,Mavelikkara,Kodukunnu,9.479309,76.299844,urban,181,1.39,False,2024,8,2024-08-01,61147.63,61147.63,212.3,366.1,0.0,False,0.836,1.3513,337.83,False,True,False
KL_0357,Alappuzha,Mavelikkara,Kodukunnu,9.479309,76.299844,urban,181,1.39,False,2024,9,2024-09-01,28254.07,28254.07,224.9,174.01,0.0,False,0.921,0.6244,156.1,False,True,False
KL_0357,Alappuzha,Mavelikkara,Kodukunnu,9.479309,76.299844,urban,181,1.39,False,2024,10,2024-10-01,35432.69,35432.69,226.6,210.33,0.0,False,0.845,0.783,195.76,False,False,False
KL_0357,Alappuzha,Mavelikkara,Kodukunnu,9.479309,76.299844,urban,181,1.39,False,2024,11,2024-11-01,35100.83,35100.83,238.3,200.62,0.0,False,0.911,0.7757,193.93,False,False,False
KL_0357,Alappuzha,Mavelikkara,Kodukunnu,9.479309,76.299844,urban,181,1.39,False,2024,12,2024-12-01,17447.94,17447.94,225.0,109.68,0.0,False,0.879,0.3856,96.4,False,False,True
KL_0358,Alappuzha,Kayamkulam,Cheravayal,9.434564,76.699466,rural,108,7.54,True,2023,1,2023-01-01,6721.48,6721.48,234.1,36.88,0.0,False,0.833,0.2489,62.24,False,False,True
KL_0358,Alappuzha,Kayamkulam,Cheravayal,9.434564,76.699466,rural,108,7.54,True,2023,2,2023-02-01,7821.27,7821.27,213.5,49.49,0.0,False,0.875,0.2897,72.42,False,False,True
KL_0358,Alappuzha,Kayamkulam,Cheravayal,9.434564,76.699466,rural,108,7.54,True,2023,3,2023-03-01,7418.94,7418.94,231.6,46.17,0.0,False,0.877,0.2748,68.69,True,False,False
KL_0358,Alappuzha,Kayamkulam,Cheravayal,9.434564,76.699466,rural,108,7.54,True,2023,4,2023-04-01,9670.76,9670.76,238.4,55.7,0.0,False,0.89,0.3582,89.54,True,False,False
KL_0358,Alappuzha,Kayamkulam,Cheravayal,9.434564,76.699466,rural,108,7.54,True,2023,5,2023-05-01,10965.77,10965.77,221.5,66.45,0.0,False,0.931,0.4061,101.53,True,False,False
KL_0358,Alappuzha,Kayamkulam,Cheravayal,9.434564,76.699466,rural,108,7.54,True,2023,6,2023-06-01,13854.34,13854.34,237.3,76.74,0.0,False,0.961,0.5131,128.28,False,True,False
KL_0358,Alappuzha,Kayamkulam,Cheravayal,9.434564,76.699466,rural,108,7.54,True,2023,7,2023-07-01,7758.31,7758.31,228.5,49.03,0.0,False,0.871,0.2873,71.84,False,True,False
KL_0358,Alappuzha,Kayamkulam,Cheravayal,9.434564,76.699466,rural,108,7.54,True,2023,8,2023-08-01,11866.96,11866.96,235.0,70.68,0.0,False,0.755,0.4395,109.88,False,True,False
KL_0358,Alappuzha,Kayamkulam,Cheravayal,9.434564,76.699466,rural,108,7.54,True,2023,9,2023-09-01,6486.48,6486.48,226.6,36.46,0.0,False,0.894,0.2402,60.06,False,True,False
KL_0358,Alappuzha,Kayamkulam,Cheravayal,9.434564,76.699466,rural,108,7.54,True,2023,10,2023-10-01,5340.18,5340.18,250.5,29.99,0.0,False,0.837,0.1978,49.45,False,False,False
KL_0358,Alappuzha,Kayamkulam,Cheravayal,9.434564,76.699466,rural,108,7.54,True,2023,11,2023-11-01,10634.81,10634.81,234.5,63.62,0.0,False,0.765,0.3939,98.47,False,False,False
KL_0358,Alappuzha,Kayamkulam,Cheravayal,9.434564,76.699466,rural,108,7.54,True,2023,12,2023-12-01,9073.03,9073.03,214.2,58.46,0.0,False,0.885,0.336,84.01,False,False,True
KL_0358,Alappuzha,Kayamkulam,Cheravayal,9.434564,76.699466,rural,108,7.54,True,2024,1,2024-01-01,3918.1,3918.1,237.6,21.87,0.0,False,0.872,0.1451,36.28,False,False,True
KL_0358,Alappuzha,Kayamkulam,Cheravayal,9.434564,76.699466,rural,108,7.54,True,2024,2,2024-02-01,5609.7,5609.7,220.3,35.98,0.0,False,0.81,0.2078,51.94,False,False,True
KL_0358,Alappuzha,Kayamkulam,Cheravayal,9.434564,76.699466,rural,108,7.54,True,2024,3,2024-03-01,8994.37,8994.37,238.7,53.99,0.0,False,0.791,0.3331,83.28,True,False,False
KL_0358,Alappuzha,Kayamkulam,Cheravayal,9.434564,76.699466,rural,108,7.54,True,2024,4,2024-04-01,13289.48,13289.48,238.3,78.05,0.0,False,0.92,0.4922,123.05,True,False,False
KL_0358,Alappuzha,Kayamkulam,Cheravayal,9.434564,76.699466,rural,108,7.54,True,2024,5,2024-05-01,14132.62,14132.62,224.3,79.62,0.0,False,0.875,0.5234,130.86,True,False,False
KL_0358,Alappuzha,Kayamkulam,Cheravayal,9.434564,76.699466,rural,108,7.54,True,2024,6,2024-06-01,12716.8,12716.8,233.6,79.53,0.0,False,0.81,0.471,117.75,False,True,False
KL_0358,Alappuzha,Kayamkulam,Cheravayal,9.434564,76.699466,rural,108,7.54,True,2024,7,2024-07-01,8923.8,8923.8,215.7,57.47,0.0,False,0.883,0.3305,82.63,False,True,False
KL_0358,Alappuzha,Kayamkulam,Cheravayal,9.434564,76.699466,rural,108,7.54,True,2024,8,2024-08-01,3895.72,3895.72,228.9,23.54,0.0,False,0.829,0.1443,36.07,False,True,False
KL_0358,Alappuzha,Kayamkulam,Cheravayal,9.434564,76.699466,rural,108,7.54,True,2024,9,2024-09-01,7215.03,7215.03,221.8,49.27,0.0,False,0.877,0.2672,66.81,False,True,False
KL_0358,Alappuzha,Kayamkulam,Cheravayal,9.434564,76.699466,rural,108,7.54,True,2024,10,2024-10-01,10803.89,10803.89,218.0,75.1,0.0,False,0.866,0.4001,100.04,False,False,False
KL_0358,Alappuzha,Kayamkulam,Cheravayal,9.434564,76.699466,rural,108,7.54,True,2024,11,2024-11-01,6510.94,6510.94,232.4,35.96,0.0,False,0.722,0.2411,60.29,False,False,False
KL_0358,Alappuzha,Kayamkulam,Cheravayal,9.434564,76.699466,rural,108,7.54,True,2024,12,2024-12-01,10068.17,10068.17,236.4,64.1,0.0,False,0.855,0.3729,93.22,False,False,True
KL_0359,Alappuzha,Mavelikkara,Pallithara,9.531474,76.333113,rural,146,18.98,False,2023,1,2023-01-01,10745.0,10745.0,212.8,67.75,0.0,False,0.842,0.2944,73.6,False,False,True
KL_0359,Alappuzha,Mavelikkara,Pallithara,9.531474,76.333113,rural,146,18.98,False,2023,2,2023-02-01,5751.1,5751.1,221.9,36.37,0.0,False,0.813,0.1576,39.39,False,False,True
KL_0359,Alappuzha,Mavelikkara,Pallithara,9.531474,76.333113,rural,146,18.98,False,2023,3,2023-03-01,8670.69,8670.69,231.5,48.33,0.0,False,0.787,0.2376,59.39,True,False,False
KL_0359,Alappuzha,Mavelikkara,Pallithara,9.531474,76.333113,rural,146,18.98,False,2023,4,2023-04-01,10106.14,10106.14,224.8,57.0,0.0,False,0.839,0.2769,69.22,True,False,False
KL_0359,Alappuzha,Mavelikkara,Pallithara,9.531474,76.333113,rural,146,18.98,False,2023,5,2023-05-01,14481.19,14481.19,227.0,92.52,0.0,False,0.832,0.3967,99.19,True,False,False
KL_0359,Alappuzha,Mavelikkara,Pallithara,9.531474,76.333113,rural,146,18.98,False,2023,6,2023-06-01,14308.26,14308.26,229.5,88.44,0.0,False,0.883,0.392,98.0,False,True,False
KL_0359,Alappuzha,Mavelikkara,Pallithara,9.531474,76.333113,rural,146,18.98,False,2023,7,2023-07-01,3420.55,3420.55,224.4,20.67,0.0,False,0.843,0.0937,23.43,False,True,False
KL_0359,Alappuzha,Mavelikkara,Pallithara,9.531474,76.333113,rural,146,18.98,False,2023,8,2023-08-01,15718.74,15718.74,218.3,102.52,0.0,False,0.854,0.4307,107.66,False,True,False
KL_0359,Alappuzha,Mavelikkara,Pallithara,9.531474,76.333113,rural,146,18.98,False,2023,9,2023-09-01,7573.84,7573.84,240.0,45.77,0.0,False,0.866,0.2075,51.88,False,True,False
KL_0359,Alappuzha,Mavelikkara,Pallithara,9.531474,76.333113,rural,146,18.98,False,2023,10,2023-10-01,9057.93,9057.93,234.7,55.22,0.0,False,0.827,0.2482,62.04,False,False,False
KL_0359,Alappuzha,Mavelikkara,Pallithara,9.531474,76.333113,rural,146,18.98,False,2023,11,2023-11-01,10094.19,10094.19,228.5,59.23,0.0,False,0.8,0.2766,69.14,False,False,False
KL_0359,Alappuzha,Mavelikkara,Pallithara,9.531474,76.333113,rural,146,18.98,False,2023,12,2023-12-01,8707.52,8707.52,234.8,55.41,0.0,False,0.961,0.2386,59.64,False,False,True
KL_0359,Alappuzha,Mavelikkara,Pallithara,9.531474,76.333113,rural,146,18.98,False,2024,1,2024-01-01,13600.31,13600.31,223.7,83.78,0.0,False,0.846,0.3726,93.15,False,False,True
KL_0359,Alappuzha,Mavelikkara,Pallithara,9.531474,76.333113,rural,146,18.98,False,2024,2,2024-02-01,8314.57,8314.57,230.8,52.25,0.0,False,0.84,0.2278,56.95,False,False,True
KL_0359,Alappuzha,Mavelikkara,Pallithara,9.531474,76.333113,rural,146,18.98,False,2024,3,2024-03-01,11200.32,11200.32,225.1,62.32,0.0,False,0.921,0.3069,76.71,True,False,False
KL_0359,Alappuzha,Mavelikkara,Pallithara,9.531474,76.333113,rural,146,18.98,False,2024,4,2024-04-01,13265.74,13265.74,237.2,74.99,0.0,False,0.944,0.3634,90.86,True,False,False
KL_0359,Alappuzha,Mavelikkara,Pallithara,9.531474,76.333113,rural,146,18.98,False,2024,5,2024-05-01,15758.67,15758.67,212.8,106.48,0.0,False,0.922,0.4317,107.94,True,False,False
KL_0359,Alappuzha,Mavelikkara,Pallithara,9.531474,76.333113,rural,146,18.98,False,2024,6,2024-06-01,16130.45,16130.45,230.3,106.7,0.0,False,0.83,0.4419,110.48,False,True,False
KL_0359,Alappuzha,Mavelikkara,Pallithara,9.531474,76.333113,rural,146,18.98,False,2024,7,2024-07-01,11815.27,11815.27,230.3,74.24,0.0,False,0.867,0.3237,80.93,False,True,False
KL_0359,Alappuzha,Mavelikkara,Pallithara,9.531474,76.333113,rural,146,18.98,False,2024,8,2024-08-01,13905.09,13905.09,228.8,90.16,0.0,False,0.879,0.381,95.24,False,True,False
KL_0359,Alappuzha,Mavelikkara,Pallithara,9.531474,76.333113,rural,146,18.98,False,2024,9,2024-09-01,7307.87,7307.87,239.3,45.56,0.0,False,0.962,0.2002,50.05,False,True,False
KL_0359,Alappuzha,Mavelikkara,Pallithara,9.531474,76.333113,rural,146,18.98,False,2024,10,2024-10-01,18581.75,18581.75,233.0,109.37,0.0,False,0.871,0.5091,127.27,False,False,False
KL_0359,Alappuzha,Mavelikkara,Pallithara,9.531474,76.333113,rural,146,18.98,False,2024,11,2024-11-01,16238.22,16238.22,238.7,94.53,0.0,False,0.873,0.4449,111.22,False,False,False
KL_0359,Alappuzha,Mavelikkara,Pallithara,9.531474,76.333113,rural,146,18.98,False,2024,12,2024-12-01,13627.85,13627.85,229.1,89.78,0.0,False,0.799,0.3734,93.34,False,False,True
KL_0360,Kozhikode,Koyilandy,Manakunnu,11.535899,75.688364,rural,88,7.2,False,2023,1,2023-01-01,6951.98,6951.98,248.5,40.5,0.0,False,0.787,0.316,79.0,False,False,True
KL_0360,Kozhikode,Koyilandy,Manakunnu,11.535899,75.688364,rural,88,7.2,False,2023,2,2023-02-01,5038.53,5038.53,225.8,33.3,0.0,False,0.918,0.229,57.26,False,False,True
KL_0360,Kozhikode,Koyilandy,Manakunnu,11.535899,75.688364,rural,88,7.2,False,2023,3,2023-03-01,8671.65,8671.65,225.4,49.23,0.0,False,0.867,0.3942,98.54,True,False,False
KL_0360,Kozhikode,Koyilandy,Manakunnu,11.535899,75.688364,rural,88,7.2,False,2023,4,2023-04-01,6438.46,6438.46,208.5,43.45,0.0,False,0.872,0.2927,73.16,True,False,False
KL_0360,Kozhikode,Koyilandy,Manakunnu,11.535899,75.688364,rural,88,7.2,False,2023,5,2023-05-01,3783.14,3783.14,232.8,23.08,0.0,False,0.904,0.172,42.99,True,False,False
KL_0360,Kozhikode,Koyilandy,Manakunnu,11.535899,75.688364,rural,88,7.2,False,2023,6,2023-06-01,5333.95,5333.95,214.1,32.82,0.0,False,0.893,0.2425,60.61,False,True,False
KL_0360,Kozhikode,Koyilandy,Manakunnu,11.535899,75.688364,rural,88,7.2,False,2023,7,2023-07-01,8140.07,8140.07,253.9,45.95,0.0,False,0.886,0.37,92.5,False,True,False
KL_0360,Kozhikode,Koyilandy,Manakunnu,11.535899,75.688364,rural,88,7.2,False,2023,8,2023-08-01,3588.87,3588.87,228.7,19.82,0.0,False,0.882,0.1631,40.78,False,True,False
KL_0360,Kozhikode,Koyilandy,Manakunnu,11.535899,75.688364,rural,88,7.2,False,2023,9,2023-09-01,6523.84,6523.84,219.4,43.97,0.0,False,0.857,0.2965,74.13,False,True,False
KL_0360,Kozhikode,Koyilandy,Manakunnu,11.535899,75.688364,rural,88,7.2,False,2023,10,2023-10-01,7452.81,7452.81,234.1,44.69,0.0,False,0.86,0.3388,84.69,False,False,False
KL_0360,Kozhikode,Koyilandy,Manakunnu,11.535899,75.688364,rural,88,7.2,False,2023,11,2023-11-01,10263.36,10263.36,234.6,63.16,0.0,False,0.896,0.4665,116.63,False,False,False
KL_0360,Kozhikode,Koyilandy,Manakunnu,11.535899,75.688364,rural,88,7.2,False,2023,12,2023-12-01,5770.33,5770.33,221.3,39.42,0.0,False,0.803,0.2623,65.57,False,False,True
KL_0360,Kozhikode,Koyilandy,Manakunnu,11.535899,75.688364,rural,88,7.2,False,2024,1,2024-01-01,5456.54,5456.54,234.3,33.41,0.0,False,0.797,0.248,62.01,False,False,True
KL_0360,Kozhikode,Koyilandy,Manakunnu,11.535899,75.688364,rural,88,7.2,False,2024,2,2024-02-01,4918.71,4918.71,230.7,29.64,0.0,False,0.854,0.2236,55.89,False,False,True
KL_0360,Kozhikode,Koyilandy,Manakunnu,11.535899,75.688364,rural,88,7.2,False,2024,3,2024-03-01,3440.37,3440.37,241.1,21.05,0.0,False,0.857,0.1564,39.1,True,False,False
KL_0360,Kozhikode,Koyilandy,Manakunnu,11.535899,75.688364,rural,88,7.2,False,2024,4,2024-04-01,8160.29,8160.29,220.5,48.47,0.0,False,0.886,0.3709,92.73,True,False,False
KL_0360,Kozhikode,Koyilandy,Manakunnu,11.535899,75.688364,rural,88,7.2,False,2024,5,2024-05-01,10966.32,10966.32,232.6,67.3,0.0,False,0.839,0.4985,124.62,True,False,False
KL_0360,Kozhikode,Koyilandy,Manakunnu,11.535899,75.688364,rural,88,7.2,False,2024,6,2024-06-01,5385.09,5385.09,228.3,32.96,0.0,False,0.811,0.2448,61.19,False,True,False
KL_0360,Kozhikode,Koyilandy,Manakunnu,11.535899,75.688364,rural,88,7.2,False,2024,7,2024-07-01,5208.87,5208.87,243.5,31.26,0.0,False,0.88,0.2368,59.19,False,True,False
KL_0360,Kozhikode,Koyilandy,Manakunnu,11.535899,75.688364,rural,88,7.2,False,2024,8,2024-08-01,3968.57,3968.57,233.5,22.17,0.0,False,0.917,0.1804,45.1,False,True,False
KL_0360,Kozhikode,Koyilandy,Manakunnu,11.535899,75.688364,rural,88,7.2,False,2024,9,2024-09-01,6923.49,6923.49,210.2,41.91,0.0,False,0.868,0.3147,78.68,False,True,False
KL_0360,Kozhikode,Koyilandy,Manakunnu,11.535899,75.688364,rural,88,7.2,False,2024,10,2024-10-01,7756.18,7756.18,217.8,45.11,0.0,False,0.777,0.3526,88.14,False,False,False
KL_0360,Kozhikode,Koyilandy,Manakunnu,11.535899,75.688364,rural,88,7.2,False,2024,11,2024-11-01,9625.01,9625.01,219.6,66.88,0.0,False,0.864,0.4375,109.38,False,False,False
KL_0360,Kozhikode,Koyilandy,Manakunnu,11.535899,75.688364,rural,88,7.2,False,2024,12,2024-12-01,4712.21,4712.21,230.5,29.06,0.0,False,0.753,0.2142,53.55,False,False,True
KL_0361,Idukki,Munnar,Vadakkevayal,10.064804,77.279746,rural,30,7.42,False,2023,1,2023-01-01,2295.09,2295.09,241.3,13.76,0.0,False,0.848,0.306,76.5,False,False,True
KL_0361,Idukki,Munnar,Vadakkevayal,10.064804,77.279746,rural,30,7.42,False,2023,2,2023-02-01,2063.46,2063.46,239.9,12.67,0.0,False,0.75,0.2751,68.78,False,False,True
KL_0361,Idukki,Munnar,Vadakkevayal,10.064804,77.279746,rural,30,7.42,False,2023,3,2023-03-01,2680.7,2680.7,222.2,18.24,0.0,False,0.828,0.3574,89.36,True,False,False
KL_0361,Idukki,Munnar,Vadakkevayal,10.064804,77.279746,rural,30,7.42,False,2023,4,2023-04-01,2780.88,2780.88,223.3,16.76,0.0,False,0.876,0.3708,92.7,True,False,False
KL_0361,Idukki,Munnar,Vadakkevayal,10.064804,77.279746,rural,30,7.42,False,2023,5,2023-05-01,3124.69,3124.69,218.4,20.73,0.0,False,0.836,0.4166,104.16,True,False,False
KL_0361,Idukki,Munnar,Vadakkevayal,10.064804,77.279746,rural,30,7.42,False,2023,6,2023-06-01,3385.22,3385.22,212.5,20.64,0.0,False,0.907,0.4514,112.84,False,True,False
KL_0361,Idukki,Munnar,Vadakkevayal,10.064804,77.279746,rural,30,7.42,False,2023,7,2023-07-01,3412.95,3412.95,223.6,19.53,0.0,False,0.861,0.4551,113.76,False,True,False
KL_0361,Idukki,Munnar,Vadakkevayal,10.064804,77.279746,rural,30,7.42,False,2023,8,2023-08-01,2142.08,2142.08,226.4,14.23,0.0,False,0.794,0.2856,71.4,False,True,False
KL_0361,Idukki,Munnar,Vadakkevayal,10.064804,77.279746,rural,30,7.42,False,2023,9,2023-09-01,2348.71,2348.71,217.2,14.88,0.0,False,0.895,0.3132,78.29,False,True,False
KL_0361,Idukki,Munnar,Vadakkevayal,10.064804,77.279746,rural,30,7.42,False,2023,10,2023-10-01,1590.37,1590.37,234.9,9.82,0.0,False,0.884,0.212,53.01,False,False,False
KL_0361,Idukki,Munnar,Vadakkevayal,10.064804,77.279746,rural,30,7.42,False,2023,11,2023-11-01,2855.08,2855.08,218.3,19.23,0.0,False,0.914,0.3807,95.17,False,False,False
KL_0361,Idukki,Munnar,Vadakkevayal,10.064804,77.279746,rural,30,7.42,False,2023,12,2023-12-01,2329.4,2329.4,216.5,14.41,0.0,False,0.885,0.3106,77.65,False,False,True
KL_0361,Idukki,Munnar,Vadakkevayal,10.064804,77.279746,rural,30,7.42,False,2024,1,2024-01-01,2340.36,2340.36,219.9,15.19,0.0,False,0.873,0.312,78.01,False,False,True
KL_0361,Idukki,Munnar,Vadakkevayal,10.064804,77.279746,rural,30,7.42,False,2024,2,2024-02-01,2092.91,2092.91,214.6,13.83,0.0,False,0.8,0.2791,69.76,False,False,True
KL_0361,Idukki,Munnar,Vadakkevayal,10.064804,77.279746,rural,30,7.42,False,2024,3,2024-03-01,2027.37,2027.37,226.3,11.78,0.0,False,0.891,0.2703,67.58,True,False,False
KL_0361,Idukki,Munnar,Vadakkevayal,10.064804,77.279746,rural,30,7.42,False,2024,4,2024-04-01,3121.01,3121.01,228.1,18.0,0.0,False,0.843,0.4161,104.03,True,False,False
KL_0361,Idukki,Munnar,Vadakkevayal,10.064804,77.279746,rural,30,7.42,False,2024,5,2024-05-01,2999.21,2999.21,239.9,16.88,0.0,False,0.89,0.3999,99.97,True,False,False
KL_0361,Idukki,Munnar,Vadakkevayal,10.064804,77.279746,rural,30,7.42,False,2024,6,2024-06-01,2363.98,2363.98,224.6,13.18,0.0,False,0.962,0.3152,78.8,False,True,False
KL_0361,Idukki,Munnar,Vadakkevayal,10.064804,77.279746,rural,30,7.42,False,2024,7,2024-07-01,2521.98,2521.98,224.9,16.75,0.0,False,0.91,0.3363,84.07,False,True,False
KL_0361,Idukki,Munnar,Vadakkevayal,10.064804,77.279746,rural,30,7.42,False,2024,8,2024-08-01,1577.03,1577.03,219.5,10.84,0.0,False,0.864,0.2103,52.57,False,True,False
KL_0361,Idukki,Munnar,Vadakkevayal,10.064804,77.279746,rural,30,7.42,False,2024,9,2024-09-01,3292.97,3292.97,229.5,19.46,0.0,False,0.854,0.4391,109.77,False,True,False
KL_0361,Idukki,Munnar,Vadakkevayal,10.064804,77.279746,rural,30,7.42,False,2024,10,2024-10-01,3450.76,3450.76,233.2,19.48,0.0,False,0.829,0.4601,115.03,False,False,False
KL_0361,Idukki,Munnar,Vadakkevayal,10.064804,77.279746,rural,30,7.42,False,2024,11,2024-11-01,1655.46,1655.46,224.6,10.4,0.0,False,0.734,0.2207,55.18,False,False,False
KL_0361,Idukki,Munnar,Vadakkevayal,10.064804,77.279746,rural,30,7.42,False,2024,12,2024-12-01,2868.56,2868.56,222.7,19.61,0.0,False,0.852,0.3825,95.62,False,False,True
KL_0362,Kannur,Payyanur,Manavayal,12.30902,75.241797,urban,29,2.05,True,2023,1,2023-01-01,4996.35,4996.35,217.2,34.44,0.0,False,0.824,0.6892,172.29,False,False,True
KL_0362,Kannur,Payyanur,Manavayal,12.30902,75.241797,urban,29,2.05,True,2023,2,2023-02-01,3597.13,3597.13,225.0,21.74,0.0,False,0.866,0.4962,124.04,False,False,True
KL_0362,Kannur,Payyanur,Manavayal,12.30902,75.241797,urban,29,2.05,True,2023,3,2023-03-01,5911.94,5911.94,225.2,36.6,0.0,False,0.824,0.8154,203.86,True,False,False
KL_0362,Kannur,Payyanur,Manavayal,12.30902,75.241797,urban,29,2.05,True,2023,4,2023-04-01,8412.26,8412.26,221.4,53.11,0.0,False,0.861,1.1603,290.08,True,False,False
KL_0362,Kannur,Payyanur,Manavayal,12.30902,75.241797,urban,29,2.05,True,2023,5,2023-05-01,6092.99,6092.99,234.7,32.61,0.0,False,0.912,0.8404,210.1,True,False,False
KL_0362,Kannur,Payyanur,Manavayal,12.30902,75.241797,urban,29,2.05,True,2023,6,2023-06-01,8140.55,8140.55,220.5,55.2,0.0,False,0.858,1.1228,280.71,False,True,False
KL_0362,Kannur,Payyanur,Manavayal,12.30902,75.241797,urban,29,2.05,True,2023,7,2023-07-01,4182.37,4182.37,227.4,23.57,0.0,False,0.796,0.5769,144.22,False,True,False
KL_0362,Kannur,Payyanur,Manavayal,12.30902,75.241797,urban,29,2.05,True,2023,8,2023-08-01,4391.97,4391.97,224.7,28.99,0.0,False,0.808,0.6058,151.45,False,True,False
KL_0362,Kannur,Payyanur,Manavayal,12.30902,75.241797,urban,29,2.05,True,2023,9,2023-09-01,6417.24,6417.24,227.4,40.65,0.0,False,0.885,0.8851,221.28,False,True,False
KL_0362,Kannur,Payyanur,Manavayal,12.30902,75.241797,urban,29,2.05,True,2023,10,2023-10-01,6187.37,6187.37,206.4,45.72,0.0,False,0.888,0.8534,213.36,False,False,False
KL_0362,Kannur,Payyanur,Manavayal,12.30902,75.241797,urban,29,2.05,True,2023,11,2023-11-01,5719.64,5719.64,204.1,39.29,0.0,False,0.806,0.7889,197.23,False,False,False
KL_0362,Kannur,Payyanur,Manavayal,12.30902,75.241797,urban,29,2.05,True,2023,12,2023-12-01,6135.34,6135.34,225.3,36.84,0.0,False,0.849,0.8463,211.56,False,False,True
KL_0362,Kannur,Payyanur,Manavayal,12.30902,75.241797,urban,29,2.05,True,2024,1,2024-01-01,4232.0,4232.0,217.0,27.63,0.0,False,0.895,0.5837,145.93,False,False,True
KL_0362,Kannur,Payyanur,Manavayal,12.30902,75.241797,urban,29,2.05,True,2024,2,2024-02-01,5869.95,5869.95,227.9,34.83,0.0,False,0.936,0.8096,202.41,False,False,True
KL_0362,Kannur,Payyanur,Manavayal,12.30902,75.241797,urban,29,2.05,True,2024,3,2024-03-01,4777.1,4777.1,213.6,33.2,0.0,False,0.859,0.6589,164.73,True,False,False
KL_0362,Kannur,Payyanur,Manavayal,12.30902,75.241797,urban,29,2.05,True,2024,4,2024-04-01,5854.07,5854.07,221.7,39.78,0.0,False,0.84,0.8075,201.86,True,False,False
KL_0362,Kannur,Payyanur,Manavayal,12.30902,75.241797,urban,29,2.05,True,2024,5,2024-05-01,3693.4,3693.4,222.6,22.59,0.0,False,0.832,0.5094,127.36,True,False,False
KL_0362,Kannur,Payyanur,Manavayal,12.30902,75.241797,urban,29,2.05,True,2024,6,2024-06-01,5335.98,5335.98,232.6,29.69,0.0,False,0.857,0.736,184.0,False,True,False
KL_0362,Kannur,Payyanur,Manavayal,12.30902,75.241797,urban,29,2.05,True,2024,7,2024-07-01,6349.14,6349.14,207.1,45.25,0.0,False,0.919,0.8757,218.94,False,True,False
KL_0362,Kannur,Payyanur,Manavayal,12.30902,75.241797,urban,29,2.05,True,2024,8,2024-08-01,3648.53,3648.53,232.1,22.79,0.0,False,0.857,0.5032,125.81,False,True,False
KL_0362,Kannur,Payyanur,Manavayal,12.30902,75.241797,urban,29,2.05,True,2024,9,2024-09-01,4920.93,4920.93,230.8,29.19,0.0,False,0.875,0.6787,169.69,False,True,False
KL_0362,Kannur,Payyanur,Manavayal,12.30902,75.241797,urban,29,2.05,True,2024,10,2024-10-01,7693.89,7693.89,219.7,51.46,0.0,False,0.779,1.0612,265.31,False,False,False
KL_0362,Kannur,Payyanur,Manavayal,12.30902,75.241797,urban,29,2.05,True,2024,11,2024-11-01,6647.73,6647.73,233.9,40.4,0.0,False,0.93,0.9169,229.23,False,False,False
KL_0362,Kannur,Payyanur,Manavayal,12.30902,75.241797,urban,29,2.05,True,2024,12,2024-12-01,6689.11,6689.11,240.2,35.38,0.0,False,0.917,0.9226,230.66,False,False,True
KL_0363,Alappuzha,Kayamkulam,Pallipara,9.383078,76.753364,rural,27,9.62,False,2023,1,2023-01-01,1778.5,1778.5,235.5,10.49,0.0,False,0.835,0.2635,65.87,False,False,True
KL_0363,Alappuzha,Kayamkulam,Pallipara,9.383078,76.753364,rural,27,9.62,False,2023,2,2023-02-01,1814.95,1814.95,227.9,11.91,0.0,False,0.845,0.2689,67.22,False,False,True
KL_0363,Alappuzha,Kayamkulam,Pallipara,9.383078,76.753364,rural,27,9.62,False,2023,3,2023-03-01,2157.83,2157.83,232.2,13.86,0.0,False,0.909,0.3197,79.92,True,False,False
KL_0363,Alappuzha,Kayamkulam,Pallipara,9.383078,76.753364,rural,27,9.62,False,2023,4,2023-04-01,1241.47,1241.47,231.9,7.79,0.0,False,0.997,0.1839,45.98,True,False,False
KL_0363,Alappuzha,Kayamkulam,Pallipara,9.383078,76.753364,rural,27,9.62,False,2023,5,2023-05-01,2970.35,2970.35,229.0,19.4,0.0,False,0.766,0.4401,110.01,True,False,False
KL_0363,Alappuzha,Kayamkulam,Pallipara,9.383078,76.753364,rural,27,9.62,False,2023,6,2023-06-01,2622.85,2622.85,228.9,17.4,0.0,False,0.824,0.3886,97.14,False,True,False
KL_0363,Alappuzha,Kayamkulam,Pallipara,9.383078,76.753364,rural,27,9.62,False,2023,7,2023-07-01,2484.3,2484.3,238.4,15.52,0.0,False,0.83,0.368,92.01,False,True,False
KL_0363,Alappuzha,Kayamkulam,Pallipara,9.383078,76.753364,rural,27,9.62,False,2023,8,2023-08-01,1355.97,1355.97,236.7,7.93,0.0,False,0.902,0.2009,50.22,False,True,False
KL_0363,Alappuzha,Kayamkulam,Pallipara,9.383078,76.753364,rural,27,9.62,False,2023,9,2023-09-01,2280.48,2280.48,225.5,14.54,0.0,False,0.868,0.3378,84.46,False,True,False
KL_0363,Alappuzha,Kayamkulam,Pallipara,9.383078,76.753364,rural,27,9.62,False,2023,10,2023-10-01,1346.42,1346.42,224.2,8.49,0.0,False,0.824,0.1995,49.87,False,False,False
KL_0363,Alappuzha,Kayamkulam,Pallipara,9.383078,76.753364,rural,27,9.62,False,2023,11,2023-11-01,1466.77,1466.77,222.9,9.71,0.0,False,0.779,0.2173,54.32,False,False,False
KL_0363,Alappuzha,Kayamkulam,Pallipara,9.383078,76.753364,rural,27,9.62,False,2023,12,2023-12-01,1571.9,1571.9,226.8,9.2,0.0,False,0.901,0.2329,58.22,False,False,True
KL_0363,Alappuzha,Kayamkulam,Pallipara,9.383078,76.753364,rural,27,9.62,False,2024,1,2024-01-01,3022.48,3022.48,223.6,17.8,0.0,False,0.84,0.4478,111.94,False,False,True
KL_0363,Alappuzha,Kayamkulam,Pallipara,9.383078,76.753364,rural,27,9.62,False,2024,2,2024-02-01,2403.33,2403.33,216.5,14.39,0.0,False,0.792,0.356,89.01,False,False,True
KL_0363,Alappuzha,Kayamkulam,Pallipara,9.383078,76.753364,rural,27,9.62,False,2024,3,2024-03-01,2082.51,2082.51,232.8,12.78,0.0,False,0.816,0.3085,77.13,True,False,False
KL_0363,Alappuzha,Kayamkulam,Pallipara,9.383078,76.753364,rural,27,9.62,False,2024,4,2024-04-01,2190.82,2190.82,223.0,14.92,0.0,False,0.829,0.3246,81.14,True,False,False
KL_0363,Alappuzha,Kayamkulam,Pallipara,9.383078,76.753364,rural,27,9.62,False,2024,5,2024-05-01,3035.75,3035.75,244.2,18.55,0.0,False,0.835,0.4497,112.44,True,False,False
KL_0363,Alappuzha,Kayamkulam,Pallipara,9.383078,76.753364,rural,27,9.62,False,2024,6,2024-06-01,2254.33,2254.33,222.1,14.95,0.0,False,0.798,0.334,83.49,False,True,False
KL_0363,Alappuzha,Kayamkulam,Pallipara,9.383078,76.753364,rural,27,9.62,False,2024,7,2024-07-01,950.84,950.84,235.3,5.43,0.0,False,0.798,0.1409,35.22,False,True,False
KL_0363,Alappuzha,Kayamkulam,Pallipara,9.383078,76.753364,rural,27,9.62,False,2024,8,2024-08-01,2107.88,2107.88,244.5,11.59,0.0,False,0.968,0.3123,78.07,False,True,False
KL_0363,Alappuzha,Kayamkulam,Pallipara,9.383078,76.753364,rural,27,9.62,False,2024,9,2024-09-01,2178.89,2178.89,216.2,14.04,0.0,False,0.866,0.3228,80.7,False,True,False
KL_0363,Alappuzha,Kayamkulam,Pallipara,9.383078,76.753364,rural,27,9.62,False,2024,10,2024-10-01,2958.85,2958.85,227.2,17.0,0.0,False,0.829,0.4383,109.59,False,False,False
KL_0363,Alappuzha,Kayamkulam,Pallipara,9.383078,76.753364,rural,27,9.62,False,2024,11,2024-11-01,2568.66,2568.66,228.5,15.03,0.0,False,0.869,0.3805,95.14,False,False,False
KL_0363,Alappuzha,Kayamkulam,Pallipara,9.383078,76.753364,rural,27,9.62,False,2024,12,2024-12-01,1892.6,1892.6,237.5,11.58,0.0,False,0.858,0.2804,70.1,False,False,True
KL_0364,Ernakulam,Angamaly,Manapara,9.938639,76.819712,semi-urban,179,6.45,False,2023,1,2023-01-01,22463.41,22463.41,240.5,123.54,0.0,False,0.805,0.502,125.49,False,False,True
KL_0364,Ernakulam,Angamaly,Manapara,9.938639,76.819712,semi-urban,179,6.45,False,2023,2,2023-02-01,25886.19,25886.19,226.1,153.05,0.0,False,0.754,0.5785,144.62,False,False,True
KL_0364,Ernakulam,Angamaly,Manapara,9.938639,76.819712,semi-urban,179,6.45,False,2023,3,2023-03-01,34156.71,34156.71,229.4,221.26,0.0,False,0.823,0.7633,190.82,True,False,False
KL_0364,Ernakulam,Angamaly,Manapara,9.938639,76.819712,semi-urban,179,6.45,False,2023,4,2023-04-01,4779.3,4779.3,216.9,33.07,0.0,False,0.841,0.1068,26.7,True,False,False
KL_0364,Ernakulam,Angamaly,Manapara,9.938639,76.819712,semi-urban,179,6.45,False,2023,5,2023-05-01,36991.59,36991.59,227.4,209.54,0.0,False,0.845,0.8266,206.66,True,False,False
KL_0364,Ernakulam,Angamaly,Manapara,9.938639,76.819712,semi-urban,179,6.45,False,2023,6,2023-06-01,46773.55,46773.55,223.2,306.1,0.0,False,0.758,1.0452,261.3,False,True,False
KL_0364,Ernakulam,Angamaly,Manapara,9.938639,76.819712,semi-urban,179,6.45,False,2023,7,2023-07-01,22655.29,22655.29,229.8,143.77,0.0,False,0.974,0.5063,126.57,False,True,False
KL_0364,Ernakulam,Angamaly,Manapara,9.938639,76.819712,semi-urban,179,6.45,False,2023,8,2023-08-01,16690.53,16690.53,219.7,103.75,0.0,False,0.97,0.373,93.24,False,True,False
KL_0364,Ernakulam,Angamaly,Manapara,9.938639,76.819712,semi-urban,179,6.45,False,2023,9,2023-09-01,29180.79,29180.79,228.5,189.23,0.0,False,0.872,0.6521,163.02,False,True,False
KL_0364,Ernakulam,Angamaly,Manapara,9.938639,76.819712,semi-urban,179,6.45,False,2023,10,2023-10-01,39996.17,39996.17,237.0,225.34,0.0,False,0.851,0.8938,223.44,False,False,False
KL_0364,Ernakulam,Angamaly,Manapara,9.938639,76.819712,semi-urban,179,6.45,False,2023,11,2023-11-01,19568.3,19568.3,205.8,144.06,0.0,False,0.822,0.4373,109.32,False,False,False
KL_0364,Ernakulam,Angamaly,Manapara,9.938639,76.819712,semi-urban,179,6.45,False,2023,12,2023-12-01,21910.44,21910.44,222.8,140.51,0.0,False,0.879,0.4896,122.4,False,False,True
KL_0364,Ernakulam,Angamaly,Manapara,9.938639,76.819712,semi-urban,179,6.45,False,2024,1,2024-01-01,25786.12,25786.12,230.4,152.61,0.0,False,0.844,0.5762,144.06,False,False,True
KL_0364,Ernakulam,Angamaly,Manapara,9.938639,76.819712,semi-urban,179,6.45,False,2024,2,2024-02-01,17131.57,17131.57,236.2,91.03,0.0,False,0.913,0.3828,95.71,False,False,True
KL_0364,Ernakulam,Angamaly,Manapara,9.938639,76.819712,semi-urban,179,6.45,False,2024,3,2024-03-01,37892.68,37892.68,230.0,245.02,0.0,False,0.896,0.8468,211.69,True,False,False
KL_0364,Ernakulam,Angamaly,Manapara,9.938639,76.819712,semi-urban,179,6.45,False,2024,4,2024-04-01,30204.54,30204.54,230.9,166.91,0.0,False,0.807,0.675,168.74,True,False,False
KL_0364,Ernakulam,Angamaly,Manapara,9.938639,76.819712,semi-urban,179,6.45,False,2024,5,2024-05-01,29925.07,29925.07,218.8,189.81,0.0,False,0.816,0.6687,167.18,True,False,False
KL_0364,Ernakulam,Angamaly,Manapara,9.938639,76.819712,semi-urban,179,6.45,False,2024,6,2024-06-01,21430.62,21430.62,220.9,137.72,0.0,False,0.898,0.4789,119.72,False,True,False
KL_0364,Ernakulam,Angamaly,Manapara,9.938639,76.819712,semi-urban,179,6.45,False,2024,7,2024-07-01,31490.22,31490.22,250.9,179.27,0.0,False,0.885,0.7037,175.92,False,True,False
KL_0364,Ernakulam,Angamaly,Manapara,9.938639,76.819712,semi-urban,179,6.45,False,2024,8,2024-08-01,13745.41,13745.41,229.4,76.86,0.0,False,0.794,0.3072,76.79,False,True,False
KL_0364,Ernakulam,Angamaly,Manapara,9.938639,76.819712,semi-urban,179,6.45,False,2024,9,2024-09-01,13526.63,13526.63,237.1,73.56,0.0,False,0.827,0.3023,75.57,False,True,False
KL_0364,Ernakulam,Angamaly,Manapara,9.938639,76.819712,semi-urban,179,6.45,False,2024,10,2024-10-01,25474.57,25474.57,219.7,171.78,0.0,False,0.842,0.5693,142.32,False,False,False
KL_0364,Ernakulam,Angamaly,Manapara,9.938639,76.819712,semi-urban,179,6.45,False,2024,11,2024-11-01,17786.66,17786.66,221.7,105.47,0.0,False,0.848,0.3975,99.37,False,False,False
KL_0364,Ernakulam,Angamaly,Manapara,9.938639,76.819712,semi-urban,179,6.45,False,2024,12,2024-12-01,23990.15,23990.15,228.7,140.87,0.0,False,0.846,0.5361,134.02,False,False,True
KL_0365,Thrissur,Kunnamkulam,Muthamoodu,10.578529,76.148814,semi-urban,184,2.33,False,2023,1,2023-01-01,22110.03,22110.03,247.2,133.89,0.0,False,0.895,0.4807,120.16,False,False,True
KL_0365,Thrissur,Kunnamkulam,Muthamoodu,10.578529,76.148814,semi-urban,184,2.33,False,2023,2,2023-02-01,14064.54,14064.54,226.5,85.6,0.0,False,0.857,0.3058,76.44,False,False,True
KL_0365,Thrissur,Kunnamkulam,Muthamoodu,10.578529,76.148814,semi-urban,184,2.33,False,2023,3,2023-03-01,21411.77,21411.77,224.2,145.18,0.0,False,0.854,0.4655,116.37,True,False,False
KL_0365,Thrissur,Kunnamkulam,Muthamoodu,10.578529,76.148814,semi-urban,184,2.33,False,2023,4,2023-04-01,29182.54,29182.54,236.0,164.86,0.0,False,0.812,0.6344,158.6,True,False,False
KL_0365,Thrissur,Kunnamkulam,Muthamoodu,10.578529,76.148814,semi-urban,184,2.33,False,2023,5,2023-05-01,34035.61,34035.61,225.7,220.78,0.0,False,0.858,0.7399,184.98,True,False,False
KL_0365,Thrissur,Kunnamkulam,Muthamoodu,10.578529,76.148814,semi-urban,184,2.33,False,2023,6,2023-06-01,23775.63,23775.63,238.4,136.96,0.0,False,0.849,0.5169,129.22,False,True,False
KL_0365,Thrissur,Kunnamkulam,Muthamoodu,10.578529,76.148814,semi-urban,184,2.33,False,2023,7,2023-07-01,22464.81,22464.81,211.0,144.0,0.0,False,0.826,0.4884,122.09,False,True,False
KL_0365,Thrissur,Kunnamkulam,Muthamoodu,10.578529,76.148814,semi-urban,184,2.33,False,2023,8,2023-08-01,29737.17,29737.17,237.0,177.47,0.0,False,0.792,0.6465,161.62,False,True,False
KL_0365,Thrissur,Kunnamkulam,Muthamoodu,10.578529,76.148814,semi-urban,184,2.33,False,2023,9,2023-09-01,28649.8,28649.8,235.3,159.09,0.0,False,0.914,0.6228,155.71,False,True,False
KL_0365,Thrissur,Kunnamkulam,Muthamoodu,10.578529,76.148814,semi-urban,184,2.33,False,2023,10,2023-10-01,27239.04,27239.04,216.5,180.06,0.0,False,0.939,0.5922,148.04,False,False,False
KL_0365,Thrissur,Kunnamkulam,Muthamoodu,10.578529,76.148814,semi-urban,184,2.33,False,2023,11,2023-11-01,23594.76,23594.76,221.2,151.89,0.0,False,0.862,0.5129,128.23,False,False,False
KL_0365,Thrissur,Kunnamkulam,Muthamoodu,10.578529,76.148814,semi-urban,184,2.33,False,2023,12,2023-12-01,25318.19,25318.19,222.4,167.67,0.0,False,0.922,0.5504,137.6,False,False,True
KL_0365,Thrissur,Kunnamkulam,Muthamoodu,10.578529,76.148814,semi-urban,184,2.33,False,2024,1,2024-01-01,18919.96,18919.96,225.8,125.24,0.0,False,0.861,0.4113,102.83,False,False,True
KL_0365,Thrissur,Kunnamkulam,Muthamoodu,10.578529,76.148814,semi-urban,184,2.33,False,2024,2,2024-02-01,17883.5,17883.5,222.4,121.98,0.0,False,0.781,0.3888,97.19,False,False,True
KL_0365,Thrissur,Kunnamkulam,Muthamoodu,10.578529,76.148814,semi-urban,184,2.33,False,2024,3,2024-03-01,23175.04,23175.04,237.7,135.92,0.0,False,0.865,0.5038,125.95,True,False,False
KL_0365,Thrissur,Kunnamkulam,Muthamoodu,10.578529,76.148814,semi-urban,184,2.33,False,2024,4,2024-04-01,29505.31,29505.31,212.0,203.44,0.0,False,0.833,0.6414,160.35,True,False,False
KL_0365,Thrissur,Kunnamkulam,Muthamoodu,10.578529,76.148814,semi-urban,184,2.33,False,2024,5,2024-05-01,27850.75,27850.75,221.7,175.34,0.0,False,0.874,0.6055,151.36,True,False,False
KL_0365,Thrissur,Kunnamkulam,Muthamoodu,10.578529,76.148814,semi-urban,184,2.33,False,2024,6,2024-06-01,34569.14,34569.14,220.6,210.69,0.0,False,0.929,0.7515,187.88,False,True,False
KL_0365,Thrissur,Kunnamkulam,Muthamoodu,10.578529,76.148814,semi-urban,184,2.33,False,2024,7,2024-07-01,24592.71,24592.71,219.4,168.44,0.0,False,0.825,0.5346,133.66,False,True,False
KL_0365,Thrissur,Kunnamkulam,Muthamoodu,10.578529,76.148814,semi-urban,184,2.33,False,2024,8,2024-08-01,24921.37,24921.37,228.1,156.34,0.0,False,0.869,0.5418,135.44,False,True,False
KL_0365,Thrissur,Kunnamkulam,Muthamoodu,10.578529,76.148814,semi-urban,184,2.33,False,2024,9,2024-09-01,19815.27,19815.27,233.9,106.51,0.0,False,0.893,0.4308,107.69,False,True,False
KL_0365,Thrissur,Kunnamkulam,Muthamoodu,10.578529,76.148814,semi-urban,184,2.33,False,2024,10,2024-10-01,7096.95,7096.95,219.7,47.59,0.0,False,0.918,0.1543,38.57,False,False,False
KL_0365,Thrissur,Kunnamkulam,Muthamoodu,10.578529,76.148814,semi-urban,184,2.33,False,2024,11,2024-11-01,28291.94,28291.94,219.2,184.3,0.0,False,0.899,0.615,153.76,False,False,False
KL_0365,Thrissur,Kunnamkulam,Muthamoodu,10.578529,76.148814,semi-urban,184,2.33,False,2024,12,2024-12-01,37031.06,37031.06,231.0,232.4,0.0,False,0.794,0.805,201.26,False,False,True
KL_0366,Pathanamthitta,Thiruvalla,Vadakkevayal,9.403858,76.834549,rural,73,12.95,False,2023,1,2023-01-01,5245.74,5245.74,232.1,32.34,0.0,False,0.794,0.2874,71.86,False,False,True
KL_0366,Pathanamthitta,Thiruvalla,Vadakkevayal,9.403858,76.834549,rural,73,12.95,False,2023,2,2023-02-01,4821.24,4821.24,232.1,27.45,0.0,False,0.888,0.2642,66.04,False,False,True
KL_0366,Pathanamthitta,Thiruvalla,Vadakkevayal,9.403858,76.834549,rural,73,12.95,False,2023,3,2023-03-01,5645.75,5645.75,218.6,32.79,0.0,False,0.831,0.3094,77.34,True,False,False
KL_0366,Pathanamthitta,Thiruvalla,Vadakkevayal,9.403858,76.834549,rural,73,12.95,False,2023,4,2023-04-01,7006.56,7006.56,228.5,38.78,0.0,False,0.801,0.3839,95.98,True,False,False
KL_0366,Pathanamthitta,Thiruvalla,Vadakkevayal,9.403858,76.834549,rural,73,12.95,False,2023,5,2023-05-01,8321.24,8321.24,229.0,46.58,0.0,False,0.909,0.456,113.99,True,False,False
KL_0366,Pathanamthitta,Thiruvalla,Vadakkevayal,9.403858,76.834549,rural,73,12.95,False,2023,6,2023-06-01,6756.7,6756.7,233.7,41.21,0.0,False,0.832,0.3702,92.56,False,True,False
KL_0366,Pathanamthitta,Thiruvalla,Vadakkevayal,9.403858,76.834549,rural,73,12.95,False,2023,7,2023-07-01,5291.69,5291.69,213.1,34.14,0.0,False,0.932,0.29,72.49,False,True,False
KL_0366,Pathanamthitta,Thiruvalla,Vadakkevayal,9.403858,76.834549,rural,73,12.95,False,2023,8,2023-08-01,3893.7,3893.7,231.8,23.21,0.0,False,0.828,0.2134,53.34,False,True,False
KL_0366,Pathanamthitta,Thiruvalla,Vadakkevayal,9.403858,76.834549,rural,73,12.95,False,2023,9,2023-09-01,3857.16,3857.16,233.1,23.29,0.0,False,0.813,0.2114,52.84,False,True,False
KL_0366,Pathanamthitta,Thiruvalla,Vadakkevayal,9.403858,76.834549,rural,73,12.95,False,2023,10,2023-10-01,6763.08,6763.08,231.2,40.96,0.0,False,0.847,0.3706,92.64,False,False,False
KL_0366,Pathanamthitta,Thiruvalla,Vadakkevayal,9.403858,76.834549,rural,73,12.95,False,2023,11,2023-11-01,6201.8,6201.8,244.9,34.11,0.0,False,0.888,0.3398,84.96,False,False,False
KL_0366,Pathanamthitta,Thiruvalla,Vadakkevayal,9.403858,76.834549,rural,73,12.95,False,2023,12,2023-12-01,5703.06,5703.06,228.1,34.4,0.0,False,0.865,0.3125,78.12,False,False,True
KL_0366,Pathanamthitta,Thiruvalla,Vadakkevayal,9.403858,76.834549,rural,73,12.95,False,2024,1,2024-01-01,5166.21,5166.21,235.7,33.23,0.0,False,0.945,0.2831,70.77,False,False,True
KL_0366,Pathanamthitta,Thiruvalla,Vadakkevayal,9.403858,76.834549,rural,73,12.95,False,2024,2,2024-02-01,5183.72,5183.72,230.3,28.32,0.0,False,0.859,0.284,71.01,False,False,True
KL_0366,Pathanamthitta,Thiruvalla,Vadakkevayal,9.403858,76.834549,rural,73,12.95,False,2024,3,2024-03-01,4795.76,4795.76,236.9,25.49,0.0,False,0.841,0.2628,65.7,True,False,False
KL_0366,Pathanamthitta,Thiruvalla,Vadakkevayal,9.403858,76.834549,rural,73,12.95,False,2024,4,2024-04-01,7220.13,7220.13,224.4,48.53,0.0,False,0.925,0.3956,98.91,True,False,False
KL_0366,Pathanamthitta,Thiruvalla,Vadakkevayal,9.403858,76.834549,rural,73,12.95,False,2024,5,2024-05-01,7193.38,7193.38,236.9,43.22,0.0,False,0.88,0.3942,98.54,True,False,False
KL_0366,Pathanamthitta,Thiruvalla,Vadakkevayal,9.403858,76.834549,rural,73,12.95,False,2024,6,2024-06-01,5707.15,5707.15,224.4,34.24,0.0,False,0.829,0.3127,78.18,False,True,False
KL_0366,Pathanamthitta,Thiruvalla,Vadakkevayal,9.403858,76.834549,rural,73,12.95,False,2024,7,2024-07-01,7943.7,7943.7,217.0,48.41,0.0,False,0.862,0.4353,108.82,False,True,False
KL_0366,Pathanamthitta,Thiruvalla,Vadakkevayal,9.403858,76.834549,rural,73,12.95,False,2024,8,2024-08-01,4315.74,4315.74,232.7,26.68,0.0,False,0.861,0.2365,59.12,False,True,False
KL_0366,Pathanamthitta,Thiruvalla,Vadakkevayal,9.403858,76.834549,rural,73,12.95,False,2024,9,2024-09-01,6513.08,6513.08,224.0,40.06,0.0,False,0.84,0.3569,89.22,False,True,False
KL_0366,Pathanamthitta,Thiruvalla,Vadakkevayal,9.403858,76.834549,rural,73,12.95,False,2024,10,2024-10-01,5443.89,5443.89,208.2,35.94,0.0,False,0.859,0.2983,74.57,False,False,False
KL_0366,Pathanamthitta,Thiruvalla,Vadakkevayal,9.403858,76.834549,rural,73,12.95,False,2024,11,2024-11-01,4872.42,4872.42,222.3,33.13,0.0,False,0.786,0.267,66.75,False,False,False
KL_0366,Pathanamthitta,Thiruvalla,Vadakkevayal,9.403858,76.834549,rural,73,12.95,False,2024,12,2024-12-01,7268.18,7268.18,234.4,46.78,0.0,False,0.832,0.3983,99.56,False,False,True
KL_0367,Thrissur,Chalakudy,Vattakunnu,10.591485,76.299574,rural,133,20.97,False,2023,1,2023-01-01,8796.84,8796.84,220.8,52.93,0.0,False,0.872,0.2646,66.14,False,False,True
KL_0367,Thrissur,Chalakudy,Vattakunnu,10.591485,76.299574,rural,133,20.97,False,2023,2,2023-02-01,8021.46,8021.46,251.5,40.54,0.0,False,0.824,0.2412,60.31,False,False,True
KL_0367,Thrissur,Chalakudy,Vattakunnu,10.591485,76.299574,rural,133,20.97,False,2023,3,2023-03-01,18230.57,18230.57,215.1,111.07,0.0,False,0.805,0.5483,137.07,True,False,False
KL_0367,Thrissur,Chalakudy,Vattakunnu,10.591485,76.299574,rural,133,20.97,False,2023,4,2023-04-01,11277.4,11277.4,231.5,68.52,0.0,False,0.848,0.3392,84.79,True,False,False
KL_0367,Thrissur,Chalakudy,Vattakunnu,10.591485,76.299574,rural,133,20.97,False,2023,5,2023-05-01,19654.86,19654.86,231.1,114.79,0.0,False,0.826,0.5911,147.78,True,False,False
KL_0367,Thrissur,Chalakudy,Vattakunnu,10.591485,76.299574,rural,133,20.97,False,2023,6,2023-06-01,9056.17,9056.17,216.5,53.47,0.0,False,0.784,0.2724,68.09,False,True,False
KL_0367,Thrissur,Chalakudy,Vattakunnu,10.591485,76.299574,rural,133,20.97,False,2023,7,2023-07-01,14185.77,14185.77,221.4,97.51,0.0,False,0.785,0.4266,106.66,False,True,False
KL_0367,Thrissur,Chalakudy,Vattakunnu,10.591485,76.299574,rural,133,20.97,False,2023,8,2023-08-01,17547.93,17547.93,226.8,103.62,0.0,False,0.87,0.5278,131.94,False,True,False
KL_0367,Thrissur,Chalakudy,Vattakunnu,10.591485,76.299574,rural,133,20.97,False,2023,9,2023-09-01,10100.33,10100.33,234.8,54.38,0.0,False,0.855,0.3038,75.94,False,True,False
KL_0367,Thrissur,Chalakudy,Vattakunnu,10.591485,76.299574,rural,133,20.97,False,2023,10,2023-10-01,14313.54,14313.54,222.9,88.95,0.0,False,0.866,0.4305,107.62,False,False,False
KL_0367,Thrissur,Chalakudy,Vattakunnu,10.591485,76.299574,rural,133,20.97,False,2023,11,2023-11-01,9099.18,9099.18,217.4,59.06,0.0,False,0.835,0.2737,68.41,False,False,False
KL_0367,Thrissur,Chalakudy,Vattakunnu,10.591485,76.299574,rural,133,20.97,False,2023,12,2023-12-01,14138.75,14138.75,227.5,85.81,0.0,False,0.774,0.4252,106.31,False,False,True
KL_0367,Thrissur,Chalakudy,Vattakunnu,10.591485,76.299574,rural,133,20.97,False,2024,1,2024-01-01,6407.13,6407.13,233.6,35.1,0.0,False,0.806,0.1927,48.17,False,False,True
KL_0367,Thrissur,Chalakudy,Vattakunnu,10.591485,76.299574,rural,133,20.97,False,2024,2,2024-02-01,8411.96,8411.96,240.0,45.89,0.0,False,0.834,0.253,63.25,False,False,True
KL_0367,Thrissur,Chalakudy,Vattakunnu,10.591485,76.299574,rural,133,20.97,False,2024,3,2024-03-01,13334.42,13334.42,224.9,75.4,0.0,False,0.872,0.401,100.26,True,False,False
KL_0367,Thrissur,Chalakudy,Vattakunnu,10.591485,76.299574,rural,133,20.97,False,2024,4,2024-04-01,14004.89,14004.89,245.5,77.43,0.0,False,0.763,0.4212,105.3,True,False,False
KL_0367,Thrissur,Chalakudy,Vattakunnu,10.591485,76.299574,rural,133,20.97,False,2024,5,2024-05-01,18311.97,18311.97,246.3,94.67,0.0,False,0.734,0.5507,137.68,True,False,False
KL_0367,Thrissur,Chalakudy,Vattakunnu,10.591485,76.299574,rural,133,20.97,False,2024,6,2024-06-01,15500.69,15500.69,226.3,100.69,0.0,False,0.922,0.4662,116.55,False,True,False
KL_0367,Thrissur,Chalakudy,Vattakunnu,10.591485,76.299574,rural,133,20.97,False,2024,7,2024-07-01,13873.91,13873.91,222.4,78.98,0.0,False,0.88,0.4173,104.32,False,True,False
KL_0367,Thrissur,Chalakudy,Vattakunnu,10.591485,76.299574,rural,133,20.97,False,2024,8,2024-08-01,7215.72,7215.72,212.3,49.79,0.0,False,0.806,0.217,54.25,False,True,False
KL_0367,Thrissur,Chalakudy,Vattakunnu,10.591485,76.299574,rural,133,20.97,False,2024,9,2024-09-01,16090.43,16090.43,228.6,104.5,0.0,False,0.838,0.4839,120.98,False,True,False
KL_0367,Thrissur,Chalakudy,Vattakunnu,10.591485,76.299574,rural,133,20.97,False,2024,10,2024-10-01,14108.4,14108.4,243.1,75.98,0.0,False,0.829,0.4243,106.08,False,False,False
KL_0367,Thrissur,Chalakudy,Vattakunnu,10.591485,76.299574,rural,133,20.97,False,2024,11,2024-11-01,12668.1,12668.1,225.5,78.46,0.0,False,0.864,0.381,95.25,False,False,False
KL_0367,Thrissur,Chalakudy,Vattakunnu,10.591485,76.299574,rural,133,20.97,False,2024,12,2024-12-01,8460.22,8460.22,224.4,52.28,0.0,False,0.825,0.2544,63.61,False,False,True
KL_0368,Thrissur,Irinjalakuda,Idavakunnu,10.47451,76.221825,semi-urban,116,11.54,False,2023,1,2023-01-01,9548.91,9548.91,229.5,52.84,0.0,False,0.793,0.3293,82.32,False,False,True
KL_0368,Thrissur,Irinjalakuda,Idavakunnu,10.47451,76.221825,semi-urban,116,11.54,False,2023,2,2023-02-01,16359.52,16359.52,226.3,94.0,0.0,False,0.874,0.5641,141.03,False,False,True
KL_0368,Thrissur,Irinjalakuda,Idavakunnu,10.47451,76.221825,semi-urban,116,11.54,False,2023,3,2023-03-01,16839.58,16839.58,226.9,99.29,0.0,False,0.941,0.5807,145.17,True,False,False
KL_0368,Thrissur,Irinjalakuda,Idavakunnu,10.47451,76.221825,semi-urban,116,11.54,False,2023,4,2023-04-01,14852.72,14852.72,228.0,87.21,0.0,False,0.876,0.5122,128.04,True,False,False
KL_0368,Thrissur,Irinjalakuda,Idavakunnu,10.47451,76.221825,semi-urban,116,11.54,False,2023,5,2023-05-01,30496.02,30496.02,231.1,201.19,0.0,False,0.854,1.0516,262.9,True,False,False
KL_0368,Thrissur,Irinjalakuda,Idavakunnu,10.47451,76.221825,semi-urban,116,11.54,False,2023,6,2023-06-01,8498.28,8498.28,231.6,48.06,0.0,False,0.839,0.293,73.26,False,True,False
KL_0368,Thrissur,Irinjalakuda,Idavakunnu,10.47451,76.221825,semi-urban,116,11.54,False,2023,7,2023-07-01,19530.87,19530.87,219.7,112.97,0.0,False,0.811,0.6735,168.37,False,True,False
KL_0368,Thrissur,Irinjalakuda,Idavakunnu,10.47451,76.221825,semi-urban,116,11.54,False,2023,8,2023-08-01,15589.65,15589.65,227.6,103.07,0.0,False,0.83,0.5376,134.39,False,True,False
KL_0368,Thrissur,Irinjalakuda,Idavakunnu,10.47451,76.221825,semi-urban,116,11.54,False,2023,9,2023-09-01,25626.76,25626.76,236.7,162.34,0.0,False,0.87,0.8837,220.92,False,True,False
KL_0368,Thrissur,Irinjalakuda,Idavakunnu,10.47451,76.221825,semi-urban,116,11.54,False,2023,10,2023-10-01,19287.86,19287.86,225.8,125.7,0.0,False,0.909,0.6651,166.27,False,False,False
KL_0368,Thrissur,Irinjalakuda,Idavakunnu,10.47451,76.221825,semi-urban,116,11.54,False,2023,11,2023-11-01,15465.79,15465.79,238.3,93.29,0.0,False,0.912,0.5333,133.33,False,False,False
KL_0368,Thrissur,Irinjalakuda,Idavakunnu,10.47451,76.221825,semi-urban,116,11.54,False,2023,12,2023-12-01,12359.3,12359.3,217.4,85.56,0.0,False,0.859,0.4262,106.55,False,False,True
KL_0368,Thrissur,Irinjalakuda,Idavakunnu,10.47451,76.221825,semi-urban,116,11.54,False,2024,1,2024-01-01,15739.97,15739.97,222.7,90.49,0.0,False,0.859,0.5428,135.69,False,False,True
KL_0368,Thrissur,Irinjalakuda,Idavakunnu,10.47451,76.221825,semi-urban,116,11.54,False,2024,2,2024-02-01,11747.18,11747.18,233.5,75.7,0.0,False,0.853,0.4051,101.27,False,False,True
KL_0368,Thrissur,Irinjalakuda,Idavakunnu,10.47451,76.221825,semi-urban,116,11.54,False,2024,3,2024-03-01,10247.51,10247.51,231.3,58.35,0.0,False,0.879,0.3534,88.34,True,False,False
KL_0368,Thrissur,Irinjalakuda,Idavakunnu,10.47451,76.221825,semi-urban,116,11.54,False,2024,4,2024-04-01,13986.07,13986.07,243.7,78.7,0.0,False,0.852,0.4823,120.57,True,False,False
KL_0368,Thrissur,Irinjalakuda,Idavakunnu,10.47451,76.221825,semi-urban,116,11.54,False,2024,5,2024-05-01,15418.39,15418.39,233.5,87.6,0.0,False,0.853,0.5317,132.92,True,False,False
KL_0368,Thrissur,Irinjalakuda,Idavakunnu,10.47451,76.221825,semi-urban,116,11.54,False,2024,6,2024-06-01,20782.52,20782.52,223.9,119.67,0.0,False,0.807,0.7166,179.16,False,True,False
KL_0368,Thrissur,Irinjalakuda,Idavakunnu,10.47451,76.221825,semi-urban,116,11.54,False,2024,7,2024-07-01,11899.82,11899.82,207.8,85.19,0.0,False,0.806,0.4103,102.58,False,True,False
KL_0368,Thrissur,Irinjalakuda,Idavakunnu,10.47451,76.221825,semi-urban,116,11.54,False,2024,8,2024-08-01,15975.36,15975.36,245.4,90.5,0.0,False,0.815,0.5509,137.72,False,True,False
KL_0368,Thrissur,Irinjalakuda,Idavakunnu,10.47451,76.221825,semi-urban,116,11.54,False,2024,9,2024-09-01,15589.28,15589.28,236.5,98.06,0.0,False,0.862,0.5376,134.39,False,True,False
KL_0368,Thrissur,Irinjalakuda,Idavakunnu,10.47451,76.221825,semi-urban,116,11.54,False,2024,10,2024-10-01,19486.64,19486.64,218.9,128.69,0.0,False,0.835,0.672,167.99,False,False,False
KL_0368,Thrissur,Irinjalakuda,Idavakunnu,10.47451,76.221825,semi-urban,116,11.54,False,2024,11,2024-11-01,14500.84,14500.84,226.8,89.25,0.0,False,0.979,0.5,125.01,False,False,False
KL_0368,Thrissur,Irinjalakuda,Idavakunnu,10.47451,76.221825,semi-urban,116,11.54,False,2024,12,2024-12-01,7097.59,7097.59,215.3,47.25,0.0,False,0.869,0.2447,61.19,False,False,True
KL_0369,Pathanamthitta,Pathanamthitta,Kodupuram,9.164758,76.818645,urban,154,2.77,False,2023,1,2023-01-01,15047.51,15047.51,217.9,101.24,0.0,False,0.929,0.3908,97.71,False,False,True
KL_0369,Pathanamthitta,Pathanamthitta,Kodupuram,9.164758,76.818645,urban,154,2.77,False,2023,2,2023-02-01,31048.1,31048.1,229.8,169.18,0.0,False,0.924,0.8064,201.61,False,False,True
KL_0369,Pathanamthitta,Pathanamthitta,Kodupuram,9.164758,76.818645,urban,154,2.77,False,2023,3,2023-03-01,18809.86,18809.86,224.4,112.39,0.0,False,0.871,0.4886,122.14,True,False,False
KL_0369,Pathanamthitta,Pathanamthitta,Kodupuram,9.164758,76.818645,urban,154,2.77,False,2023,4,2023-04-01,38345.51,38345.51,227.0,232.32,0.0,False,0.848,0.996,249.0,True,False,False
KL_0369,Pathanamthitta,Pathanamthitta,Kodupuram,9.164758,76.818645,urban,154,2.77,False,2023,5,2023-05-01,34712.27,34712.27,224.9,212.53,0.0,False,0.805,0.9016,225.4,True,False,False
KL_0369,Pathanamthitta,Pathanamthitta,Kodupuram,9.164758,76.818645,urban,154,2.77,False,2023,6,2023-06-01,52345.81,52345.81,212.1,325.22,0.0,False,0.82,1.3596,339.91,False,True,False
KL_0369,Pathanamthitta,Pathanamthitta,Kodupuram,9.164758,76.818645,urban,154,2.77,False,2023,7,2023-07-01,26688.36,26688.36,228.0,171.13,0.0,False,0.892,0.6932,173.3,False,True,False
KL_0369,Pathanamthitta,Pathanamthitta,Kodupuram,9.164758,76.818645,urban,154,2.77,False,2023,8,2023-08-01,20542.38,20542.38,237.2,123.2,0.0,False,0.863,0.5336,133.39,False,True,False
KL_0369,Pathanamthitta,Pathanamthitta,Kodupuram,9.164758,76.818645,urban,154,2.77,False,2023,9,2023-09-01,22590.93,22590.93,236.7,134.03,0.0,False,0.818,0.5868,146.69,False,True,False
KL_0369,Pathanamthitta,Pathanamthitta,Kodupuram,9.164758,76.818645,urban,154,2.77,False,2023,10,2023-10-01,15530.05,15530.05,236.1,88.68,0.0,False,0.84,0.4034,100.84,False,False,False
KL_0369,Pathanamthitta,Pathanamthitta,Kodupuram,9.164758,76.818645,urban,154,2.77,False,2023,11,2023-11-01,30458.5,30458.5,223.5,178.71,0.0,False,0.866,0.7911,197.78,False,False,False
KL_0369,Pathanamthitta,Pathanamthitta,Kodupuram,9.164758,76.818645,urban,154,2.77,False,2023,12,2023-12-01,30884.18,30884.18,234.0,182.63,0.0,False,0.851,0.8022,200.55,False,False,True
KL_0369,Pathanamthitta,Pathanamthitta,Kodupuram,9.164758,76.818645,urban,154,2.77,False,2024,1,2024-01-01,37485.59,37485.59,204.2,277.69,0.0,False,0.838,0.9737,243.41,False,False,True
KL_0369,Pathanamthitta,Pathanamthitta,Kodupuram,9.164758,76.818645,urban,154,2.77,False,2024,2,2024-02-01,25419.88,25419.88,244.2,144.38,0.0,False,0.847,0.6603,165.06,False,False,True
KL_0369,Pathanamthitta,Pathanamthitta,Kodupuram,9.164758,76.818645,urban,154,2.77,False,2024,3,2024-03-01,30486.24,30486.24,235.4,172.62,0.0,False,0.729,0.7919,197.96,True,False,False
KL_0369,Pathanamthitta,Pathanamthitta,Kodupuram,9.164758,76.818645,urban,154,2.77,False,2024,4,2024-04-01,38041.12,38041.12,218.7,251.46,0.0,False,0.851,0.9881,247.02,True,False,False
KL_0369,Pathanamthitta,Pathanamthitta,Kodupuram,9.164758,76.818645,urban,154,2.77,False,2024,5,2024-05-01,40710.01,40710.01,239.0,232.81,0.0,False,0.797,1.0574,264.35,True,False,False
KL_0369,Pathanamthitta,Pathanamthitta,Kodupuram,9.164758,76.818645,urban,154,2.77,False,2024,6,2024-06-01,41020.97,41020.97,220.4,250.75,0.0,False,0.868,1.0655,266.37,False,True,False
KL_0369,Pathanamthitta,Pathanamthitta,Kodupuram,9.164758,76.818645,urban,154,2.77,False,2024,7,2024-07-01,31533.26,31533.26,239.9,178.04,0.0,False,0.857,0.819,204.76,False,True,False
KL_0369,Pathanamthitta,Pathanamthitta,Kodupuram,9.164758,76.818645,urban,154,2.77,False,2024,8,2024-08-01,32196.1,32196.1,231.8,177.18,0.0,False,0.887,0.8363,209.07,False,True,False
KL_0369,Pathanamthitta,Pathanamthitta,Kodupuram,9.164758,76.818645,urban,154,2.77,False,2024,9,2024-09-01,29976.87,29976.87,228.3,179.66,0.0,False,0.888,0.7786,194.66,False,True,False
KL_0369,Pathanamthitta,Pathanamthitta,Kodupuram,9.164758,76.818645,urban,154,2.77,False,2024,10,2024-10-01,30945.17,30945.17,219.1,200.54,0.0,False,0.936,0.8038,200.94,False,False,False
KL_0369,Pathanamthitta,Pathanamthitta,Kodupuram,9.164758,76.818645,urban,154,2.77,False,2024,11,2024-11-01,23344.79,23344.79,231.6,147.79,0.0,False,0.751,0.6064,151.59,False,False,False
KL_0369,Pathanamthitta,Pathanamthitta,Kodupuram,9.164758,76.818645,urban,154,2.77,False,2024,12,2024-12-01,26850.2,26850.2,220.8,167.63,0.0,False,0.844,0.6974,174.35,False,False,True
KL_0370,Thiruvananthapuram,Attingal,Kottamoodu,8.345003,77.04069,rural,67,14.65,False,2023,1,2023-01-01,3841.49,3841.49,232.7,23.2,0.0,False,0.748,0.2293,57.34,False,False,True
KL_0370,Thiruvananthapuram,Attingal,Kottamoodu,8.345003,77.04069,rural,67,14.65,False,2023,2,2023-02-01,4269.23,4269.23,235.1,27.05,0.0,False,0.875,0.2549,63.72,False,False,True
KL_0370,Thiruvananthapuram,Attingal,Kottamoodu,8.345003,77.04069,rural,67,14.65,False,2023,3,2023-03-01,4697.66,4697.66,236.1,29.59,0.0,False,0.842,0.2805,70.11,True,False,False
KL_0370,Thiruvananthapuram,Attingal,Kottamoodu,8.345003,77.04069,rural,67,14.65,False,2023,4,2023-04-01,6535.84,6535.84,212.8,44.97,0.0,False,0.826,0.3902,97.55,True,False,False
KL_0370,Thiruvananthapuram,Attingal,Kottamoodu,8.345003,77.04069,rural,67,14.65,False,2023,5,2023-05-01,9189.25,9189.25,227.0,51.25,0.0,False,0.863,0.5486,137.15,True,False,False
KL_0370,Thiruvananthapuram,Attingal,Kottamoodu,8.345003,77.04069,rural,67,14.65,False,2023,6,2023-06-01,4924.9,4924.9,228.1,29.19,0.0,False,0.797,0.294,73.51,False,True,False
KL_0370,Thiruvananthapuram,Attingal,Kottamoodu,8.345003,77.04069,rural,67,14.65,False,2023,7,2023-07-01,2955.53,2955.53,239.4,15.82,0.0,False,0.942,0.1764,44.11,False,True,False
KL_0370,Thiruvananthapuram,Attingal,Kottamoodu,8.345003,77.04069,rural,67,14.65,False,2023,8,2023-08-01,3718.03,3718.03,232.5,21.37,0.0,False,0.838,0.222,55.49,False,True,False
KL_0370,Thiruvananthapuram,Attingal,Kottamoodu,8.345003,77.04069,rural,67,14.65,False,2023,9,2023-09-01,5952.51,5952.51,218.5,36.96,0.0,False,0.854,0.3554,88.84,False,True,False
KL_0370,Thiruvananthapuram,Attingal,Kottamoodu,8.345003,77.04069,rural,67,14.65,False,2023,10,2023-10-01,3262.1,3262.1,230.1,20.19,0.0,False,0.844,0.1948,48.69,False,False,False
KL_0370,Thiruvananthapuram,Attingal,Kottamoodu,8.345003,77.04069,rural,67,14.65,False,2023,11,2023-11-01,6938.21,6938.21,215.2,46.9,0.0,False,0.896,0.4142,103.56,False,False,False
KL_0370,Thiruvananthapuram,Attingal,Kottamoodu,8.345003,77.04069,rural,67,14.65,False,2023,12,2023-12-01,3659.41,3659.41,231.6,21.57,0.0,False,0.79,0.2185,54.62,False,False,True
KL_0370,Thiruvananthapuram,Attingal,Kottamoodu,8.345003,77.04069,rural,67,14.65,False,2024,1,2024-01-01,6938.84,6938.84,232.7,44.62,0.0,False,0.891,0.4143,103.56,False,False,True
KL_0370,Thiruvananthapuram,Attingal,Kottamoodu,8.345003,77.04069,rural,67,14.65,False,2024,2,2024-02-01,5036.89,5036.89,231.8,28.61,0.0,False,0.824,0.3007,75.18,False,False,True
KL_0370,Thiruvananthapuram,Attingal,Kottamoodu,8.345003,77.04069,rural,67,14.65,False,2024,3,2024-03-01,7982.77,7982.77,243.8,45.33,0.0,False,0.825,0.4766,119.15,True,False,False
KL_0370,Thiruvananthapuram,Attingal,Kottamoodu,8.345003,77.04069,rural,67,14.65,False,2024,4,2024-04-01,5844.68,5844.68,216.9,39.91,0.0,False,0.894,0.3489,87.23,True,False,False
KL_0370,Thiruvananthapuram,Attingal,Kottamoodu,8.345003,77.04069,rural,67,14.65,False,2024,5,2024-05-01,4964.43,4964.43,219.6,32.25,0.0,False,0.837,0.2964,74.1,True,False,False
KL_0370,Thiruvananthapuram,Attingal,Kottamoodu,8.345003,77.04069,rural,67,14.65,False,2024,6,2024-06-01,3921.27,3921.27,211.2,25.72,0.0,False,0.881,0.2341,58.53,False,True,False
KL_0370,Thiruvananthapuram,Attingal,Kottamoodu,8.345003,77.04069,rural,67,14.65,False,2024,7,2024-07-01,6084.99,6084.99,225.1,36.43,0.0,False,0.882,0.3633,90.82,False,True,False
KL_0370,Thiruvananthapuram,Attingal,Kottamoodu,8.345003,77.04069,rural,67,14.65,False,2024,8,2024-08-01,3403.72,3403.72,213.1,20.93,0.0,False,0.833,0.2032,50.8,False,True,False
KL_0370,Thiruvananthapuram,Attingal,Kottamoodu,8.345003,77.04069,rural,67,14.65,False,2024,9,2024-09-01,2827.48,2827.48,213.6,18.28,0.0,False,0.862,0.1688,42.2,False,True,False
KL_0370,Thiruvananthapuram,Attingal,Kottamoodu,8.345003,77.04069,rural,67,14.65,False,2024,10,2024-10-01,7649.79,7649.79,218.6,45.64,0.0,False,0.826,0.4567,114.18,False,False,False
KL_0370,Thiruvananthapuram,Attingal,Kottamoodu,8.345003,77.04069,rural,67,14.65,False,2024,11,2024-11-01,3488.51,3488.51,211.7,24.69,0.0,False,0.849,0.2083,52.07,False,False,False
KL_0370,Thiruvananthapuram,Attingal,Kottamoodu,8.345003,77.04069,rural,67,14.65,False,2024,12,2024-12-01,5459.21,5459.21,228.9,35.27,0.0,False,0.874,0.3259,81.48,False,False,True
KL_0371,Malappuram,Ponnani,Pettamoodu,11.323836,76.051834,semi-urban,57,6.09,True,2023,1,2023-01-01,4883.61,4883.61,229.4,26.89,0.0,False,0.802,0.3427,85.68,False,False,True
KL_0371,Malappuram,Ponnani,Pettamoodu,11.323836,76.051834,semi-urban,57,6.09,True,2023,2,2023-02-01,6677.53,6677.53,225.4,37.55,0.0,False,0.872,0.4686,117.15,False,False,True
KL_0371,Malappuram,Ponnani,Pettamoodu,11.323836,76.051834,semi-urban,57,6.09,True,2023,3,2023-03-01,8814.99,8814.99,229.9,51.91,0.0,False,0.866,0.6186,154.65,True,False,False
KL_0371,Malappuram,Ponnani,Pettamoodu,11.323836,76.051834,semi-urban,57,6.09,True,2023,4,2023-04-01,8322.58,8322.58,243.3,51.46,0.0,False,0.776,0.584,146.01,True,False,False
KL_0371,Malappuram,Ponnani,Pettamoodu,11.323836,76.051834,semi-urban,57,6.09,True,2023,5,2023-05-01,10594.51,10594.51,220.1,71.4,0.0,False,0.813,0.7435,185.87,True,False,False
KL_0371,Malappuram,Ponnani,Pettamoodu,11.323836,76.051834,semi-urban,57,6.09,True,2023,6,2023-06-01,5424.75,5424.75,236.0,30.85,0.0,False,0.815,0.3807,95.17,False,True,False
KL_0371,Malappuram,Ponnani,Pettamoodu,11.323836,76.051834,semi-urban,57,6.09,True,2023,7,2023-07-01,8673.33,8673.33,222.5,54.9,0.0,False,0.828,0.6087,152.16,False,True,False
KL_0371,Malappuram,Ponnani,Pettamoodu,11.323836,76.051834,semi-urban,57,6.09,True,2023,8,2023-08-01,5150.95,5150.95,247.3,31.47,0.0,False,0.802,0.3615,90.37,False,True,False
KL_0371,Malappuram,Ponnani,Pettamoodu,11.323836,76.051834,semi-urban,57,6.09,True,2023,9,2023-09-01,7375.68,7375.68,212.6,48.71,0.0,False,0.897,0.5176,129.4,False,True,False
KL_0371,Malappuram,Ponnani,Pettamoodu,11.323836,76.051834,semi-urban,57,6.09,True,2023,10,2023-10-01,8288.99,8288.99,223.6,51.77,0.0,False,0.903,0.5817,145.42,False,False,False
KL_0371,Malappuram,Ponnani,Pettamoodu,11.323836,76.051834,semi-urban,57,6.09,True,2023,11,2023-11-01,7931.66,7931.66,225.5,52.11,0.0,False,0.811,0.5566,139.15,False,False,False
KL_0371,Malappuram,Ponnani,Pettamoodu,11.323836,76.051834,semi-urban,57,6.09,True,2023,12,2023-12-01,6711.55,6711.55,227.7,40.98,0.0,False,0.792,0.471,117.75,False,False,True
KL_0371,Malappuram,Ponnani,Pettamoodu,11.323836,76.051834,semi-urban,57,6.09,True,2024,1,2024-01-01,6720.0,6720.0,217.5,41.18,0.0,False,0.849,0.4716,117.89,False,False,True
KL_0371,Malappuram,Ponnani,Pettamoodu,11.323836,76.051834,semi-urban,57,6.09,True,2024,2,2024-02-01,5931.84,5931.84,238.9,32.06,0.0,False,0.917,0.4163,104.07,False,False,True
KL_0371,Malappuram,Ponnani,Pettamoodu,11.323836,76.051834,semi-urban,57,6.09,True,2024,3,2024-03-01,3196.99,3196.99,225.2,17.93,0.0,False,0.958,0.2244,56.09,True,False,False
KL_0371,Malappuram,Ponnani,Pettamoodu,11.323836,76.051834,semi-urban,57,6.09,True,2024,4,2024-04-01,11442.53,11442.53,228.6,65.75,0.0,False,0.816,0.803,200.75,True,False,False
KL_0371,Malappuram,Ponnani,Pettamoodu,11.323836,76.051834,semi-urban,57,6.09,True,2024,5,2024-05-01,11039.94,11039.94,235.3,61.46,0.0,False,0.736,0.7747,193.68,True,False,False
KL_0371,Malappuram,Ponnani,Pettamoodu,11.323836,76.051834,semi-urban,57,6.09,True,2024,6,2024-06-01,6926.24,6926.24,221.8,43.43,0.0,False,0.776,0.4861,121.51,False,True,False
KL_0371,Malappuram,Ponnani,Pettamoodu,11.323836,76.051834,semi-urban,57,6.09,True,2024,7,2024-07-01,7008.74,7008.74,227.4,45.86,0.0,False,0.761,0.4918,122.96,False,True,False
KL_0371,Malappuram,Ponnani,Pettamoodu,11.323836,76.051834,semi-urban,57,6.09,True,2024,8,2024-08-01,6704.85,6704.85,224.2,42.52,0.0,False,0.871,0.4705,117.63,False,True,False
KL_0371,Malappuram,Ponnani,Pettamoodu,11.323836,76.051834,semi-urban,57,6.09,True,2024,9,2024-09-01,5035.63,5035.63,236.3,31.16,0.0,False,0.855,0.3534,88.34,False,True,False
KL_0371,Malappuram,Ponnani,Pettamoodu,11.323836,76.051834,semi-urban,57,6.09,True,2024,10,2024-10-01,7560.11,7560.11,235.4,42.49,0.0,False,0.861,0.5305,132.63,False,False,False
KL_0371,Malappuram,Ponnani,Pettamoodu,11.323836,76.051834,semi-urban,57,6.09,True,2024,11,2024-11-01,11751.51,11751.51,227.0,66.97,0.0,False,0.906,0.8247,206.17,False,False,False
KL_0371,Malappuram,Ponnani,Pettamoodu,11.323836,76.051834,semi-urban,57,6.09,True,2024,12,2024-12-01,5545.01,5545.01,224.9,31.52,0.0,False,0.931,0.3891,97.28,False,False,True
KL_0372,Palakkad,Shoranur,Pettapuram,10.5266,76.460214,rural,117,20.71,False,2023,1,2023-01-01,5370.17,5370.17,232.9,34.95,0.0,False,0.892,0.1836,45.9,False,False,True
KL_0372,Palakkad,Shoranur,Pettapuram,10.5266,76.460214,rural,117,20.71,False,2023,2,2023-02-01,10277.91,10277.91,220.6,62.91,0.0,False,0.887,0.3514,87.85,False,False,True
KL_0372,Palakkad,Shoranur,Pettapuram,10.5266,76.460214,rural,117,20.71,False,2023,3,2023-03-01,8347.64,8347.64,223.0,49.3,0.0,False,0.776,0.2854,71.35,True,False,False
KL_0372,Palakkad,Shoranur,Pettapuram,10.5266,76.460214,rural,117,20.71,False,2023,4,2023-04-01,6177.52,6177.52,212.2,40.3,0.0,False,0.825,0.2112,52.8,True,False,False
KL_0372,Palakkad,Shoranur,Pettapuram,10.5266,76.460214,rural,117,20.71,False,2023,5,2023-05-01,18161.9,18161.9,219.3,112.4,0.0,False,0.919,0.6209,155.23,True,False,False
KL_0372,Palakkad,Shoranur,Pettapuram,10.5266,76.460214,rural,117,20.71,False,2023,6,2023-06-01,8301.37,8301.37,214.8,57.06,0.0,False,0.823,0.2838,70.95,False,True,False
KL_0372,Palakkad,Shoranur,Pettapuram,10.5266,76.460214,rural,117,20.71,False,2023,7,2023-07-01,11221.25,11221.25,252.8,62.36,0.0,False,0.905,0.3836,95.91,False,True,False
KL_0372,Palakkad,Shoranur,Pettapuram,10.5266,76.460214,rural,117,20.71,False,2023,8,2023-08-01,6673.39,6673.39,231.1,41.67,0.0,False,0.856,0.2282,57.04,False,True,False
KL_0372,Palakkad,Shoranur,Pettapuram,10.5266,76.460214,rural,117,20.71,False,2023,9,2023-09-01,9191.8,9191.8,228.1,55.87,0.0,False,0.889,0.3142,78.56,False,True,False
KL_0372,Palakkad,Shoranur,Pettapuram,10.5266,76.460214,rural,117,20.71,False,2023,10,2023-10-01,8702.97,8702.97,230.2,48.9,0.0,False,0.806,0.2975,74.38,False,False,False
KL_0372,Palakkad,Shoranur,Pettapuram,10.5266,76.460214,rural,117,20.71,False,2023,11,2023-11-01,8427.19,8427.19,228.5,54.89,0.0,False,0.888,0.2881,72.03,False,False,False
KL_0372,Palakkad,Shoranur,Pettapuram,10.5266,76.460214,rural,117,20.71,False,2023,12,2023-12-01,7734.62,7734.62,237.0,47.67,0.0,False,0.818,0.2644,66.11,False,False,True
KL_0372,Palakkad,Shoranur,Pettapuram,10.5266,76.460214,rural,117,20.71,False,2024,1,2024-01-01,9646.73,9646.73,221.5,55.11,0.0,False,0.862,0.3298,82.45,False,False,True
KL_0372,Palakkad,Shoranur,Pettapuram,10.5266,76.460214,rural,117,20.71,False,2024,2,2024-02-01,14091.27,14091.27,237.8,80.36,0.0,False,0.849,0.4818,120.44,False,False,True
KL_0372,Palakkad,Shoranur,Pettapuram,10.5266,76.460214,rural,117,20.71,False,2024,3,2024-03-01,12225.81,12225.81,236.5,75.52,0.0,False,0.91,0.418,104.49,True,False,False
KL_0372,Palakkad,Shoranur,Pettapuram,10.5266,76.460214,rural,117,20.71,False,2024,4,2024-04-01,13680.95,13680.95,229.9,78.59,0.0,False,0.892,0.4677,116.93,True,False,False
KL_0372,Palakkad,Shoranur,Pettapuram,10.5266,76.460214,rural,117,20.71,False,2024,5,2024-05-01,13880.6,13880.6,205.2,101.14,0.0,False,0.762,0.4746,118.64,True,False,False
KL_0372,Palakkad,Shoranur,Pettapuram,10.5266,76.460214,rural,117,20.71,False,2024,6,2024-06-01,2709.25,2709.25,219.8,16.57,0.0,False,0.809,0.0926,23.16,False,True,False
KL_0372,Palakkad,Shoranur,Pettapuram,10.5266,76.460214,rural,117,20.71,False,2024,7,2024-07-01,13075.28,13075.28,216.1,77.12,0.0,False,0.818,0.447,111.75,False,True,False
KL_0372,Palakkad,Shoranur,Pettapuram,10.5266,76.460214,rural,117,20.71,False,2024,8,2024-08-01,10059.2,10059.2,221.7,67.87,0.0,False,0.885,0.3439,85.98,False,True,False
KL_0372,Palakkad,Shoranur,Pettapuram,10.5266,76.460214,rural,117,20.71,False,2024,9,2024-09-01,13362.69,13362.69,242.2,76.34,0.0,False,0.825,0.4568,114.21,False,True,False
KL_0372,Palakkad,Shoranur,Pettapuram,10.5266,76.460214,rural,117,20.71,False,2024,10,2024-10-01,8641.87,8641.87,209.7,51.92,0.0,False,0.796,0.2954,73.86,False,False,False
KL_0372,Palakkad,Shoranur,Pettapuram,10.5266,76.460214,rural,117,20.71,False,2024,11,2024-11-01,10922.73,10922.73,219.7,75.46,0.0,False,0.782,0.3734,93.36,False,False,False
KL_0372,Palakkad,Shoranur,Pettapuram,10.5266,76.460214,rural,117,20.71,False,2024,12,2024-12-01,5065.44,5065.44,232.7,27.38,0.0,False,0.886,0.1732,43.29,False,False,True
KL_0373,Alappuzha,Mavelikkara,Pallimukku,9.571562,76.300211,rural,93,24.96,False,2023,1,2023-01-01,4180.34,4180.34,215.7,26.83,0.0,False,0.746,0.1798,44.95,False,False,True
KL_0373,Alappuzha,Mavelikkara,Pallimukku,9.571562,76.300211,rural,93,24.96,False,2023,2,2023-02-01,5811.47,5811.47,224.3,39.46,0.0,False,0.903,0.25,62.49,False,False,True
KL_0373,Alappuzha,Mavelikkara,Pallimukku,9.571562,76.300211,rural,93,24.96,False,2023,3,2023-03-01,6773.05,6773.05,215.5,40.52,0.0,False,0.786,0.2913,72.83,True,False,False
KL_0373,Alappuzha,Mavelikkara,Pallimukku,9.571562,76.300211,rural,93,24.96,False,2023,4,2023-04-01,10740.89,10740.89,220.9,69.48,0.0,False,0.828,0.462,115.49,True,False,False
KL_0373,Alappuzha,Mavelikkara,Pallimukku,9.571562,76.300211,rural,93,24.96,False,2023,5,2023-05-01,8519.88,8519.88,231.2,51.75,0.0,False,0.792,0.3664,91.61,True,False,False
KL_0373,Alappuzha,Mavelikkara,Pallimukku,9.571562,76.300211,rural,93,24.96,False,2023,6,2023-06-01,9928.75,9928.75,215.5,57.78,0.0,False,0.804,0.427,106.76,False,True,False
KL_0373,Alappuzha,Mavelikkara,Pallimukku,9.571562,76.300211,rural,93,24.96,False,2023,7,2023-07-01,6856.01,6856.01,227.5,40.77,0.0,False,0.839,0.2949,73.72,False,True,False
KL_0373,Alappuzha,Mavelikkara,Pallimukku,9.571562,76.300211,rural,93,24.96,False,2023,8,2023-08-01,9315.45,9315.45,234.6,57.65,0.0,False,0.843,0.4007,100.17,False,True,False
KL_0373,Alappuzha,Mavelikkara,Pallimukku,9.571562,76.300211,rural,93,24.96,False,2023,9,2023-09-01,7190.82,7190.82,211.3,46.52,0.0,False,0.773,0.3093,77.32,False,True,False
KL_0373,Alappuzha,Mavelikkara,Pallimukku,9.571562,76.300211,rural,93,24.96,False,2023,10,2023-10-01,6036.16,6036.16,213.5,35.61,0.0,False,0.83,0.2596,64.9,False,False,False
KL_0373,Alappuzha,Mavelikkara,Pallimukku,9.571562,76.300211,rural,93,24.96,False,2023,11,2023-11-01,9112.82,9112.82,229.7,56.22,0.0,False,0.855,0.3919,97.99,False,False,False
KL_0373,Alappuzha,Mavelikkara,Pallimukku,9.571562,76.300211,rural,93,24.96,False,2023,12,2023-12-01,7792.93,7792.93,213.2,55.62,0.0,False,0.873,0.3352,83.79,False,False,True
KL_0373,Alappuzha,Mavelikkara,Pallimukku,9.571562,76.300211,rural,93,24.96,False,2024,1,2024-01-01,2707.24,2707.24,216.1,15.92,0.0,False,0.748,0.1164,29.11,False,False,True
KL_0373,Alappuzha,Mavelikkara,Pallimukku,9.571562,76.300211,rural,93,24.96,False,2024,2,2024-02-01,8265.33,8265.33,227.7,45.74,0.0,False,0.826,0.3555,88.87,False,False,True
KL_0373,Alappuzha,Mavelikkara,Pallimukku,9.571562,76.300211,rural,93,24.96,False,2024,3,2024-03-01,11274.38,11274.38,226.6,72.04,0.0,False,0.747,0.4849,121.23,True,False,False
KL_0373,Alappuzha,Mavelikkara,Pallimukku,9.571562,76.300211,rural,93,24.96,False,2024,4,2024-04-01,9845.3,9845.3,215.9,57.42,0.0,False,0.825,0.4235,105.86,True,False,False
KL_0373,Alappuzha,Mavelikkara,Pallimukku,9.571562,76.300211,rural,93,24.96,False,2024,5,2024-05-01,10898.01,10898.01,238.7,66.55,0.0,False,0.828,0.4687,117.18,True,False,False
KL_0373,Alappuzha,Mavelikkara,Pallimukku,9.571562,76.300211,rural,93,24.96,False,2024,6,2024-06-01,10106.8,10106.8,231.3,63.27,0.0,False,0.881,0.4347,108.68,False,True,False
KL_0373,Alappuzha,Mavelikkara,Pallimukku,9.571562,76.300211,rural,93,24.96,False,2024,7,2024-07-01,7640.73,7640.73,228.8,48.2,0.0,False,0.899,0.3286,82.16,False,True,False
KL_0373,Alappuzha,Mavelikkara,Pallimukku,9.571562,76.300211,rural,93,24.96,False,2024,8,2024-08-01,11750.89,11750.89,232.0,74.7,0.0,False,0.799,0.5054,126.35,False,True,False
KL_0373,Alappuzha,Mavelikkara,Pallimukku,9.571562,76.300211,rural,93,24.96,False,2024,9,2024-09-01,7862.59,7862.59,219.3,53.16,0.0,False,0.865,0.3382,84.54,False,True,False
KL_0373,Alappuzha,Mavelikkara,Pallimukku,9.571562,76.300211,rural,93,24.96,False,2024,10,2024-10-01,10617.15,10617.15,235.4,57.73,0.0,False,0.883,0.4567,114.16,False,False,False
KL_0373,Alappuzha,Mavelikkara,Pallimukku,9.571562,76.300211,rural,93,24.96,False,2024,11,2024-11-01,13764.99,13764.99,232.8,83.1,0.0,False,0.813,0.592,148.01,False,False,False
KL_0373,Alappuzha,Mavelikkara,Pallimukku,9.571562,76.300211,rural,93,24.96,False,2024,12,2024-12-01,7481.7,7481.7,216.9,48.92,0.0,False,0.889,0.3218,80.45,False,False,True
KL_0374,Thrissur,Kodungallur,Nallanagar,10.651506,76.369814,urban,32,1.37,False,2023,1,2023-01-01,5131.26,5131.26,238.9,29.59,0.0,False,0.857,0.6414,160.35,False,False,True
KL_0374,Thrissur,Kodungallur,Nallanagar,10.651506,76.369814,urban,32,1.37,False,2023,2,2023-02-01,5743.15,5743.15,228.3,31.44,0.0,False,0.836,0.7179,179.47,False,False,True
KL_0374,Thrissur,Kodungallur,Nallanagar,10.651506,76.369814,urban,32,1.37,False,2023,3,2023-03-01,6772.58,6772.58,222.1,40.77,0.0,False,0.857,0.8466,211.64,True,False,False
KL_0374,Thrissur,Kodungallur,Nallanagar,10.651506,76.369814,urban,32,1.37,False,2023,4,2023-04-01,6843.2,6843.2,247.8,40.79,0.0,False,0.771,0.8554,213.85,True,False,False
KL_0374,Thrissur,Kodungallur,Nallanagar,10.651506,76.369814,urban,32,1.37,False,2023,5,2023-05-01,10876.31,10876.31,207.4,78.59,0.0,False,0.857,1.3595,339.88,True,False,False
KL_0374,Thrissur,Kodungallur,Nallanagar,10.651506,76.369814,urban,32,1.37,False,2023,6,2023-06-01,4036.87,4036.87,229.6,24.44,0.0,False,0.808,0.5046,126.15,False,True,False
KL_0374,Thrissur,Kodungallur,Nallanagar,10.651506,76.369814,urban,32,1.37,False,2023,7,2023-07-01,4904.38,4904.38,242.1,27.27,0.0,False,0.851,0.613,153.26,False,True,False
KL_0374,Thrissur,Kodungallur,Nallanagar,10.651506,76.369814,urban,32,1.37,False,2023,8,2023-08-01,6571.86,6571.86,234.5,36.93,0.0,False,0.83,0.8215,205.37,False,True,False
KL_0374,Thrissur,Kodungallur,Nallanagar,10.651506,76.369814,urban,32,1.37,False,2023,9,2023-09-01,5965.07,5965.07,223.2,33.5,0.0,False,0.864,0.7456,186.41,False,True,False
KL_0374,Thrissur,Kodungallur,Nallanagar,10.651506,76.369814,urban,32,1.37,False,2023,10,2023-10-01,6873.27,6873.27,232.1,39.05,0.0,False,0.91,0.8592,214.79,False,False,False
KL_0374,Thrissur,Kodungallur,Nallanagar,10.651506,76.369814,urban,32,1.37,False,2023,11,2023-11-01,6878.74,6878.74,230.1,44.42,0.0,False,0.856,0.8598,214.96,False,False,False
KL_0374,Thrissur,Kodungallur,Nallanagar,10.651506,76.369814,urban,32,1.37,False,2023,12,2023-12-01,3542.83,3542.83,226.8,20.36,0.0,False,0.9,0.4429,110.71,False,False,True
KL_0374,Thrissur,Kodungallur,Nallanagar,10.651506,76.369814,urban,32,1.37,False,2024,1,2024-01-01,5299.4,5299.4,232.1,30.36,0.0,False,0.799,0.6624,165.61,False,False,True
KL_0374,Thrissur,Kodungallur,Nallanagar,10.651506,76.369814,urban,32,1.37,False,2024,2,2024-02-01,5222.65,5222.65,210.7,31.54,0.0,False,0.922,0.6528,163.21,False,False,True
KL_0374,Thrissur,Kodungallur,Nallanagar,10.651506,76.369814,urban,32,1.37,False,2024,3,2024-03-01,6092.66,6092.66,231.6,35.32,0.0,False,0.799,0.7616,190.4,True,False,False
KL_0374,Thrissur,Kodungallur,Nallanagar,10.651506,76.369814,urban,32,1.37,False,2024,4,2024-04-01,8548.67,8548.67,231.4,49.95,0.0,False,0.787,1.0686,267.15,True,False,False
KL_0374,Thrissur,Kodungallur,Nallanagar,10.651506,76.369814,urban,32,1.37,False,2024,5,2024-05-01,9569.09,9569.09,252.4,48.34,0.0,False,0.836,1.1961,299.03,True,False,False
KL_0374,Thrissur,Kodungallur,Nallanagar,10.651506,76.369814,urban,32,1.37,False,2024,6,2024-06-01,6015.4,6015.4,220.9,35.87,0.0,False,0.828,0.7519,187.98,False,True,False
KL_0374,Thrissur,Kodungallur,Nallanagar,10.651506,76.369814,urban,32,1.37,False,2024,7,2024-07-01,8037.83,8037.83,227.6,44.87,0.0,False,0.771,1.0047,251.18,False,True,False
KL_0374,Thrissur,Kodungallur,Nallanagar,10.651506,76.369814,urban,32,1.37,False,2024,8,2024-08-01,5155.04,5155.04,220.4,35.22,0.0,False,0.794,0.6444,161.1,False,True,False
KL_0374,Thrissur,Kodungallur,Nallanagar,10.651506,76.369814,urban,32,1.37,False,2024,9,2024-09-01,5701.76,5701.76,236.2,36.23,0.0,False,0.67,0.7127,178.18,False,True,False
KL_0374,Thrissur,Kodungallur,Nallanagar,10.651506,76.369814,urban,32,1.37,False,2024,10,2024-10-01,5352.99,5352.99,234.3,28.8,0.0,False,0.782,0.6691,167.28,False,False,False
KL_0374,Thrissur,Kodungallur,Nallanagar,10.651506,76.369814,urban,32,1.37,False,2024,11,2024-11-01,6755.16,6755.16,232.7,44.16,0.0,False,0.817,0.8444,211.1,False,False,False
KL_0374,Thrissur,Kodungallur,Nallanagar,10.651506,76.369814,urban,32,1.37,False,2024,12,2024-12-01,4307.08,4307.08,221.5,28.22,0.0,False,0.924,0.5384,134.6,False,False,True
KL_0375,Kannur,Thalassery,Vattavayal,12.213,75.49928,rural,192,17.7,False,2023,1,2023-01-01,18226.83,18226.83,240.4,112.03,0.0,False,0.886,0.3797,94.93,False,False,True
KL_0375,Kannur,Thalassery,Vattavayal,12.213,75.49928,rural,192,17.7,False,2023,2,2023-02-01,17973.47,17973.47,208.6,127.5,0.0,False,0.866,0.3744,93.61,False,False,True
KL_0375,Kannur,Thalassery,Vattavayal,12.213,75.49928,rural,192,17.7,False,2023,3,2023-03-01,13444.76,13444.76,227.8,84.09,0.0,False,0.958,0.2801,70.02,True,False,False
KL_0375,Kannur,Thalassery,Vattavayal,12.213,75.49928,rural,192,17.7,False,2023,4,2023-04-01,25007.89,25007.89,224.7,147.3,0.0,False,0.76,0.521,130.25,True,False,False
KL_0375,Kannur,Thalassery,Vattavayal,12.213,75.49928,rural,192,17.7,False,2023,5,2023-05-01,11270.42,11270.42,235.3,61.99,0.0,False,0.847,0.2348,58.7,True,False,False
KL_0375,Kannur,Thalassery,Vattavayal,12.213,75.49928,rural,192,17.7,False,2023,6,2023-06-01,23924.35,23924.35,213.4,148.7,0.0,False,0.952,0.4984,124.61,False,True,False
KL_0375,Kannur,Thalassery,Vattavayal,12.213,75.49928,rural,192,17.7,False,2023,7,2023-07-01,10845.17,10845.17,225.0,69.19,0.0,False,0.825,0.2259,56.49,False,True,False
KL_0375,Kannur,Thalassery,Vattavayal,12.213,75.49928,rural,192,17.7,False,2023,8,2023-08-01,13597.92,13597.92,214.5,93.66,0.0,False,0.809,0.2833,70.82,False,True,False
KL_0375,Kannur,Thalassery,Vattavayal,12.213,75.49928,rural,192,17.7,False,2023,9,2023-09-01,19488.22,19488.22,229.9,116.17,0.0,False,0.891,0.406,101.5,False,True,False
KL_0375,Kannur,Thalassery,Vattavayal,12.213,75.49928,rural,192,17.7,False,2023,10,2023-10-01,28151.78,28151.78,217.9,179.19,0.0,False,0.822,0.5865,146.62,False,False,False
KL_0375,Kannur,Thalassery,Vattavayal,12.213,75.49928,rural,192,17.7,False,2023,11,2023-11-01,21816.54,21816.54,224.4,129.02,0.0,False,0.913,0.4545,113.63,False,False,False
KL_0375,Kannur,Thalassery,Vattavayal,12.213,75.49928,rural,192,17.7,False,2023,12,2023-12-01,15327.25,15327.25,224.9,101.46,0.0,False,0.892,0.3193,79.83,False,False,True
KL_0375,Kannur,Thalassery,Vattavayal,12.213,75.49928,rural,192,17.7,False,2024,1,2024-01-01,13409.51,13409.51,210.7,93.35,0.0,False,0.84,0.2794,69.84,False,False,True
KL_0375,Kannur,Thalassery,Vattavayal,12.213,75.49928,rural,192,17.7,False,2024,2,2024-02-01,13865.27,13865.27,233.1,74.99,0.0,False,0.899,0.2889,72.21,False,False,True
KL_0375,Kannur,Thalassery,Vattavayal,12.213,75.49928,rural,192,17.7,False,2024,3,2024-03-01,14989.85,14989.85,212.5,90.6,0.0,False,0.838,0.3123,78.07,True,False,False
KL_0375,Kannur,Thalassery,Vattavayal,12.213,75.49928,rural,192,17.7,False,2024,4,2024-04-01,13999.64,13999.64,246.0,76.5,0.0,False,0.857,0.2917,72.91,True,False,False
KL_0375,Kannur,Thalassery,Vattavayal,12.213,75.49928,rural,192,17.7,False,2024,5,2024-05-01,23735.54,23735.54,239.5,127.41,0.0,False,0.879,0.4945,123.62,True,False,False
KL_0375,Kannur,Thalassery,Vattavayal,12.213,75.49928,rural,192,17.7,False,2024,6,2024-06-01,34304.63,34304.63,223.8,195.7,0.0,False,0.831,0.7147,178.67,False,True,False
KL_0375,Kannur,Thalassery,Vattavayal,12.213,75.49928,rural,192,17.7,False,2024,7,2024-07-01,12210.48,12210.48,223.8,74.19,0.0,False,0.926,0.2544,63.6,False,True,False
KL_0375,Kannur,Thalassery,Vattavayal,12.213,75.49928,rural,192,17.7,False,2024,8,2024-08-01,8120.82,8120.82,231.5,53.05,0.0,False,0.853,0.1692,42.3,False,True,False
KL_0375,Kannur,Thalassery,Vattavayal,12.213,75.49928,rural,192,17.7,False,2024,9,2024-09-01,18963.11,18963.11,242.8,99.73,0.0,False,0.864,0.3951,98.77,False,True,False
KL_0375,Kannur,Thalassery,Vattavayal,12.213,75.49928,rural,192,17.7,False,2024,10,2024-10-01,15199.06,15199.06,232.1,94.05,0.0,False,0.784,0.3166,79.16,False,False,False
KL_0375,Kannur,Thalassery,Vattavayal,12.213,75.49928,rural,192,17.7,False,2024,11,2024-11-01,19498.93,19498.93,237.3,120.62,0.0,False,0.818,0.4062,101.56,False,False,False
KL_0375,Kannur,Thalassery,Vattavayal,12.213,75.49928,rural,192,17.7,False,2024,12,2024-12-01,17347.09,17347.09,217.9,118.53,0.0,False,0.858,0.3614,90.35,False,False,True
KL_0376,Malappuram,Ponnani,Muthavayal,10.761272,76.218662,semi-urban,190,6.16,True,2023,1,2023-01-01,13406.46,13406.46,228.6,77.33,0.0,False,0.893,0.2822,70.56,False,False,True
KL_0376,Malappuram,Ponnani,Muthavayal,10.761272,76.218662,semi-urban,190,6.16,True,2023,2,2023-02-01,36272.53,36272.53,232.5,214.24,0.0,False,0.921,0.7636,190.91,False,False,True
KL_0376,Malappuram,Ponnani,Muthavayal,10.761272,76.218662,semi-urban,190,6.16,True,2023,3,2023-03-01,23447.16,23447.16,226.0,139.18,0.0,False,0.797,0.4936,123.41,True,False,False
KL_0376,Malappuram,Ponnani,Muthavayal,10.761272,76.218662,semi-urban,190,6.16,True,2023,4,2023-04-01,27378.25,27378.25,231.9,179.85,0.0,False,0.809,0.5764,144.1,True,False,False
KL_0376,Malappuram,Ponnani,Muthavayal,10.761272,76.218662,semi-urban,190,6.16,True,2023,5,2023-05-01,27452.28,27452.28,219.2,190.52,0.0,False,0.789,0.5779,144.49,True,False,False
KL_0376,Malappuram,Ponnani,Muthavayal,10.761272,76.218662,semi-urban,190,6.16,True,2023,6,2023-06-01,25763.72,25763.72,233.4,145.27,0.0,False,0.875,0.5424,135.6,False,True,False
KL_0376,Malappuram,Ponnani,Muthavayal,10.761272,76.218662,semi-urban,190,6.16,True,2023,7,2023-07-01,24232.68,24232.68,223.2,153.15,0.0,False,0.921,0.5102,127.54,False,True,False
KL_0376,Malappuram,Ponnani,Muthavayal,10.761272,76.218662,semi-urban,190,6.16,True,2023,8,2023-08-01,21269.4,21269.4,226.9,135.82,0.0,False,0.842,0.4478,111.94,False,True,False
KL_0376,Malappuram,Ponnani,Muthavayal,10.761272,76.218662,semi-urban,190,6.16,True,2023,9,2023-09-01,27505.78,27505.78,221.7,169.23,0.0,False,0.853,0.5791,144.77,False,True,False
KL_0376,Malappuram,Ponnani,Muthavayal,10.761272,76.218662,semi-urban,190,6.16,True,2023,10,2023-10-01,20548.1,20548.1,222.4,132.59,0.0,False,0.857,0.4326,108.15,False,False,False
KL_0376,Malappuram,Ponnani,Muthavayal,10.761272,76.218662,semi-urban,190,6.16,True,2023,11,2023-11-01,31867.51,31867.51,220.1,209.62,0.0,False,0.827,0.6709,167.72,False,False,False
KL_0376,Malappuram,Ponnani,Muthavayal,10.761272,76.218662,semi-urban,190,6.16,True,2023,12,2023-12-01,25879.6,25879.6,227.6,172.13,0.0,False,0.789,0.5448,136.21,False,False,True
KL_0376,Malappuram,Ponnani,Muthavayal,10.761272,76.218662,semi-urban,190,6.16,True,2024,1,2024-01-01,31421.49,31421.49,221.6,201.45,0.0,False,0.903,0.6615,165.38,False,False,True
KL_0376,Malappuram,Ponnani,Muthavayal,10.761272,76.218662,semi-urban,190,6.16,True,2024,2,2024-02-01,21609.48,21609.48,233.2,121.12,0.0,False,0.858,0.4549,113.73,False,False,True
KL_0376,Malappuram,Ponnani,Muthavayal,10.761272,76.218662,semi-urban,190,6.16,True,2024,3,2024-03-01,31287.23,31287.23,245.6,173.82,0.0,False,0.823,0.6587,164.67,True,False,False
KL_0376,Malappuram,Ponnani,Muthavayal,10.761272,76.218662,semi-urban,190,6.16,True,2024,4,2024-04-01,28474.35,28474.35,222.6,192.01,0.0,False,1.0,0.5995,149.86,True,False,False
KL_0376,Malappuram,Ponnani,Muthavayal,10.761272,76.218662,semi-urban,190,6.16,True,2024,5,2024-05-01,24502.15,24502.15,245.7,139.91,0.0,False,0.85,0.5158,128.96,True,False,False
KL_0376,Malappuram,Ponnani,Muthavayal,10.761272,76.218662,semi-urban,190,6.16,True,2024,6,2024-06-01,33075.34,33075.34,224.9,220.43,0.0,False,0.764,0.6963,174.08,False,True,False
KL_0376,Malappuram,Ponnani,Muthavayal,10.761272,76.218662,semi-urban,190,6.16,True,2024,7,2024-07-01,29724.4,29724.4,216.9,183.67,0.0,False,0.883,0.6258,156.44,False,True,False
KL_0376,Malappuram,Ponnani,Muthavayal,10.761272,76.218662,semi-urban,190,6.16,True,2024,8,2024-08-01,26925.32,26925.32,230.5,150.53,0.0,False,0.758,0.5668,141.71,False,True,False
KL_0376,Malappuram,Ponnani,Muthavayal,10.761272,76.218662,semi-urban,190,6.16,True,2024,9,2024-09-01,10822.71,10822.71,228.8,64.79,0.0,False,0.873,0.2278,56.96,False,True,False
KL_0376,Malappuram,Ponnani,Muthavayal,10.761272,76.218662,semi-urban,190,6.16,True,2024,10,2024-10-01,18599.86,18599.86,229.7,117.41,0.0,False,0.872,0.3916,97.89,False,False,False
KL_0376,Malappuram,Ponnani,Muthavayal,10.761272,76.218662,semi-urban,190,6.16,True,2024,11,2024-11-01,28840.72,28840.72,218.3,195.14,0.0,False,0.919,0.6072,151.79,False,False,False
KL_0376,Malappuram,Ponnani,Muthavayal,10.761272,76.218662,semi-urban,190,6.16,True,2024,12,2024-12-01,34891.38,34891.38,223.0,212.24,0.0,False,0.8,0.7346,183.64,False,False,True
KL_0377,Kannur,Kannur,Koduveli,12.245127,75.600498,rural,51,6.5,False,2023,1,2023-01-01,4145.31,4145.31,219.1,28.65,0.0,False,0.835,0.3251,81.28,False,False,True
KL_0377,Kannur,Kannur,Koduveli,12.245127,75.600498,rural,51,6.5,False,2023,2,2023-02-01,1259.43,1259.43,212.4,8.29,0.0,False,0.847,0.0988,24.69,False,False,True
KL_0377,Kannur,Kannur,Koduveli,12.245127,75.600498,rural,51,6.5,False,2023,3,2023-03-01,3672.74,3672.74,225.3,22.55,0.0,False,0.893,0.2881,72.01,True,False,False
KL_0377,Kannur,Kannur,Koduveli,12.245127,75.600498,rural,51,6.5,False,2023,4,2023-04-01,5773.1,5773.1,233.9,32.96,0.0,False,0.872,0.4528,113.2,True,False,False
KL_0377,Kannur,Kannur,Koduveli,12.245127,75.600498,rural,51,6.5,False,2023,5,2023-05-01,6851.72,6851.72,223.9,38.48,0.0,False,0.876,0.5374,134.35,True,False,False
KL_0377,Kannur,Kannur,Koduveli,12.245127,75.600498,rural,51,6.5,False,2023,6,2023-06-01,5043.7,5043.7,238.5,28.55,0.0,False,0.911,0.3956,98.9,False,True,False
KL_0377,Kannur,Kannur,Koduveli,12.245127,75.600498,rural,51,6.5,False,2023,7,2023-07-01,5724.41,5724.41,238.1,34.08,0.0,False,0.839,0.449,112.24,False,True,False
KL_0377,Kannur,Kannur,Koduveli,12.245127,75.600498,rural,51,6.5,False,2023,8,2023-08-01,1676.54,1676.54,240.0,9.67,0.0,False,0.923,0.1315,32.87,False,True,False
KL_0377,Kannur,Kannur,Koduveli,12.245127,75.600498,rural,51,6.5,False,2023,9,2023-09-01,3305.94,3305.94,223.7,22.1,0.0,False,0.846,0.2593,64.82,False,True,False
KL_0377,Kannur,Kannur,Koduveli,12.245127,75.600498,rural,51,6.5,False,2023,10,2023-10-01,3971.0,3971.0,235.3,22.83,0.0,False,0.895,0.3115,77.86,False,False,False
KL_0377,Kannur,Kannur,Koduveli,12.245127,75.600498,rural,51,6.5,False,2023,11,2023-11-01,4918.62,4918.62,208.8,31.08,0.0,False,0.825,0.3858,96.44,False,False,False
KL_0377,Kannur,Kannur,Koduveli,12.245127,75.600498,rural,51,6.5,False,2023,12,2023-12-01,3380.0,3380.0,221.8,19.7,0.0,False,0.88,0.2651,66.27,False,False,True
KL_0377,Kannur,Kannur,Koduveli,12.245127,75.600498,rural,51,6.5,False,2024,1,2024-01-01,3535.1,3535.1,232.0,20.5,0.0,False,0.908,0.2773,69.32,False,False,True
KL_0377,Kannur,Kannur,Koduveli,12.245127,75.600498,rural,51,6.5,False,2024,2,2024-02-01,2557.92,2557.92,230.1,16.76,0.0,False,0.796,0.2006,50.16,False,False,True
KL_0377,Kannur,Kannur,Koduveli,12.245127,75.600498,rural,51,6.5,False,2024,3,2024-03-01,4827.88,4827.88,211.9,28.8,0.0,False,0.897,0.3787,94.66,True,False,False
KL_0377,Kannur,Kannur,Koduveli,12.245127,75.600498,rural,51,6.5,False,2024,4,2024-04-01,4815.1,4815.1,225.7,30.13,0.0,False,0.859,0.3777,94.41,True,False,False
KL_0377,Kannur,Kannur,Koduveli,12.245127,75.600498,rural,51,6.5,False,2024,5,2024-05-01,5497.44,5497.44,228.5,36.24,0.0,False,0.952,0.4312,107.79,True,False,False
KL_0377,Kannur,Kannur,Koduveli,12.245127,75.600498,rural,51,6.5,False,2024,6,2024-06-01,6728.91,6728.91,249.5,40.65,0.0,False,0.837,0.5278,131.94,False,True,False
KL_0377,Kannur,Kannur,Koduveli,12.245127,75.600498,rural,51,6.5,False,2024,7,2024-07-01,3299.55,3299.55,224.1,21.22,0.0,False,0.865,0.2588,64.7,False,True,False
KL_0377,Kannur,Kannur,Koduveli,12.245127,75.600498,rural,51,6.5,False,2024,8,2024-08-01,3794.49,3794.49,227.7,21.28,0.0,False,0.842,0.2976,74.4,False,True,False
KL_0377,Kannur,Kannur,Koduveli,12.245127,75.600498,rural,51,6.5,False,2024,9,2024-09-01,4723.96,4723.96,229.2,25.96,0.0,False,0.883,0.3705,92.63,False,True,False
KL_0377,Kannur,Kannur,Koduveli,12.245127,75.600498,rural,51,6.5,False,2024,10,2024-10-01,3145.15,3145.15,227.9,19.57,0.0,False,0.741,0.2467,61.67,False,False,False
KL_0377,Kannur,Kannur,Koduveli,12.245127,75.600498,rural,51,6.5,False,2024,11,2024-11-01,2767.72,2767.72,232.6,15.71,0.0,False,0.779,0.2171,54.27,False,False,False
KL_0377,Kannur,Kannur,Koduveli,12.245127,75.600498,rural,51,6.5,False,2024,12,2024-12-01,5063.34,5063.34,230.4,29.3,0.0,False,0.883,0.3971,99.28,False,False,True
KL_0378,Pathanamthitta,Thiruvalla,Kizhakthara,9.497368,76.898745,semi-urban,120,11.3,False,2023,1,2023-01-01,11884.24,11884.24,226.8,77.63,0.0,False,0.851,0.3961,99.04,False,False,True
KL_0378,Pathanamthitta,Thiruvalla,Kizhakthara,9.497368,76.898745,semi-urban,120,11.3,False,2023,2,2023-02-01,22186.72,22186.72,237.0,132.39,0.0,False,0.75,0.7396,184.89,False,False,True
KL_0378,Pathanamthitta,Thiruvalla,Kizhakthara,9.497368,76.898745,semi-urban,120,11.3,False,2023,3,2023-03-01,14138.7,14138.7,220.6,84.01,0.0,False,0.818,0.4713,117.82,True,False,False
KL_0378,Pathanamthitta,Thiruvalla,Kizhakthara,9.497368,76.898745,semi-urban,120,11.3,False,2023,4,2023-04-01,26242.57,26242.57,242.7,158.27,0.0,False,0.83,0.8748,218.69,True,False,False
KL_0378,Pathanamthitta,Thiruvalla,Kizhakthara,9.497368,76.898745,semi-urban,120,11.3,False,2023,5,2023-05-01,29993.24,29993.24,228.0,189.34,0.0,False,0.826,0.9998,249.94,True,False,False
KL_0378,Pathanamthitta,Thiruvalla,Kizhakthara,9.497368,76.898745,semi-urban,120,11.3,False,2023,6,2023-06-01,13474.65,13474.65,222.9,86.63,0.0,False,0.897,0.4492,112.29,False,True,False
KL_0378,Pathanamthitta,Thiruvalla,Kizhakthara,9.497368,76.898745,semi-urban,120,11.3,False,2023,7,2023-07-01,15557.92,15557.92,239.4,98.69,0.0,False,0.913,0.5186,129.65,False,True,False
KL_0378,Pathanamthitta,Thiruvalla,Kizhakthara,9.497368,76.898745,semi-urban,120,11.3,False,2023,8,2023-08-01,19426.8,19426.8,215.4,122.6,0.0,False,0.738,0.6476,161.89,False,True,False
KL_0378,Pathanamthitta,Thiruvalla,Kizhakthara,9.497368,76.898745,semi-urban,120,11.3,False,2023,9,2023-09-01,13656.0,13656.0,227.8,74.98,0.0,False,0.844,0.4552,113.8,False,True,False
KL_0378,Pathanamthitta,Thiruvalla,Kizhakthara,9.497368,76.898745,semi-urban,120,11.3,False,2023,10,2023-10-01,17152.6,17152.6,235.1,92.83,0.0,False,0.856,0.5718,142.94,False,False,False
KL_0378,Pathanamthitta,Thiruvalla,Kizhakthara,9.497368,76.898745,semi-urban,120,11.3,False,2023,11,2023-11-01,22984.09,22984.09,218.7,134.79,0.0,False,0.776,0.7661,191.53,False,False,False
KL_0378,Pathanamthitta,Thiruvalla,Kizhakthara,9.497368,76.898745,semi-urban,120,11.3,False,2023,12,2023-12-01,16296.32,16296.32,234.3,91.37,0.0,False,0.913,0.5432,135.8,False,False,True
KL_0378,Pathanamthitta,Thiruvalla,Kizhakthara,9.497368,76.898745,semi-urban,120,11.3,False,2024,1,2024-01-01,13371.33,13371.33,229.7,78.04,0.0,False,0.869,0.4457,111.43,False,False,True
KL_0378,Pathanamthitta,Thiruvalla,Kizhakthara,9.497368,76.898745,semi-urban,120,11.3,False,2024,2,2024-02-01,17249.0,17249.0,220.5,110.83,0.0,False,0.893,0.575,143.74,False,False,True
KL_0378,Pathanamthitta,Thiruvalla,Kizhakthara,9.497368,76.898745,semi-urban,120,11.3,False,2024,3,2024-03-01,13860.52,13860.52,220.1,83.35,0.0,False,0.828,0.462,115.5,True,False,False
KL_0378,Pathanamthitta,Thiruvalla,Kizhakthara,9.497368,76.898745,semi-urban,120,11.3,False,2024,4,2024-04-01,9883.73,9883.73,233.7,58.69,0.0,False,0.811,0.3295,82.36,True,False,False
KL_0378,Pathanamthitta,Thiruvalla,Kizhakthara,9.497368,76.898745,semi-urban,120,11.3,False,2024,5,2024-05-01,17349.4,17349.4,216.6,118.41,0.0,False,0.822,0.5783,144.58,True,False,False
KL_0378,Pathanamthitta,Thiruvalla,Kizhakthara,9.497368,76.898745,semi-urban,120,11.3,False,2024,6,2024-06-01,18486.6,18486.6,216.0,113.61,0.0,False,0.844,0.6162,154.05,False,True,False
KL_0378,Pathanamthitta,Thiruvalla,Kizhakthara,9.497368,76.898745,semi-urban,120,11.3,False,2024,7,2024-07-01,19621.77,19621.77,215.1,116.42,0.0,False,0.829,0.6541,163.51,False,True,False
KL_0378,Pathanamthitta,Thiruvalla,Kizhakthara,9.497368,76.898745,semi-urban,120,11.3,False,2024,8,2024-08-01,15435.28,15435.28,242.9,86.89,0.0,False,0.895,0.5145,128.63,False,True,False
KL_0378,Pathanamthitta,Thiruvalla,Kizhakthara,9.497368,76.898745,semi-urban,120,11.3,False,2024,9,2024-09-01,12044.4,12044.4,229.2,78.45,0.0,False,0.983,0.4015,100.37,False,True,False
KL_0378,Pathanamthitta,Thiruvalla,Kizhakthara,9.497368,76.898745,semi-urban,120,11.3,False,2024,10,2024-10-01,28533.7,28533.7,232.3,185.39,0.0,False,0.879,0.9511,237.78,False,False,False
KL_0378,Pathanamthitta,Thiruvalla,Kizhakthara,9.497368,76.898745,semi-urban,120,11.3,False,2024,11,2024-11-01,14038.14,14038.14,241.9,77.26,0.0,False,0.753,0.4679,116.98,False,False,False
KL_0378,Pathanamthitta,Thiruvalla,Kizhakthara,9.497368,76.898745,semi-urban,120,11.3,False,2024,12,2024-12-01,10068.69,10068.69,225.1,62.33,0.0,False,0.858,0.3356,83.91,False,False,True
KL_0379,Palakkad,Palakkad,Thodukunnu,11.054805,76.630894,urban,161,2.77,False,2023,1,2023-01-01,48929.09,48929.09,242.9,269.09,0.0,False,0.791,1.2156,303.91,False,False,True
KL_0379,Palakkad,Palakkad,Thodukunnu,11.054805,76.630894,urban,161,2.77,False,2023,2,2023-02-01,29862.49,29862.49,232.4,195.22,0.0,False,0.83,0.7419,185.48,False,False,True
KL_0379,Palakkad,Palakkad,Thodukunnu,11.054805,76.630894,urban,161,2.77,False,2023,3,2023-03-01,27860.07,27860.07,237.2,153.42,0.0,False,0.848,0.6922,173.04,True,False,False
KL_0379,Palakkad,Palakkad,Thodukunnu,11.054805,76.630894,urban,161,2.77,False,2023,4,2023-04-01,36020.29,36020.29,219.1,249.33,0.0,False,0.837,0.8949,223.73,True,False,False
KL_0379,Palakkad,Palakkad,Thodukunnu,11.054805,76.630894,urban,161,2.77,False,2023,5,2023-05-01,38481.12,38481.12,227.8,223.85,0.0,False,0.798,0.9561,239.01,True,False,False
KL_0379,Palakkad,Palakkad,Thodukunnu,11.054805,76.630894,urban,161,2.77,False,2023,6,2023-06-01,41814.13,41814.13,231.4,256.97,0.0,False,0.876,1.0389,259.72,False,True,False
KL_0379,Palakkad,Palakkad,Thodukunnu,11.054805,76.630894,urban,161,2.77,False,2023,7,2023-07-01,17926.35,17926.35,217.4,116.72,0.0,False,0.75,0.4454,111.34,False,True,False
KL_0379,Palakkad,Palakkad,Thodukunnu,11.054805,76.630894,urban,161,2.77,False,2023,8,2023-08-01,17110.6,17110.6,220.0,104.99,0.0,False,0.869,0.4251,106.28,False,True,False
KL_0379,Palakkad,Palakkad,Thodukunnu,11.054805,76.630894,urban,161,2.77,False,2023,9,2023-09-01,26331.9,26331.9,219.6,154.17,0.0,False,0.805,0.6542,163.55,False,True,False
KL_0379,Palakkad,Palakkad,Thodukunnu,11.054805,76.630894,urban,161,2.77,False,2023,10,2023-10-01,32555.01,32555.01,227.7,190.41,0.0,False,0.864,0.8088,202.21,False,False,False
KL_0379,Palakkad,Palakkad,Thodukunnu,11.054805,76.630894,urban,161,2.77,False,2023,11,2023-11-01,34327.66,34327.66,224.6,230.29,0.0,False,0.783,0.8529,213.22,False,False,False
KL_0379,Palakkad,Palakkad,Thodukunnu,11.054805,76.630894,urban,161,2.77,False,2023,12,2023-12-01,13844.77,13844.77,218.7,89.45,0.0,False,0.862,0.344,85.99,False,False,True
KL_0379,Palakkad,Palakkad,Thodukunnu,11.054805,76.630894,urban,161,2.77,False,2024,1,2024-01-01,25635.62,25635.62,244.8,155.97,0.0,False,0.919,0.6369,159.23,False,False,True
KL_0379,Palakkad,Palakkad,Thodukunnu,11.054805,76.630894,urban,161,2.77,False,2024,2,2024-02-01,29941.25,29941.25,226.7,191.32,0.0,False,0.82,0.7439,185.97,False,False,True
KL_0379,Palakkad,Palakkad,Thodukunnu,11.054805,76.630894,urban,161,2.77,False,2024,3,2024-03-01,25315.8,25315.8,243.8,137.5,0.0,False,0.819,0.629,157.24,True,False,False
KL_0379,Palakkad,Palakkad,Thodukunnu,11.054805,76.630894,urban,161,2.77,False,2024,4,2024-04-01,54248.5,54248.5,226.6,349.02,0.0,False,0.872,1.3478,336.95,True,False,False
KL_0379,Palakkad,Palakkad,Thodukunnu,11.054805,76.630894,urban,161,2.77,False,2024,5,2024-05-01,29798.04,29798.04,230.7,164.83,0.0,False,0.861,0.7403,185.08,True,False,False
KL_0379,Palakkad,Palakkad,Thodukunnu,11.054805,76.630894,urban,161,2.77,False,2024,6,2024-06-01,52189.49,52189.49,228.1,293.72,0.0,False,0.781,1.2966,324.16,False,True,False
KL_0379,Palakkad,Palakkad,Thodukunnu,11.054805,76.630894,urban,161,2.77,False,2024,7,2024-07-01,37308.2,37308.2,232.0,237.17,0.0,False,0.905,0.9269,231.73,False,True,False
KL_0379,Palakkad,Palakkad,Thodukunnu,11.054805,76.630894,urban,161,2.77,False,2024,8,2024-08-01,25021.17,25021.17,229.7,144.54,0.0,False,0.89,0.6216,155.41,False,True,False
KL_0379,Palakkad,Palakkad,Thodukunnu,11.054805,76.630894,urban,161,2.77,False,2024,9,2024-09-01,29496.39,29496.39,225.9,186.97,0.0,False,0.914,0.7328,183.21,False,True,False
KL_0379,Palakkad,Palakkad,Thodukunnu,11.054805,76.630894,urban,161,2.77,False,2024,10,2024-10-01,26535.0,26535.0,230.4,151.97,0.0,False,0.877,0.6593,164.81,False,False,False
KL_0379,Palakkad,Palakkad,Thodukunnu,11.054805,76.630894,urban,161,2.77,False,2024,11,2024-11-01,47068.41,47068.41,222.0,282.76,0.0,False,0.944,1.1694,292.35,False,False,False
KL_0379,Palakkad,Palakkad,Thodukunnu,11.054805,76.630894,urban,161,2.77,False,2024,12,2024-12-01,22962.34,22962.34,239.5,132.5,0.0,False,0.756,0.5705,142.62,False,False,True
KL_0380,Kasaragod,Kanhangad,Thodumukku,12.408372,74.897808,rural,24,9.62,False,2023,1,2023-01-01,1541.68,1541.68,249.3,7.97,0.0,False,0.926,0.2569,64.24,False,False,True
KL_0380,Kasaragod,Kanhangad,Thodumukku,12.408372,74.897808,rural,24,9.62,False,2023,2,2023-02-01,1971.97,1971.97,217.0,12.18,0.0,False,0.831,0.3287,82.17,False,False,True
KL_0380,Kasaragod,Kanhangad,Thodumukku,12.408372,74.897808,rural,24,9.62,False,2023,3,2023-03-01,1015.33,1015.33,245.0,5.84,0.0,False,0.823,0.1692,42.31,True,False,False
KL_0380,Kasaragod,Kanhangad,Thodumukku,12.408372,74.897808,rural,24,9.62,False,2023,4,2023-04-01,2312.57,2312.57,241.4,14.53,0.0,False,0.814,0.3854,96.36,True,False,False
KL_0380,Kasaragod,Kanhangad,Thodumukku,12.408372,74.897808,rural,24,9.62,False,2023,5,2023-05-01,2666.2,2666.2,233.8,15.95,0.0,False,0.875,0.4444,111.09,True,False,False
KL_0380,Kasaragod,Kanhangad,Thodumukku,12.408372,74.897808,rural,24,9.62,False,2023,6,2023-06-01,1180.04,1180.04,226.1,7.24,0.0,False,0.89,0.1967,49.17,False,True,False
KL_0380,Kasaragod,Kanhangad,Thodumukku,12.408372,74.897808,rural,24,9.62,False,2023,7,2023-07-01,1801.07,1801.07,230.5,11.19,0.0,False,0.827,0.3002,75.04,False,True,False
KL_0380,Kasaragod,Kanhangad,Thodumukku,12.408372,74.897808,rural,24,9.62,False,2023,8,2023-08-01,1262.46,1262.46,220.1,8.24,0.0,False,0.864,0.2104,52.6,False,True,False
KL_0380,Kasaragod,Kanhangad,Thodumukku,12.408372,74.897808,rural,24,9.62,False,2023,9,2023-09-01,2454.59,2454.59,225.0,15.29,0.0,False,0.988,0.4091,102.27,False,True,False
KL_0380,Kasaragod,Kanhangad,Thodumukku,12.408372,74.897808,rural,24,9.62,False,2023,10,2023-10-01,2212.19,2212.19,222.7,14.75,0.0,False,0.817,0.3687,92.17,False,False,False
KL_0380,Kasaragod,Kanhangad,Thodumukku,12.408372,74.897808,rural,24,9.62,False,2023,11,2023-11-01,2208.84,2208.84,232.8,12.95,0.0,False,0.83,0.3681,92.04,False,False,False
KL_0380,Kasaragod,Kanhangad,Thodumukku,12.408372,74.897808,rural,24,9.62,False,2023,12,2023-12-01,2097.7,2097.7,234.4,12.74,0.0,False,0.921,0.3496,87.4,False,False,True
KL_0380,Kasaragod,Kanhangad,Thodumukku,12.408372,74.897808,rural,24,9.62,False,2024,1,2024-01-01,827.09,827.09,235.6,4.56,0.0,False,0.771,0.1378,34.46,False,False,True
KL_0380,Kasaragod,Kanhangad,Thodumukku,12.408372,74.897808,rural,24,9.62,False,2024,2,2024-02-01,2296.57,2296.57,229.4,13.99,0.0,False,0.862,0.3828,95.69,False,False,True
KL_0380,Kasaragod,Kanhangad,Thodumukku,12.408372,74.897808,rural,24,9.62,False,2024,3,2024-03-01,2060.14,2060.14,228.2,12.49,0.0,False,0.729,0.3434,85.84,True,False,False
KL_0380,Kasaragod,Kanhangad,Thodumukku,12.408372,74.897808,rural,24,9.62,False,2024,4,2024-04-01,1873.75,1873.75,223.3,11.67,0.0,False,0.781,0.3123,78.07,True,False,False
KL_0380,Kasaragod,Kanhangad,Thodumukku,12.408372,74.897808,rural,24,9.62,False,2024,5,2024-05-01,2891.06,2891.06,225.4,17.84,0.0,False,0.79,0.4818,120.46,True,False,False
KL_0380,Kasaragod,Kanhangad,Thodumukku,12.408372,74.897808,rural,24,9.62,False,2024,6,2024-06-01,1328.33,1328.33,241.4,7.06,0.0,False,0.806,0.2214,55.35,False,True,False
KL_0380,Kasaragod,Kanhangad,Thodumukku,12.408372,74.897808,rural,24,9.62,False,2024,7,2024-07-01,2457.75,2457.75,219.6,14.37,0.0,False,0.788,0.4096,102.41,False,True,False
KL_0380,Kasaragod,Kanhangad,Thodumukku,12.408372,74.897808,rural,24,9.62,False,2024,8,2024-08-01,986.66,986.66,235.6,5.97,0.0,False,0.86,0.1644,41.11,False,True,False
KL_0380,Kasaragod,Kanhangad,Thodumukku,12.408372,74.897808,rural,24,9.62,False,2024,9,2024-09-01,1498.44,1498.44,230.0,9.68,0.0,False,0.92,0.2497,62.44,False,True,False
KL_0380,Kasaragod,Kanhangad,Thodumukku,12.408372,74.897808,rural,24,9.62,False,2024,10,2024-10-01,1317.01,1317.01,234.0,7.9,0.0,False,0.952,0.2195,54.88,False,False,False
KL_0380,Kasaragod,Kanhangad,Thodumukku,12.408372,74.897808,rural,24,9.62,False,2024,11,2024-11-01,3076.43,3076.43,226.2,18.94,0.0,False,0.799,0.5127,128.18,False,False,False
KL_0380,Kasaragod,Kanhangad,Thodumukku,12.408372,74.897808,rural,24,9.62,False,2024,12,2024-12-01,2354.61,2354.61,234.3,14.4,0.0,False,0.886,0.3924,98.11,False,False,True
KL_0381,Kannur,Mattannur,Idavapara,12.098187,75.184948,semi-urban,134,8.69,False,2023,1,2023-01-01,9394.76,9394.76,235.9,54.49,0.0,False,0.91,0.2804,70.11,False,False,True
KL_0381,Kannur,Mattannur,Idavapara,12.098187,75.184948,semi-urban,134,8.69,False,2023,2,2023-02-01,22269.63,22269.63,225.5,133.39,0.0,False,0.856,0.6648,166.19,False,False,True
KL_0381,Kannur,Mattannur,Idavapara,12.098187,75.184948,semi-urban,134,8.69,False,2023,3,2023-03-01,11029.47,11029.47,218.2,70.31,0.0,False,0.885,0.3292,82.31,True,False,False
KL_0381,Kannur,Mattannur,Idavapara,12.098187,75.184948,semi-urban,134,8.69,False,2023,4,2023-04-01,27590.44,27590.44,232.1,170.14,0.0,False,0.873,0.8236,205.9,True,False,False
KL_0381,Kannur,Mattannur,Idavapara,12.098187,75.184948,semi-urban,134,8.69,False,2023,5,2023-05-01,21325.97,21325.97,234.0,120.72,0.0,False,0.873,0.6366,159.15,True,False,False
KL_0381,Kannur,Mattannur,Idavapara,12.098187,75.184948,semi-urban,134,8.69,False,2023,6,2023-06-01,23188.58,23188.58,218.5,135.78,0.0,False,0.813,0.6922,173.05,False,True,False
KL_0381,Kannur,Mattannur,Idavapara,12.098187,75.184948,semi-urban,134,8.69,False,2023,7,2023-07-01,21944.63,21944.63,228.6,124.33,0.0,False,0.75,0.6551,163.77,False,True,False
KL_0381,Kannur,Mattannur,Idavapara,12.098187,75.184948,semi-urban,134,8.69,False,2023,8,2023-08-01,16161.04,16161.04,217.2,107.54,0.0,False,0.833,0.4824,120.6,False,True,False
KL_0381,Kannur,Mattannur,Idavapara,12.098187,75.184948,semi-urban,134,8.69,False,2023,9,2023-09-01,19964.36,19964.36,221.6,135.3,0.0,False,0.812,0.596,148.99,False,True,False
KL_0381,Kannur,Mattannur,Idavapara,12.098187,75.184948,semi-urban,134,8.69,False,2023,10,2023-10-01,19008.06,19008.06,225.6,127.8,0.0,False,0.836,0.5674,141.85,False,False,False
KL_0381,Kannur,Mattannur,Idavapara,12.098187,75.184948,semi-urban,134,8.69,False,2023,11,2023-11-01,14175.44,14175.44,234.1,90.46,0.0,False,0.898,0.4231,105.79,False,False,False
KL_0381,Kannur,Mattannur,Idavapara,12.098187,75.184948,semi-urban,134,8.69,False,2023,12,2023-12-01,11541.63,11541.63,224.2,64.81,0.0,False,0.922,0.3445,86.13,False,False,True
KL_0381,Kannur,Mattannur,Idavapara,12.098187,75.184948,semi-urban,134,8.69,False,2024,1,2024-01-01,11737.78,11737.78,230.4,75.78,0.0,False,0.858,0.3504,87.6,False,False,True
KL_0381,Kannur,Mattannur,Idavapara,12.098187,75.184948,semi-urban,134,8.69,False,2024,2,2024-02-01,15781.09,15781.09,239.7,85.37,0.0,False,0.791,0.4711,117.77,False,False,True
KL_0381,Kannur,Mattannur,Idavapara,12.098187,75.184948,semi-urban,134,8.69,False,2024,3,2024-03-01,13904.62,13904.62,239.4,74.76,0.0,False,0.831,0.4151,103.77,True,False,False
KL_0381,Kannur,Mattannur,Idavapara,12.098187,75.184948,semi-urban,134,8.69,False,2024,4,2024-04-01,17287.47,17287.47,229.4,100.62,0.0,False,0.811,0.516,129.01,True,False,False
KL_0381,Kannur,Mattannur,Idavapara,12.098187,75.184948,semi-urban,134,8.69,False,2024,5,2024-05-01,18089.79,18089.79,225.1,112.28,0.0,False,0.856,0.54,135.0,True,False,False
KL_0381,Kannur,Mattannur,Idavapara,12.098187,75.184948,semi-urban,134,8.69,False,2024,6,2024-06-01,21066.15,21066.15,237.4,116.7,0.0,False,0.827,0.6288,157.21,False,True,False
KL_0381,Kannur,Mattannur,Idavapara,12.098187,75.184948,semi-urban,134,8.69,False,2024,7,2024-07-01,29110.27,29110.27,236.3,157.57,0.0,False,0.895,0.869,217.24,False,True,False
KL_0381,Kannur,Mattannur,Idavapara,12.098187,75.184948,semi-urban,134,8.69,False,2024,8,2024-08-01,18930.61,18930.61,227.9,108.99,0.0,False,0.808,0.5651,141.27,False,True,False
KL_0381,Kannur,Mattannur,Idavapara,12.098187,75.184948,semi-urban,134,8.69,False,2024,9,2024-09-01,23619.56,23619.56,245.1,127.88,0.0,False,0.959,0.7051,176.27,False,True,False
KL_0381,Kannur,Mattannur,Idavapara,12.098187,75.184948,semi-urban,134,8.69,False,2024,10,2024-10-01,21376.1,21376.1,232.7,127.15,0.0,False,0.776,0.6381,159.52,False,False,False
KL_0381,Kannur,Mattannur,Idavapara,12.098187,75.184948,semi-urban,134,8.69,False,2024,11,2024-11-01,20548.08,20548.08,221.3,121.57,0.0,False,0.865,0.6134,153.34,False,False,False
KL_0381,Kannur,Mattannur,Idavapara,12.098187,75.184948,semi-urban,134,8.69,False,2024,12,2024-12-01,8143.07,8143.07,233.6,52.78,0.0,False,0.769,0.2431,60.77,False,False,True
KL_0382,Ernakulam,Angamaly,Vadakkenagar,10.085802,76.827287,urban,27,3.94,False,2023,1,2023-01-01,3744.94,3744.94,234.6,23.99,0.0,False,0.902,0.5548,138.7,False,False,True
KL_0382,Ernakulam,Angamaly,Vadakkenagar,10.085802,76.827287,urban,27,3.94,False,2023,2,2023-02-01,5320.5,5320.5,233.5,34.32,0.0,False,0.852,0.7882,197.06,False,False,True
KL_0382,Ernakulam,Angamaly,Vadakkenagar,10.085802,76.827287,urban,27,3.94,False,2023,3,2023-03-01,6475.16,6475.16,238.9,38.05,0.0,False,0.86,0.9593,239.82,True,False,False
KL_0382,Ernakulam,Angamaly,Vadakkenagar,10.085802,76.827287,urban,27,3.94,False,2023,4,2023-04-01,6890.32,6890.32,214.6,47.72,0.0,False,0.805,1.0208,255.2,True,False,False
KL_0382,Ernakulam,Angamaly,Vadakkenagar,10.085802,76.827287,urban,27,3.94,False,2023,5,2023-05-01,7384.63,7384.63,233.8,40.8,0.0,False,0.904,1.094,273.5,True,False,False
KL_0382,Ernakulam,Angamaly,Vadakkenagar,10.085802,76.827287,urban,27,3.94,False,2023,6,2023-06-01,4442.6,4442.6,231.2,27.13,0.0,False,0.882,0.6582,164.54,False,True,False
KL_0382,Ernakulam,Angamaly,Vadakkenagar,10.085802,76.827287,urban,27,3.94,False,2023,7,2023-07-01,6423.01,6423.01,228.3,42.59,0.0,False,0.823,0.9516,237.89,False,True,False
KL_0382,Ernakulam,Angamaly,Vadakkenagar,10.085802,76.827287,urban,27,3.94,False,2023,8,2023-08-01,4992.24,4992.24,217.4,29.88,0.0,False,0.849,0.7396,184.9,False,True,False
KL_0382,Ernakulam,Angamaly,Vadakkenagar,10.085802,76.827287,urban,27,3.94,False,2023,9,2023-09-01,5623.65,5623.65,224.6,33.35,0.0,False,0.805,0.8331,208.28,False,True,False
KL_0382,Ernakulam,Angamaly,Vadakkenagar,10.085802,76.827287,urban,27,3.94,False,2023,10,2023-10-01,6149.05,6149.05,244.0,35.46,0.0,False,0.802,0.911,227.74,False,False,False
KL_0382,Ernakulam,Angamaly,Vadakkenagar,10.085802,76.827287,urban,27,3.94,False,2023,11,2023-11-01,5762.41,5762.41,235.5,33.26,0.0,False,0.819,0.8537,213.42,False,False,False
KL_0382,Ernakulam,Angamaly,Vadakkenagar,10.085802,76.827287,urban,27,3.94,False,2023,12,2023-12-01,5597.73,5597.73,220.8,37.15,0.0,False,0.836,0.8293,207.32,False,False,True
KL_0382,Ernakulam,Angamaly,Vadakkenagar,10.085802,76.827287,urban,27,3.94,False,2024,1,2024-01-01,5193.05,5193.05,226.5,30.78,0.0,False,0.85,0.7693,192.34,False,False,True
KL_0382,Ernakulam,Angamaly,Vadakkenagar,10.085802,76.827287,urban,27,3.94,False,2024,2,2024-02-01,3890.64,3890.64,225.3,23.17,0.0,False,0.848,0.5764,144.1,False,False,True
KL_0382,Ernakulam,Angamaly,Vadakkenagar,10.085802,76.827287,urban,27,3.94,False,2024,3,2024-03-01,4604.35,4604.35,225.3,25.63,0.0,False,0.807,0.6821,170.53,True,False,False
KL_0382,Ernakulam,Angamaly,Vadakkenagar,10.085802,76.827287,urban,27,3.94,False,2024,4,2024-04-01,7212.16,7212.16,230.9,40.71,0.0,False,0.888,1.0685,267.12,True,False,False
KL_0382,Ernakulam,Angamaly,Vadakkenagar,10.085802,76.827287,urban,27,3.94,False,2024,5,2024-05-01,5602.59,5602.59,247.2,30.42,0.0,False,0.904,0.83,207.5,True,False,False
KL_0382,Ernakulam,Angamaly,Vadakkenagar,10.085802,76.827287,urban,27,3.94,False,2024,6,2024-06-01,9093.71,9093.71,223.6,58.72,0.0,False,0.896,1.3472,336.8,False,True,False
KL_0382,Ernakulam,Angamaly,Vadakkenagar,10.085802,76.827287,urban,27,3.94,False,2024,7,2024-07-01,3772.53,3772.53,232.4,21.12,0.0,False,0.885,0.5589,139.72,False,True,False
KL_0382,Ernakulam,Angamaly,Vadakkenagar,10.085802,76.827287,urban,27,3.94,False,2024,8,2024-08-01,3587.76,3587.76,223.1,22.86,0.0,False,0.725,0.5315,132.88,False,True,False
KL_0382,Ernakulam,Angamaly,Vadakkenagar,10.085802,76.827287,urban,27,3.94,False,2024,9,2024-09-01,5106.15,5106.15,225.7,29.75,0.0,False,0.8,0.7565,189.12,False,True,False
KL_0382,Ernakulam,Angamaly,Vadakkenagar,10.085802,76.827287,urban,27,3.94,False,2024,10,2024-10-01,7519.61,7519.61,223.0,42.86,0.0,False,0.776,1.114,278.5,False,False,False
KL_0382,Ernakulam,Angamaly,Vadakkenagar,10.085802,76.827287,urban,27,3.94,False,2024,11,2024-11-01,6230.32,6230.32,236.6,35.96,0.0,False,0.761,0.923,230.75,False,False,False
KL_0382,Ernakulam,Angamaly,Vadakkenagar,10.085802,76.827287,urban,27,3.94,False,2024,12,2024-12-01,5000.41,5000.41,220.8,31.51,0.0,False,0.907,0.7408,185.2,False,False,True
KL_0383,Kollam,Karunagappally,Manjathara,9.099525,76.734415,rural,42,12.01,False,2023,1,2023-01-01,2671.09,2671.09,222.3,16.84,0.0,False,0.935,0.2544,63.6,False,False,True
KL_0383,Kollam,Karunagappally,Manjathara,9.099525,76.734415,rural,42,12.01,False,2023,2,2023-02-01,2596.72,2596.72,212.1,17.93,0.0,False,0.85,0.2473,61.83,False,False,True
KL_0383,Kollam,Karunagappally,Manjathara,9.099525,76.734415,rural,42,12.01,False,2023,3,2023-03-01,1591.11,1591.11,243.2,9.81,0.0,False,0.874,0.1515,37.88,True,False,False
KL_0383,Kollam,Karunagappally,Manjathara,9.099525,76.734415,rural,42,12.01,False,2023,4,2023-04-01,7063.8,7063.8,235.2,44.97,0.0,False,0.832,0.6727,168.19,True,False,False
KL_0383,Kollam,Karunagappally,Manjathara,9.099525,76.734415,rural,42,12.01,False,2023,5,2023-05-01,5840.71,5840.71,241.8,34.43,0.0,False,0.908,0.5563,139.06,True,False,False
KL_0383,Kollam,Karunagappally,Manjathara,9.099525,76.734415,rural,42,12.01,False,2023,6,2023-06-01,1068.49,1068.49,225.6,6.43,0.0,False,0.864,0.1018,25.44,False,True,False
KL_0383,Kollam,Karunagappally,Manjathara,9.099525,76.734415,rural,42,12.01,False,2023,7,2023-07-01,3278.56,3278.56,232.1,20.41,0.0,False,0.824,0.3122,78.06,False,True,False
KL_0383,Kollam,Karunagappally,Manjathara,9.099525,76.734415,rural,42,12.01,False,2023,8,2023-08-01,3606.1,3606.1,218.7,21.43,0.0,False,0.878,0.3434,85.86,False,True,False
KL_0383,Kollam,Karunagappally,Manjathara,9.099525,76.734415,rural,42,12.01,False,2023,9,2023-09-01,3220.09,3220.09,217.4,20.84,0.0,False,0.841,0.3067,76.67,False,True,False
KL_0383,Kollam,Karunagappally,Manjathara,9.099525,76.734415,rural,42,12.01,False,2023,10,2023-10-01,4076.74,4076.74,230.1,22.95,0.0,False,0.86,0.3883,97.07,False,False,False
KL_0383,Kollam,Karunagappally,Manjathara,9.099525,76.734415,rural,42,12.01,False,2023,11,2023-11-01,1291.06,1291.06,218.1,8.27,0.0,False,0.885,0.123,30.74,False,False,False
KL_0383,Kollam,Karunagappally,Manjathara,9.099525,76.734415,rural,42,12.01,False,2023,12,2023-12-01,4194.45,4194.45,221.1,25.28,0.0,False,1.038,0.3995,99.87,False,False,True
KL_0383,Kollam,Karunagappally,Manjathara,9.099525,76.734415,rural,42,12.01,False,2024,1,2024-01-01,2792.8,2792.8,236.3,16.48,0.0,False,0.939,0.266,66.5,False,False,True
KL_0383,Kollam,Karunagappally,Manjathara,9.099525,76.734415,rural,42,12.01,False,2024,2,2024-02-01,2899.07,2899.07,230.3,17.24,0.0,False,0.858,0.2761,69.03,False,False,True
KL_0383,Kollam,Karunagappally,Manjathara,9.099525,76.734415,rural,42,12.01,False,2024,3,2024-03-01,2039.81,2039.81,226.2,13.04,0.0,False,0.803,0.1943,48.57,True,False,False
KL_0383,Kollam,Karunagappally,Manjathara,9.099525,76.734415,rural,42,12.01,False,2024,4,2024-04-01,5432.47,5432.47,223.9,36.75,0.0,False,0.737,0.5174,129.34,True,False,False
KL_0383,Kollam,Karunagappally,Manjathara,9.099525,76.734415,rural,42,12.01,False,2024,5,2024-05-01,3890.48,3890.48,228.2,23.97,0.0,False,0.914,0.3705,92.63,True,False,False
KL_0383,Kollam,Karunagappally,Manjathara,9.099525,76.734415,rural,42,12.01,False,2024,6,2024-06-01,3852.35,3852.35,213.4,25.29,0.0,False,0.906,0.3669,91.72,False,True,False
KL_0383,Kollam,Karunagappally,Manjathara,9.099525,76.734415,rural,42,12.01,False,2024,7,2024-07-01,4764.75,4764.75,216.4,30.65,0.0,False,0.819,0.4538,113.45,False,True,False
KL_0383,Kollam,Karunagappally,Manjathara,9.099525,76.734415,rural,42,12.01,False,2024,8,2024-08-01,2859.18,2859.18,223.0,17.6,0.0,False,0.846,0.2723,68.08,False,True,False
KL_0383,Kollam,Karunagappally,Manjathara,9.099525,76.734415,rural,42,12.01,False,2024,9,2024-09-01,2158.02,2158.02,235.0,13.14,0.0,False,0.86,0.2055,51.38,False,True,False
KL_0383,Kollam,Karunagappally,Manjathara,9.099525,76.734415,rural,42,12.01,False,2024,10,2024-10-01,4008.71,4008.71,227.8,26.88,0.0,False,0.88,0.3818,95.45,False,False,False
KL_0383,Kollam,Karunagappally,Manjathara,9.099525,76.734415,rural,42,12.01,False,2024,11,2024-11-01,5183.31,5183.31,231.0,30.59,0.0,False,0.933,0.4936,123.41,False,False,False
KL_0383,Kollam,Karunagappally,Manjathara,9.099525,76.734415,rural,42,12.01,False,2024,12,2024-12-01,4807.31,4807.31,240.3,27.07,0.0,False,0.785,0.4578,114.46,False,False,True
KL_0384,Thrissur,Irinjalakuda,Padamvayal,10.338128,76.061724,rural,132,24.41,True,2023,1,2023-01-01,13393.75,13393.75,229.0,73.53,0.0,False,0.884,0.4059,101.47,False,False,True
KL_0384,Thrissur,Irinjalakuda,Padamvayal,10.338128,76.061724,rural,132,24.41,True,2023,2,2023-02-01,17215.08,17215.08,226.8,100.73,0.0,False,0.861,0.5217,130.42,False,False,True
KL_0384,Thrissur,Irinjalakuda,Padamvayal,10.338128,76.061724,rural,132,24.41,True,2023,3,2023-03-01,13252.1,13252.1,233.8,81.47,0.0,False,0.824,0.4016,100.39,True,False,False
KL_0384,Thrissur,Irinjalakuda,Padamvayal,10.338128,76.061724,rural,132,24.41,True,2023,4,2023-04-01,21651.1,21651.1,244.7,128.43,0.0,False,0.89,0.6561,164.02,True,False,False
KL_0384,Thrissur,Irinjalakuda,Padamvayal,10.338128,76.061724,rural,132,24.41,True,2023,5,2023-05-01,12449.86,12449.86,229.6,76.94,0.0,False,0.844,0.3773,94.32,True,False,False
KL_0384,Thrissur,Irinjalakuda,Padamvayal,10.338128,76.061724,rural,132,24.41,True,2023,6,2023-06-01,7723.25,7723.25,232.9,48.92,0.0,False,0.846,0.234,58.51,False,True,False
KL_0384,Thrissur,Irinjalakuda,Padamvayal,10.338128,76.061724,rural,132,24.41,True,2023,7,2023-07-01,12390.29,12390.29,243.0,68.67,0.0,False,0.866,0.3755,93.87,False,True,False
KL_0384,Thrissur,Irinjalakuda,Padamvayal,10.338128,76.061724,rural,132,24.41,True,2023,8,2023-08-01,11401.28,11401.28,229.2,73.38,0.0,False,0.827,0.3455,86.37,False,True,False
KL_0384,Thrissur,Irinjalakuda,Padamvayal,10.338128,76.061724,rural,132,24.41,True,2023,9,2023-09-01,13492.01,13492.01,218.7,92.77,0.0,False,0.883,0.4088,102.21,False,True,False
KL_0384,Thrissur,Irinjalakuda,Padamvayal,10.338128,76.061724,rural,132,24.41,True,2023,10,2023-10-01,14285.51,14285.51,226.6,94.55,0.0,False,0.83,0.4329,108.22,False,False,False
KL_0384,Thrissur,Irinjalakuda,Padamvayal,10.338128,76.061724,rural,132,24.41,True,2023,11,2023-11-01,8531.26,8531.26,222.9,57.36,0.0,False,0.935,0.2585,64.63,False,False,False
KL_0384,Thrissur,Irinjalakuda,Padamvayal,10.338128,76.061724,rural,132,24.41,True,2023,12,2023-12-01,14819.58,14819.58,214.6,96.26,0.0,False,0.861,0.4491,112.27,False,False,True
KL_0384,Thrissur,Irinjalakuda,Padamvayal,10.338128,76.061724,rural,132,24.41,True,2024,1,2024-01-01,5692.6,5692.6,218.0,37.62,0.0,False,0.816,0.1725,43.13,False,False,True
KL_0384,Thrissur,Irinjalakuda,Padamvayal,10.338128,76.061724,rural,132,24.41,True,2024,2,2024-02-01,13665.79,13665.79,237.4,84.48,0.0,False,0.865,0.4141,103.53,False,False,True
KL_0384,Thrissur,Irinjalakuda,Padamvayal,10.338128,76.061724,rural,132,24.41,True,2024,3,2024-03-01,5004.19,5004.19,231.3,30.81,0.0,False,0.899,0.1516,37.91,True,False,False
KL_0384,Thrissur,Irinjalakuda,Padamvayal,10.338128,76.061724,rural,132,24.41,True,2024,4,2024-04-01,10039.4,10039.4,237.8,53.45,0.0,False,0.771,0.3042,76.06,True,False,False
KL_0384,Thrissur,Irinjalakuda,Padamvayal,10.338128,76.061724,rural,132,24.41,True,2024,5,2024-05-01,12840.06,12840.06,224.0,77.38,0.0,False,0.913,0.3891,97.27,True,False,False
KL_0384,Thrissur,Irinjalakuda,Padamvayal,10.338128,76.061724,rural,132,24.41,True,2024,6,2024-06-01,18088.86,18088.86,241.4,107.86,0.0,False,0.867,0.5481,137.04,False,True,False
KL_0384,Thrissur,Irinjalakuda,Padamvayal,10.338128,76.061724,rural,132,24.41,True,2024,7,2024-07-01,11802.54,11802.54,215.7,69.79,0.0,False,0.848,0.3577,89.41,False,True,False
KL_0384,Thrissur,Irinjalakuda,Padamvayal,10.338128,76.061724,rural,132,24.41,True,2024,8,2024-08-01,13604.62,13604.62,220.9,79.3,0.0,False,0.816,0.4123,103.07,False,True,False
KL_0384,Thrissur,Irinjalakuda,Padamvayal,10.338128,76.061724,rural,132,24.41,True,2024,9,2024-09-01,13659.8,13659.8,233.8,82.92,0.0,False,0.867,0.4139,103.48,False,True,False
KL_0384,Thrissur,Irinjalakuda,Padamvayal,10.338128,76.061724,rural,132,24.41,True,2024,10,2024-10-01,10404.41,10404.41,220.6,62.66,0.0,False,0.806,0.3153,78.82,False,False,False
KL_0384,Thrissur,Irinjalakuda,Padamvayal,10.338128,76.061724,rural,132,24.41,True,2024,11,2024-11-01,12021.76,12021.76,234.6,71.55,0.0,False,0.751,0.3643,91.07,False,False,False
KL_0384,Thrissur,Irinjalakuda,Padamvayal,10.338128,76.061724,rural,132,24.41,True,2024,12,2024-12-01,19720.41,19720.41,229.2,127.66,0.0,False,0.814,0.5976,149.4,False,False,True
KL_0385,Thrissur,Kodungallur,Cheramoodu,10.299659,76.173526,urban,159,4.93,False,2023,1,2023-01-01,19661.56,19661.56,242.7,120.63,0.0,False,0.836,0.4946,123.66,False,False,True
KL_0385,Thrissur,Kodungallur,Cheramoodu,10.299659,76.173526,urban,159,4.93,False,2023,2,2023-02-01,22258.43,22258.43,228.7,138.14,0.0,False,0.881,0.56,139.99,False,False,True
KL_0385,Thrissur,Kodungallur,Cheramoodu,10.299659,76.173526,urban,159,4.93,False,2023,3,2023-03-01,19048.17,19048.17,230.8,111.07,0.0,False,0.839,0.4792,119.8,True,False,False
KL_0385,Thrissur,Kodungallur,Cheramoodu,10.299659,76.173526,urban,159,4.93,False,2023,4,2023-04-01,35582.88,35582.88,229.2,214.52,0.0,False,0.793,0.8952,223.79,True,False,False
KL_0385,Thrissur,Kodungallur,Cheramoodu,10.299659,76.173526,urban,159,4.93,False,2023,5,2023-05-01,27166.25,27166.25,229.5,154.85,0.0,False,0.817,0.6834,170.86,True,False,False
KL_0385,Thrissur,Kodungallur,Cheramoodu,10.299659,76.173526,urban,159,4.93,False,2023,6,2023-06-01,42359.87,42359.87,233.1,241.5,0.0,False,0.851,1.0657,266.41,False,True,False
KL_0385,Thrissur,Kodungallur,Cheramoodu,10.299659,76.173526,urban,159,4.93,False,2023,7,2023-07-01,20099.78,20099.78,235.7,114.92,0.0,False,0.882,0.5057,126.41,False,True,False
KL_0385,Thrissur,Kodungallur,Cheramoodu,10.299659,76.173526,urban,159,4.93,False,2023,8,2023-08-01,24014.69,24014.69,229.8,150.09,0.0,False,0.891,0.6041,151.04,False,True,False
KL_0385,Thrissur,Kodungallur,Cheramoodu,10.299659,76.173526,urban,159,4.93,False,2023,9,2023-09-01,28499.83,28499.83,218.1,192.31,0.0,False,0.782,0.717,179.24,False,True,False
KL_0385,Thrissur,Kodungallur,Cheramoodu,10.299659,76.173526,urban,159,4.93,False,2023,10,2023-10-01,22072.35,22072.35,220.0,143.72,0.0,False,0.853,0.5553,138.82,False,False,False
KL_0385,Thrissur,Kodungallur,Cheramoodu,10.299659,76.173526,urban,159,4.93,False,2023,11,2023-11-01,34348.56,34348.56,231.8,209.29,0.0,False,0.889,0.8641,216.03,False,False,False
KL_0385,Thrissur,Kodungallur,Cheramoodu,10.299659,76.173526,urban,159,4.93,False,2023,12,2023-12-01,19744.78,19744.78,228.9,120.56,0.0,False,0.806,0.4967,124.18,False,False,True
KL_0385,Thrissur,Kodungallur,Cheramoodu,10.299659,76.173526,urban,159,4.93,False,2024,1,2024-01-01,23170.53,23170.53,227.7,148.75,0.0,False,0.94,0.5829,145.73,False,False,True
KL_0385,Thrissur,Kodungallur,Cheramoodu,10.299659,76.173526,urban,159,4.93,False,2024,2,2024-02-01,31875.96,31875.96,231.2,207.71,0.0,False,0.825,0.8019,200.48,False,False,True
KL_0385,Thrissur,Kodungallur,Cheramoodu,10.299659,76.173526,urban,159,4.93,False,2024,3,2024-03-01,24658.77,24658.77,218.1,154.21,0.0,False,0.901,0.6203,155.09,True,False,False
KL_0385,Thrissur,Kodungallur,Cheramoodu,10.299659,76.173526,urban,159,4.93,False,2024,4,2024-04-01,25308.96,25308.96,232.8,145.96,0.0,False,0.885,0.6367,159.18,True,False,False
KL_0385,Thrissur,Kodungallur,Cheramoodu,10.299659,76.173526,urban,159,4.93,False,2024,5,2024-05-01,31732.43,31732.43,224.9,211.3,0.0,False,0.816,0.7983,199.58,True,False,False
KL_0385,Thrissur,Kodungallur,Cheramoodu,10.299659,76.173526,urban,159,4.93,False,2024,6,2024-06-01,31236.19,31236.19,228.7,203.15,0.0,False,0.851,0.7858,196.45,False,True,False
KL_0385,Thrissur,Kodungallur,Cheramoodu,10.299659,76.173526,urban,159,4.93,False,2024,7,2024-07-01,27013.31,27013.31,242.2,147.68,0.0,False,0.918,0.6796,169.9,False,True,False
KL_0385,Thrissur,Kodungallur,Cheramoodu,10.299659,76.173526,urban,159,4.93,False,2024,8,2024-08-01,14358.3,14358.3,239.0,83.49,0.0,False,0.823,0.3612,90.3,False,True,False
KL_0385,Thrissur,Kodungallur,Cheramoodu,10.299659,76.173526,urban,159,4.93,False,2024,9,2024-09-01,23458.07,23458.07,223.3,154.74,0.0,False,0.859,0.5901,147.54,False,True,False
KL_0385,Thrissur,Kodungallur,Cheramoodu,10.299659,76.173526,urban,159,4.93,False,2024,10,2024-10-01,34514.49,34514.49,223.9,219.11,0.0,False,0.775,0.8683,217.07,False,False,False
KL_0385,Thrissur,Kodungallur,Cheramoodu,10.299659,76.173526,urban,159,4.93,False,2024,11,2024-11-01,40065.03,40065.03,234.2,258.44,0.0,False,0.868,1.0079,251.98,False,False,False
KL_0385,Thrissur,Kodungallur,Cheramoodu,10.299659,76.173526,urban,159,4.93,False,2024,12,2024-12-01,44079.74,44079.74,228.8,287.54,0.0,False,0.83,1.1089,277.23,False,False,True
KL_0386,Kasaragod,Kanhangad,Idavathara,12.64086,75.241967,urban,80,1.65,False,2023,1,2023-01-01,14186.24,14186.24,237.1,76.06,0.0,False,0.876,0.7093,177.33,False,False,True
KL_0386,Kasaragod,Kanhangad,Idavathara,12.64086,75.241967,urban,80,1.65,False,2023,2,2023-02-01,14200.47,14200.47,227.1,91.93,0.0,False,0.808,0.71,177.51,False,False,True
KL_0386,Kasaragod,Kanhangad,Idavathara,12.64086,75.241967,urban,80,1.65,False,2023,3,2023-03-01,16164.98,16164.98,234.8,95.41,0.0,False,0.866,0.8082,202.06,True,False,False
KL_0386,Kasaragod,Kanhangad,Idavathara,12.64086,75.241967,urban,80,1.65,False,2023,4,2023-04-01,18390.98,18390.98,227.4,101.42,0.0,False,0.832,0.9195,229.89,True,False,False
KL_0386,Kasaragod,Kanhangad,Idavathara,12.64086,75.241967,urban,80,1.65,False,2023,5,2023-05-01,24752.71,24752.71,234.1,147.88,0.0,False,0.718,1.2376,309.41,True,False,False
KL_0386,Kasaragod,Kanhangad,Idavathara,12.64086,75.241967,urban,80,1.65,False,2023,6,2023-06-01,19037.96,19037.96,224.5,109.1,0.0,False,0.854,0.9519,237.97,False,True,False
KL_0386,Kasaragod,Kanhangad,Idavathara,12.64086,75.241967,urban,80,1.65,False,2023,7,2023-07-01,12919.89,12919.89,212.4,88.44,0.0,False,0.913,0.646,161.5,False,True,False
KL_0386,Kasaragod,Kanhangad,Idavathara,12.64086,75.241967,urban,80,1.65,False,2023,8,2023-08-01,10994.48,10994.48,228.2,68.9,0.0,False,0.795,0.5497,137.43,False,True,False
KL_0386,Kasaragod,Kanhangad,Idavathara,12.64086,75.241967,urban,80,1.65,False,2023,9,2023-09-01,19500.05,19500.05,231.5,112.08,0.0,False,0.818,0.975,243.75,False,True,False
KL_0386,Kasaragod,Kanhangad,Idavathara,12.64086,75.241967,urban,80,1.65,False,2023,10,2023-10-01,23885.45,23885.45,238.1,142.86,0.0,False,0.916,1.1943,298.57,False,False,False
KL_0386,Kasaragod,Kanhangad,Idavathara,12.64086,75.241967,urban,80,1.65,False,2023,11,2023-11-01,8399.68,8399.68,228.9,52.73,0.0,False,0.878,0.42,105.0,False,False,False
KL_0386,Kasaragod,Kanhangad,Idavathara,12.64086,75.241967,urban,80,1.65,False,2023,12,2023-12-01,10251.65,10251.65,218.4,71.61,0.0,False,0.834,0.5126,128.15,False,False,True
KL_0386,Kasaragod,Kanhangad,Idavathara,12.64086,75.241967,urban,80,1.65,False,2024,1,2024-01-01,17093.47,17093.47,213.5,116.19,0.0,False,0.865,0.8547,213.67,False,False,True
KL_0386,Kasaragod,Kanhangad,Idavathara,12.64086,75.241967,urban,80,1.65,False,2024,2,2024-02-01,18127.4,18127.4,237.3,104.94,0.0,False,0.819,0.9064,226.59,False,False,True
KL_0386,Kasaragod,Kanhangad,Idavathara,12.64086,75.241967,urban,80,1.65,False,2024,3,2024-03-01,13624.44,13624.44,241.0,75.58,0.0,False,0.974,0.6812,170.31,True,False,False
KL_0386,Kasaragod,Kanhangad,Idavathara,12.64086,75.241967,urban,80,1.65,False,2024,4,2024-04-01,16358.36,16358.36,248.1,91.41,0.0,False,0.894,0.8179,204.48,True,False,False
KL_0386,Kasaragod,Kanhangad,Idavathara,12.64086,75.241967,urban,80,1.65,False,2024,5,2024-05-01,23973.57,23973.57,234.2,149.84,0.0,False,0.935,1.1987,299.67,True,False,False
KL_0386,Kasaragod,Kanhangad,Idavathara,12.64086,75.241967,urban,80,1.65,False,2024,6,2024-06-01,11127.99,11127.99,236.8,71.42,0.0,False,0.855,0.5564,139.1,False,True,False
KL_0386,Kasaragod,Kanhangad,Idavathara,12.64086,75.241967,urban,80,1.65,False,2024,7,2024-07-01,13298.97,13298.97,216.1,88.36,0.0,False,0.786,0.6649,166.24,False,True,False
KL_0386,Kasaragod,Kanhangad,Idavathara,12.64086,75.241967,urban,80,1.65,False,2024,8,2024-08-01,11984.51,11984.51,223.3,67.74,0.0,False,0.875,0.5992,149.81,False,True,False
KL_0386,Kasaragod,Kanhangad,Idavathara,12.64086,75.241967,urban,80,1.65,False,2024,9,2024-09-01,15007.32,15007.32,216.4,102.02,0.0,False,0.913,0.7504,187.59,False,True,False
KL_0386,Kasaragod,Kanhangad,Idavathara,12.64086,75.241967,urban,80,1.65,False,2024,10,2024-10-01,15331.75,15331.75,229.6,94.35,0.0,False,0.915,0.7666,191.65,False,False,False
KL_0386,Kasaragod,Kanhangad,Idavathara,12.64086,75.241967,urban,80,1.65,False,2024,11,2024-11-01,14961.66,14961.66,218.5,103.27,0.0,False,0.766,0.7481,187.02,False,False,False
KL_0386,Kasaragod,Kanhangad,Idavathara,12.64086,75.241967,urban,80,1.65,False,2024,12,2024-12-01,14518.04,14518.04,228.9,84.75,0.0,False,0.861,0.7259,181.48,False,False,True
KL_0387,Palakkad,Mannarkkad,Thoduvayal,10.614915,76.676121,urban,24,2.2,False,2023,1,2023-01-01,3227.3,3227.3,223.8,20.06,0.0,False,0.77,0.5379,134.47,False,False,True
KL_0387,Palakkad,Mannarkkad,Thoduvayal,10.614915,76.676121,urban,24,2.2,False,2023,2,2023-02-01,2782.03,2782.03,243.4,16.59,0.0,False,0.821,0.4637,115.92,False,False,True
KL_0387,Palakkad,Mannarkkad,Thoduvayal,10.614915,76.676121,urban,24,2.2,False,2023,3,2023-03-01,3329.12,3329.12,245.0,20.01,0.0,False,0.879,0.5549,138.71,True,False,False
KL_0387,Palakkad,Mannarkkad,Thoduvayal,10.614915,76.676121,urban,24,2.2,False,2023,4,2023-04-01,5591.05,5591.05,236.8,30.82,0.0,False,0.917,0.9318,232.96,True,False,False
KL_0387,Palakkad,Mannarkkad,Thoduvayal,10.614915,76.676121,urban,24,2.2,False,2023,5,2023-05-01,5947.74,5947.74,238.5,35.38,0.0,False,0.861,0.9913,247.82,True,False,False
KL_0387,Palakkad,Mannarkkad,Thoduvayal,10.614915,76.676121,urban,24,2.2,False,2023,6,2023-06-01,4393.63,4393.63,237.7,24.97,0.0,False,0.793,0.7323,183.07,False,True,False
KL_0387,Palakkad,Mannarkkad,Thoduvayal,10.614915,76.676121,urban,24,2.2,False,2023,7,2023-07-01,4348.22,4348.22,236.0,25.27,0.0,False,0.88,0.7247,181.18,False,True,False
KL_0387,Palakkad,Mannarkkad,Thoduvayal,10.614915,76.676121,urban,24,2.2,False,2023,8,2023-08-01,4393.68,4393.68,230.0,28.97,0.0,False,0.807,0.7323,183.07,False,True,False
KL_0387,Palakkad,Mannarkkad,Thoduvayal,10.614915,76.676121,urban,24,2.2,False,2023,9,2023-09-01,5377.06,5377.06,221.5,30.46,0.0,False,0.835,0.8962,224.04,False,True,False
KL_0387,Palakkad,Mannarkkad,Thoduvayal,10.614915,76.676121,urban,24,2.2,False,2023,10,2023-10-01,3763.11,3763.11,218.0,26.38,0.0,False,0.855,0.6272,156.8,False,False,False
KL_0387,Palakkad,Mannarkkad,Thoduvayal,10.614915,76.676121,urban,24,2.2,False,2023,11,2023-11-01,4106.01,4106.01,233.9,24.51,0.0,False,0.817,0.6843,171.08,False,False,False
KL_0387,Palakkad,Mannarkkad,Thoduvayal,10.614915,76.676121,urban,24,2.2,False,2023,12,2023-12-01,4590.8,4590.8,228.5,26.47,0.0,False,0.882,0.7651,191.28,False,False,True
KL_0387,Palakkad,Mannarkkad,Thoduvayal,10.614915,76.676121,urban,24,2.2,False,2024,1,2024-01-01,3568.48,3568.48,230.4,23.59,0.0,False,0.888,0.5947,148.69,False,False,True
KL_0387,Palakkad,Mannarkkad,Thoduvayal,10.614915,76.676121,urban,24,2.2,False,2024,2,2024-02-01,3707.95,3707.95,211.8,23.56,0.0,False,0.901,0.618,154.5,False,False,True
KL_0387,Palakkad,Mannarkkad,Thoduvayal,10.614915,76.676121,urban,24,2.2,False,2024,3,2024-03-01,3887.95,3887.95,226.8,25.01,0.0,False,0.921,0.648,162.0,True,False,False
KL_0387,Palakkad,Mannarkkad,Thoduvayal,10.614915,76.676121,urban,24,2.2,False,2024,4,2024-04-01,6513.07,6513.07,223.9,39.89,0.0,False,0.843,1.0855,271.38,True,False,False
KL_0387,Palakkad,Mannarkkad,Thoduvayal,10.614915,76.676121,urban,24,2.2,False,2024,5,2024-05-01,6983.77,6983.77,233.1,42.5,0.0,False,0.789,1.164,290.99,True,False,False
KL_0387,Palakkad,Mannarkkad,Thoduvayal,10.614915,76.676121,urban,24,2.2,False,2024,6,2024-06-01,5791.24,5791.24,225.6,36.07,0.0,False,0.793,0.9652,241.3,False,True,False
KL_0387,Palakkad,Mannarkkad,Thoduvayal,10.614915,76.676121,urban,24,2.2,False,2024,7,2024-07-01,4478.32,4478.32,247.3,23.88,0.0,False,0.937,0.7464,186.6,False,True,False
KL_0387,Palakkad,Mannarkkad,Thoduvayal,10.614915,76.676121,urban,24,2.2,False,2024,8,2024-08-01,4372.71,4372.71,234.4,24.77,0.0,False,0.931,0.7288,182.2,False,True,False
KL_0387,Palakkad,Mannarkkad,Thoduvayal,10.614915,76.676121,urban,24,2.2,False,2024,9,2024-09-01,5057.01,5057.01,232.3,29.53,0.0,False,0.917,0.8428,210.71,False,True,False
KL_0387,Palakkad,Mannarkkad,Thoduvayal,10.614915,76.676121,urban,24,2.2,False,2024,10,2024-10-01,6369.84,6369.84,234.9,37.64,0.0,False,0.821,1.0616,265.41,False,False,False
KL_0387,Palakkad,Mannarkkad,Thoduvayal,10.614915,76.676121,urban,24,2.2,False,2024,11,2024-11-01,5592.59,5592.59,225.2,35.01,0.0,False,0.934,0.9321,233.02,False,False,False
KL_0387,Palakkad,Mannarkkad,Thoduvayal,10.614915,76.676121,urban,24,2.2,False,2024,12,2024-12-01,3648.12,3648.12,221.0,21.61,0.0,False,0.842,0.608,152.0,False,False,True
KL_0388,Kozhikode,Kozhikode,Vellinagar,11.402408,75.655866,rural,127,21.1,False,2023,1,2023-01-01,12479.66,12479.66,215.1,85.92,0.0,False,0.867,0.3931,98.27,False,False,True
KL_0388,Kozhikode,Kozhikode,Vellinagar,11.402408,75.655866,rural,127,21.1,False,2023,2,2023-02-01,7657.21,7657.21,234.9,47.19,0.0,False,0.891,0.2412,60.29,False,False,True
KL_0388,Kozhikode,Kozhikode,Vellinagar,11.402408,75.655866,rural,127,21.1,False,2023,3,2023-03-01,9007.89,9007.89,219.3,57.66,0.0,False,0.913,0.2837,70.93,True,False,False
KL_0388,Kozhikode,Kozhikode,Vellinagar,11.402408,75.655866,rural,127,21.1,False,2023,4,2023-04-01,11914.19,11914.19,227.6,73.21,0.0,False,0.877,0.3753,93.81,True,False,False
KL_0388,Kozhikode,Kozhikode,Vellinagar,11.402408,75.655866,rural,127,21.1,False,2023,5,2023-05-01,19802.49,19802.49,230.1,108.86,0.0,False,0.919,0.6237,155.93,True,False,False
KL_0388,Kozhikode,Kozhikode,Vellinagar,11.402408,75.655866,rural,127,21.1,False,2023,6,2023-06-01,19799.27,19799.27,235.7,116.52,0.0,False,0.851,0.6236,155.9,False,True,False
KL_0388,Kozhikode,Kozhikode,Vellinagar,11.402408,75.655866,rural,127,21.1,False,2023,7,2023-07-01,13843.74,13843.74,229.0,78.24,0.0,False,0.84,0.436,109.01,False,True,False
KL_0388,Kozhikode,Kozhikode,Vellinagar,11.402408,75.655866,rural,127,21.1,False,2023,8,2023-08-01,10371.53,10371.53,218.7,59.48,0.0,False,0.834,0.3267,81.67,False,True,False
KL_0388,Kozhikode,Kozhikode,Vellinagar,11.402408,75.655866,rural,127,21.1,False,2023,9,2023-09-01,9720.18,9720.18,223.0,65.23,0.0,False,0.793,0.3061,76.54,False,True,False
KL_0388,Kozhikode,Kozhikode,Vellinagar,11.402408,75.655866,rural,127,21.1,False,2023,10,2023-10-01,14041.33,14041.33,219.2,89.65,0.0,False,0.71,0.4422,110.56,False,False,False
KL_0388,Kozhikode,Kozhikode,Vellinagar,11.402408,75.655866,rural,127,21.1,False,2023,11,2023-11-01,7941.83,7941.83,227.6,51.23,0.0,False,0.902,0.2501,62.53,False,False,False
KL_0388,Kozhikode,Kozhikode,Vellinagar,11.402408,75.655866,rural,127,21.1,False,2023,12,2023-12-01,11802.75,11802.75,241.9,72.29,0.0,False,0.838,0.3717,92.94,False,False,True
KL_0388,Kozhikode,Kozhikode,Vellinagar,11.402408,75.655866,rural,127,21.1,False,2024,1,2024-01-01,10119.06,10119.06,241.8,62.94,0.0,False,0.887,0.3187,79.68,False,False,True
KL_0388,Kozhikode,Kozhikode,Vellinagar,11.402408,75.655866,rural,127,21.1,False,2024,2,2024-02-01,10273.87,10273.87,220.2,60.37,0.0,False,0.88,0.3236,80.9,False,False,True
KL_0388,Kozhikode,Kozhikode,Vellinagar,11.402408,75.655866,rural,127,21.1,False,2024,3,2024-03-01,6978.09,6978.09,232.2,42.14,0.0,False,0.858,0.2198,54.95,True,False,False
KL_0388,Kozhikode,Kozhikode,Vellinagar,11.402408,75.655866,rural,127,21.1,False,2024,4,2024-04-01,8357.17,8357.17,218.4,57.35,0.0,False,0.897,0.2632,65.8,True,False,False
KL_0388,Kozhikode,Kozhikode,Vellinagar,11.402408,75.655866,rural,127,21.1,False,2024,5,2024-05-01,9409.22,9409.22,234.2,57.84,0.0,False,0.904,0.2964,74.09,True,False,False
KL_0388,Kozhikode,Kozhikode,Vellinagar,11.402408,75.655866,rural,127,21.1,False,2024,6,2024-06-01,12672.09,12672.09,223.8,76.09,0.0,False,0.802,0.3991,99.78,False,True,False
KL_0388,Kozhikode,Kozhikode,Vellinagar,11.402408,75.655866,rural,127,21.1,False,2024,7,2024-07-01,12077.08,12077.08,226.0,71.42,0.0,False,0.927,0.3804,95.1,False,True,False
KL_0388,Kozhikode,Kozhikode,Vellinagar,11.402408,75.655866,rural,127,21.1,False,2024,8,2024-08-01,5384.61,5384.61,232.1,32.47,0.0,False,0.893,0.1696,42.4,False,True,False
KL_0388,Kozhikode,Kozhikode,Vellinagar,11.402408,75.655866,rural,127,21.1,False,2024,9,2024-09-01,10535.45,10535.45,232.7,69.12,0.0,False,0.806,0.3318,82.96,False,True,False
KL_0388,Kozhikode,Kozhikode,Vellinagar,11.402408,75.655866,rural,127,21.1,False,2024,10,2024-10-01,6527.66,6527.66,228.4,36.41,0.0,False,0.818,0.2056,51.4,False,False,False
KL_0388,Kozhikode,Kozhikode,Vellinagar,11.402408,75.655866,rural,127,21.1,False,2024,11,2024-11-01,16153.99,16153.99,225.1,94.72,0.0,False,0.788,0.5088,127.2,False,False,False
KL_0388,Kozhikode,Kozhikode,Vellinagar,11.402408,75.655866,rural,127,21.1,False,2024,12,2024-12-01,7082.84,7082.84,231.3,42.92,0.0,False,0.881,0.2231,55.77,False,False,True
KL_0389,Thiruvananthapuram,Thiruvananthapuram,Muthakavu,8.214765,77.080918,rural,114,12.85,False,2023,1,2023-01-01,10411.07,10411.07,219.8,70.87,0.0,False,0.841,0.3653,91.33,False,False,True
KL_0389,Thiruvananthapuram,Thiruvananthapuram,Muthakavu,8.214765,77.080918,rural,114,12.85,False,2023,2,2023-02-01,5877.19,5877.19,237.3,34.82,0.0,False,0.725,0.2062,51.55,False,False,True
KL_0389,Thiruvananthapuram,Thiruvananthapuram,Muthakavu,8.214765,77.080918,rural,114,12.85,False,2023,3,2023-03-01,9826.66,9826.66,229.7,56.0,0.0,False,0.822,0.3448,86.2,True,False,False
KL_0389,Thiruvananthapuram,Thiruvananthapuram,Muthakavu,8.214765,77.080918,rural,114,12.85,False,2023,4,2023-04-01,9838.09,9838.09,214.5,59.47,0.0,False,0.831,0.3452,86.3,True,False,False
KL_0389,Thiruvananthapuram,Thiruvananthapuram,Muthakavu,8.214765,77.080918,rural,114,12.85,False,2023,5,2023-05-01,20482.2,20482.2,214.6,131.33,0.0,False,0.855,0.7187,179.67,True,False,False
KL_0389,Thiruvananthapuram,Thiruvananthapuram,Muthakavu,8.214765,77.080918,rural,114,12.85,False,2023,6,2023-06-01,9161.26,9161.26,222.8,55.17,0.0,False,0.773,0.3214,80.36,False,True,False
KL_0389,Thiruvananthapuram,Thiruvananthapuram,Muthakavu,8.214765,77.080918,rural,114,12.85,False,2023,7,2023-07-01,6160.13,6160.13,230.7,40.5,0.0,False,0.856,0.2161,54.04,False,True,False
KL_0389,Thiruvananthapuram,Thiruvananthapuram,Muthakavu,8.214765,77.080918,rural,114,12.85,False,2023,8,2023-08-01,6838.62,6838.62,227.6,41.51,0.0,False,0.925,0.24,59.99,False,True,False
KL_0389,Thiruvananthapuram,Thiruvananthapuram,Muthakavu,8.214765,77.080918,rural,114,12.85,False,2023,9,2023-09-01,8375.52,8375.52,225.6,53.51,0.0,False,0.859,0.2939,73.47,False,True,False
KL_0389,Thiruvananthapuram,Thiruvananthapuram,Muthakavu,8.214765,77.080918,rural,114,12.85,False,2023,10,2023-10-01,8757.34,8757.34,220.2,55.2,0.0,False,0.879,0.3073,76.82,False,False,False
KL_0389,Thiruvananthapuram,Thiruvananthapuram,Muthakavu,8.214765,77.080918,rural,114,12.85,False,2023,11,2023-11-01,9742.24,9742.24,225.9,55.81,0.0,False,0.928,0.3418,85.46,False,False,False
KL_0389,Thiruvananthapuram,Thiruvananthapuram,Muthakavu,8.214765,77.080918,rural,114,12.85,False,2023,12,2023-12-01,12672.78,12672.78,218.2,73.42,0.0,False,0.845,0.4447,111.16,False,False,True
KL_0389,Thiruvananthapuram,Thiruvananthapuram,Muthakavu,8.214765,77.080918,rural,114,12.85,False,2024,1,2024-01-01,7658.23,7658.23,229.5,43.49,0.0,False,0.844,0.2687,67.18,False,False,True
KL_0389,Thiruvananthapuram,Thiruvananthapuram,Muthakavu,8.214765,77.080918,rural,114,12.85,False,2024,2,2024-02-01,14729.52,14729.52,226.3,89.68,0.0,False,0.867,0.5168,129.21,False,False,True
KL_0389,Thiruvananthapuram,Thiruvananthapuram,Muthakavu,8.214765,77.080918,rural,114,12.85,False,2024,3,2024-03-01,4736.26,4736.26,221.6,31.94,0.0,False,0.806,0.1662,41.55,True,False,False
KL_0389,Thiruvananthapuram,Thiruvananthapuram,Muthakavu,8.214765,77.080918,rural,114,12.85,False,2024,4,2024-04-01,10252.36,10252.36,211.8,72.53,0.0,False,0.815,0.3597,89.93,True,False,False
KL_0389,Thiruvananthapuram,Thiruvananthapuram,Muthakavu,8.214765,77.080918,rural,114,12.85,False,2024,5,2024-05-01,7853.87,7853.87,225.2,44.16,0.0,False,0.748,0.2756,68.89,True,False,False
KL_0389,Thiruvananthapuram,Thiruvananthapuram,Muthakavu,8.214765,77.080918,rural,114,12.85,False,2024,6,2024-06-01,13229.94,13229.94,210.8,95.06,0.0,False,0.964,0.4642,116.05,False,True,False
KL_0389,Thiruvananthapuram,Thiruvananthapuram,Muthakavu,8.214765,77.080918,rural,114,12.85,False,2024,7,2024-07-01,13200.56,13200.56,208.2,94.96,0.0,False,0.892,0.4632,115.79,False,True,False
KL_0389,Thiruvananthapuram,Thiruvananthapuram,Muthakavu,8.214765,77.080918,rural,114,12.85,False,2024,8,2024-08-01,7731.32,7731.32,224.2,44.89,0.0,False,0.803,0.2713,67.82,False,True,False
KL_0389,Thiruvananthapuram,Thiruvananthapuram,Muthakavu,8.214765,77.080918,rural,114,12.85,False,2024,9,2024-09-01,10297.93,10297.93,226.0,67.65,0.0,False,0.901,0.3613,90.33,False,True,False
KL_0389,Thiruvananthapuram,Thiruvananthapuram,Muthakavu,8.214765,77.080918,rural,114,12.85,False,2024,10,2024-10-01,18002.58,18002.58,236.5,101.03,0.0,False,0.81,0.6317,157.92,False,False,False
KL_0389,Thiruvananthapuram,Thiruvananthapuram,Muthakavu,8.214765,77.080918,rural,114,12.85,False,2024,11,2024-11-01,8528.33,8528.33,233.6,54.13,0.0,False,0.853,0.2992,74.81,False,False,False
KL_0389,Thiruvananthapuram,Thiruvananthapuram,Muthakavu,8.214765,77.080918,rural,114,12.85,False,2024,12,2024-12-01,7238.41,7238.41,239.3,42.3,0.0,False,0.853,0.254,63.49,False,False,True
KL_0390,Ernakulam,Aluva,Thoduthara,9.923015,76.599058,semi-urban,57,10.23,False,2023,1,2023-01-01,7705.18,7705.18,230.1,49.21,0.0,False,0.828,0.5407,135.18,False,False,True
KL_0390,Ernakulam,Aluva,Thoduthara,9.923015,76.599058,semi-urban,57,10.23,False,2023,2,2023-02-01,6400.56,6400.56,224.9,42.36,0.0,False,0.809,0.4492,112.29,False,False,True
KL_0390,Ernakulam,Aluva,Thoduthara,9.923015,76.599058,semi-urban,57,10.23,False,2023,3,2023-03-01,3923.85,3923.85,219.2,22.51,0.0,False,0.91,0.2754,68.84,True,False,False
KL_0390,Ernakulam,Aluva,Thoduthara,9.923015,76.599058,semi-urban,57,10.23,False,2023,4,2023-04-01,9633.95,9633.95,233.1,57.1,0.0,False,0.854,0.6761,169.02,True,False,False
KL_0390,Ernakulam,Aluva,Thoduthara,9.923015,76.599058,semi-urban,57,10.23,False,2023,5,2023-05-01,9315.13,9315.13,222.9,55.72,0.0,False,0.934,0.6537,163.42,True,False,False
KL_0390,Ernakulam,Aluva,Thoduthara,9.923015,76.599058,semi-urban,57,10.23,False,2023,6,2023-06-01,10822.67,10822.67,221.1,74.77,0.0,False,0.798,0.7595,189.87,False,True,False
KL_0390,Ernakulam,Aluva,Thoduthara,9.923015,76.599058,semi-urban,57,10.23,False,2023,7,2023-07-01,9931.17,9931.17,230.1,59.37,0.0,False,0.826,0.6969,174.23,False,True,False
KL_0390,Ernakulam,Aluva,Thoduthara,9.923015,76.599058,semi-urban,57,10.23,False,2023,8,2023-08-01,6977.8,6977.8,223.5,39.66,0.0,False,0.848,0.4897,122.42,False,True,False
KL_0390,Ernakulam,Aluva,Thoduthara,9.923015,76.599058,semi-urban,57,10.23,False,2023,9,2023-09-01,7880.8,7880.8,226.0,47.6,0.0,False,0.905,0.553,138.26,False,True,False
KL_0390,Ernakulam,Aluva,Thoduthara,9.923015,76.599058,semi-urban,57,10.23,False,2023,10,2023-10-01,11304.77,11304.77,222.3,76.68,0.0,False,0.811,0.7933,198.33,False,False,False
KL_0390,Ernakulam,Aluva,Thoduthara,9.923015,76.599058,semi-urban,57,10.23,False,2023,11,2023-11-01,5602.73,5602.73,226.1,36.61,0.0,False,0.879,0.3932,98.29,False,False,False
KL_0390,Ernakulam,Aluva,Thoduthara,9.923015,76.599058,semi-urban,57,10.23,False,2023,12,2023-12-01,6908.08,6908.08,226.6,46.29,0.0,False,0.867,0.4848,121.19,False,False,True
KL_0390,Ernakulam,Aluva,Thoduthara,9.923015,76.599058,semi-urban,57,10.23,False,2024,1,2024-01-01,4462.89,4462.89,225.8,27.59,0.0,False,0.921,0.3132,78.3,False,False,True
KL_0390,Ernakulam,Aluva,Thoduthara,9.923015,76.599058,semi-urban,57,10.23,False,2024,2,2024-02-01,6805.3,6805.3,231.3,43.69,0.0,False,0.875,0.4776,119.39,False,False,True
KL_0390,Ernakulam,Aluva,Thoduthara,9.923015,76.599058,semi-urban,57,10.23,False,2024,3,2024-03-01,8007.34,8007.34,228.0,51.77,0.0,False,0.76,0.5619,140.48,True,False,False
KL_0390,Ernakulam,Aluva,Thoduthara,9.923015,76.599058,semi-urban,57,10.23,False,2024,4,2024-04-01,9678.67,9678.67,223.2,57.24,0.0,False,0.799,0.6792,169.8,True,False,False
KL_0390,Ernakulam,Aluva,Thoduthara,9.923015,76.599058,semi-urban,57,10.23,False,2024,5,2024-05-01,8901.73,8901.73,238.0,52.18,0.0,False,0.802,0.6247,156.17,True,False,False
KL_0390,Ernakulam,Aluva,Thoduthara,9.923015,76.599058,semi-urban,57,10.23,False,2024,6,2024-06-01,5468.42,5468.42,229.6,30.91,0.0,False,0.827,0.3837,95.94,False,True,False
KL_0390,Ernakulam,Aluva,Thoduthara,9.923015,76.599058,semi-urban,57,10.23,False,2024,7,2024-07-01,8666.27,8666.27,236.4,53.27,0.0,False,0.916,0.6082,152.04,False,True,False
KL_0390,Ernakulam,Aluva,Thoduthara,9.923015,76.599058,semi-urban,57,10.23,False,2024,8,2024-08-01,9099.69,9099.69,238.1,56.29,0.0,False,0.837,0.6386,159.64,False,True,False
KL_0390,Ernakulam,Aluva,Thoduthara,9.923015,76.599058,semi-urban,57,10.23,False,2024,9,2024-09-01,2326.51,2326.51,209.2,15.97,0.0,False,0.852,0.1633,40.82,False,True,False
KL_0390,Ernakulam,Aluva,Thoduthara,9.923015,76.599058,semi-urban,57,10.23,False,2024,10,2024-10-01,11758.85,11758.85,222.5,75.01,0.0,False,0.839,0.8252,206.3,False,False,False
KL_0390,Ernakulam,Aluva,Thoduthara,9.923015,76.599058,semi-urban,57,10.23,False,2024,11,2024-11-01,13565.72,13565.72,233.2,75.66,0.0,False,0.877,0.952,238.0,False,False,False
KL_0390,Ernakulam,Aluva,Thoduthara,9.923015,76.599058,semi-urban,57,10.23,False,2024,12,2024-12-01,9329.81,9329.81,218.6,54.05,0.0,False,0.814,0.6547,163.68,False,False,True
KL_0391,Kottayam,Kottayam,Nallathara,9.568778,76.680131,urban,137,3.7,True,2023,1,2023-01-01,28014.19,33984.12,215.6,277.25,21.31,True,0.841,0.9922,248.06,False,False,True
KL_0391,Kottayam,Kottayam,Nallathara,9.568778,76.680131,urban,137,3.7,True,2023,2,2023-02-01,24247.72,30893.36,221.2,220.21,27.41,True,0.841,0.902,225.5,False,False,True
KL_0391,Kottayam,Kottayam,Nallathara,9.568778,76.680131,urban,137,3.7,True,2023,3,2023-03-01,29628.77,36166.46,238.5,258.15,22.07,True,0.846,1.056,263.99,True,False,False
KL_0391,Kottayam,Kottayam,Nallathara,9.568778,76.680131,urban,137,3.7,True,2023,4,2023-04-01,33143.23,47326.92,220.2,361.13,42.8,True,0.822,1.3818,345.45,True,False,False
KL_0391,Kottayam,Kottayam,Nallathara,9.568778,76.680131,urban,137,3.7,True,2023,5,2023-05-01,45872.25,63131.81,206.2,509.51,37.63,True,0.783,1.8433,460.82,True,False,False
KL_0391,Kottayam,Kottayam,Nallathara,9.568778,76.680131,urban,137,3.7,True,2023,6,2023-06-01,19722.78,25834.11,213.5,217.34,30.99,True,0.897,0.7543,188.57,False,True,False
KL_0391,Kottayam,Kottayam,Nallathara,9.568778,76.680131,urban,137,3.7,True,2023,7,2023-07-01,20518.94,23794.7,218.8,166.37,15.96,True,0.844,0.6947,173.68,False,True,False
KL_0391,Kottayam,Kottayam,Nallathara,9.568778,76.680131,urban,137,3.7,True,2023,8,2023-08-01,15914.02,18712.65,211.8,137.09,17.59,True,0.906,0.5464,136.59,False,True,False
KL_0391,Kottayam,Kottayam,Nallathara,9.568778,76.680131,urban,137,3.7,True,2023,9,2023-09-01,18649.93,24628.81,220.2,197.56,32.06,True,0.874,0.7191,179.77,False,True,False
KL_0391,Kottayam,Kottayam,Nallathara,9.568778,76.680131,urban,137,3.7,True,2023,10,2023-10-01,26890.53,35429.81,214.4,275.93,31.76,True,0.876,1.0344,258.61,False,False,False
KL_0391,Kottayam,Kottayam,Nallathara,9.568778,76.680131,urban,137,3.7,True,2023,11,2023-11-01,33759.98,46654.02,204.0,392.43,38.19,True,0.907,1.3622,340.54,False,False,False
KL_0391,Kottayam,Kottayam,Nallathara,9.568778,76.680131,urban,137,3.7,True,2023,12,2023-12-01,28758.51,41298.36,207.0,344.1,43.6,True,0.98,1.2058,301.45,False,False,True
KL_0391,Kottayam,Kottayam,Nallathara,9.568778,76.680131,urban,137,3.7,True,2024,1,2024-01-01,22280.27,29384.27,212.1,217.52,31.88,True,0.915,0.8579,214.48,False,False,True
KL_0391,Kottayam,Kottayam,Nallathara,9.568778,76.680131,urban,137,3.7,True,2024,2,2024-02-01,23833.22,27576.44,205.2,211.65,15.71,True,0.894,0.8052,201.29,False,False,True
KL_0391,Kottayam,Kottayam,Nallathara,9.568778,76.680131,urban,137,3.7,True,2024,3,2024-03-01,29375.98,29375.98,214.9,200.03,0.0,False,0.865,0.8577,214.42,True,False,False
KL_0391,Kottayam,Kottayam,Nallathara,9.568778,76.680131,urban,137,3.7,True,2024,4,2024-04-01,30135.27,36447.67,230.7,265.85,20.95,True,0.913,1.0642,266.04,True,False,False
KL_0391,Kottayam,Kottayam,Nallathara,9.568778,76.680131,urban,137,3.7,True,2024,5,2024-05-01,43681.93,56012.42,228.3,419.72,28.23,True,0.813,1.6354,408.85,True,False,False
KL_0391,Kottayam,Kottayam,Nallathara,9.568778,76.680131,urban,137,3.7,True,2024,6,2024-06-01,29849.43,39910.88,213.1,307.13,33.71,True,0.879,1.1653,291.32,False,True,False
KL_0391,Kottayam,Kottayam,Nallathara,9.568778,76.680131,urban,137,3.7,True,2024,7,2024-07-01,21410.08,27642.36,218.2,219.18,29.11,True,0.914,0.8071,201.77,False,True,False
KL_0391,Kottayam,Kottayam,Nallathara,9.568778,76.680131,urban,137,3.7,True,2024,8,2024-08-01,25820.22,25820.22,226.5,160.51,0.0,False,0.898,0.7539,188.47,False,True,False
KL_0391,Kottayam,Kottayam,Nallathara,9.568778,76.680131,urban,137,3.7,True,2024,9,2024-09-01,25333.86,34826.51,234.0,245.22,37.47,True,0.846,1.0168,254.21,False,True,False
KL_0391,Kottayam,Kottayam,Nallathara,9.568778,76.680131,urban,137,3.7,True,2024,10,2024-10-01,30961.53,38230.05,223.0,279.22,23.48,True,0.873,1.1162,279.05,False,False,False
KL_0391,Kottayam,Kottayam,Nallathara,9.568778,76.680131,urban,137,3.7,True,2024,11,2024-11-01,15106.47,17648.17,207.1,142.33,16.83,True,0.834,0.5153,128.82,False,False,False
KL_0391,Kottayam,Kottayam,Nallathara,9.568778,76.680131,urban,137,3.7,True,2024,12,2024-12-01,17057.57,19724.93,217.0,148.86,15.64,True,0.812,0.5759,143.98,False,False,True
KL_0392,Kasaragod,Kanhangad,Thodunagar,12.711729,75.185806,semi-urban,19,11.91,False,2023,1,2023-01-01,1938.48,2502.53,218.1,19.79,29.1,True,0.923,0.5268,131.71,False,False,True
KL_0392,Kasaragod,Kanhangad,Thodunagar,12.711729,75.185806,semi-urban,19,11.91,False,2023,2,2023-02-01,3036.14,3667.52,221.5,26.13,20.8,True,0.828,0.7721,193.03,False,False,True
KL_0392,Kasaragod,Kanhangad,Thodunagar,12.711729,75.185806,semi-urban,19,11.91,False,2023,3,2023-03-01,2791.35,4036.46,227.9,27.37,44.61,True,0.828,0.8498,212.45,True,False,False
KL_0392,Kasaragod,Kanhangad,Thodunagar,12.711729,75.185806,semi-urban,19,11.91,False,2023,4,2023-04-01,5025.85,5942.86,205.9,51.46,18.25,True,0.829,1.2511,312.78,True,False,False
KL_0392,Kasaragod,Kanhangad,Thodunagar,12.711729,75.185806,semi-urban,19,11.91,False,2023,5,2023-05-01,3978.2,5708.25,208.5,49.37,43.49,True,0.815,1.2017,300.43,True,False,False
KL_0392,Kasaragod,Kanhangad,Thodunagar,12.711729,75.185806,semi-urban,19,11.91,False,2023,6,2023-06-01,3543.76,4435.14,206.1,35.48,25.15,True,0.814,0.9337,233.43,False,True,False
KL_0392,Kasaragod,Kanhangad,Thodunagar,12.711729,75.185806,semi-urban,19,11.91,False,2023,7,2023-07-01,2212.79,2706.65,216.7,20.04,22.32,True,0.764,0.5698,142.46,False,True,False
KL_0392,Kasaragod,Kanhangad,Thodunagar,12.711729,75.185806,semi-urban,19,11.91,False,2023,8,2023-08-01,2169.16,2169.16,237.3,11.96,0.0,False,0.772,0.4567,114.17,False,True,False
KL_0392,Kasaragod,Kanhangad,Thodunagar,12.711729,75.185806,semi-urban,19,11.91,False,2023,9,2023-09-01,2195.33,3120.25,201.5,27.53,42.13,True,0.84,0.6569,164.22,False,True,False
KL_0392,Kasaragod,Kanhangad,Thodunagar,12.711729,75.185806,semi-urban,19,11.91,False,2023,10,2023-10-01,2790.75,3842.38,226.2,30.21,37.68,True,0.873,0.8089,202.23,False,False,False
KL_0392,Kasaragod,Kanhangad,Thodunagar,12.711729,75.185806,semi-urban,19,11.91,False,2023,11,2023-11-01,3538.89,4346.98,230.1,33.92,22.83,True,0.766,0.9152,228.79,False,False,False
KL_0392,Kasaragod,Kanhangad,Thodunagar,12.711729,75.185806,semi-urban,19,11.91,False,2023,12,2023-12-01,2890.61,3786.42,225.2,26.22,30.99,True,0.859,0.7971,199.29,False,False,True
KL_0392,Kasaragod,Kanhangad,Thodunagar,12.711729,75.185806,semi-urban,19,11.91,False,2024,1,2024-01-01,2869.34,4116.41,218.5,33.19,43.46,True,0.914,0.8666,216.65,False,False,True
KL_0392,Kasaragod,Kanhangad,Thodunagar,12.711729,75.185806,semi-urban,19,11.91,False,2024,2,2024-02-01,1871.66,1871.66,222.4,11.51,0.0,False,0.826,0.394,98.51,False,False,True
KL_0392,Kasaragod,Kanhangad,Thodunagar,12.711729,75.185806,semi-urban,19,11.91,False,2024,3,2024-03-01,3244.5,3772.59,215.5,30.29,16.28,True,0.801,0.7942,198.56,True,False,False
KL_0392,Kasaragod,Kanhangad,Thodunagar,12.711729,75.185806,semi-urban,19,11.91,False,2024,4,2024-04-01,1972.61,2607.84,220.3,19.46,32.2,True,0.847,0.549,137.25,True,False,False
KL_0392,Kasaragod,Kanhangad,Thodunagar,12.711729,75.185806,semi-urban,19,11.91,False,2024,5,2024-05-01,3458.62,4744.06,215.8,35.39,37.17,True,0.876,0.9987,249.69,True,False,False
KL_0392,Kasaragod,Kanhangad,Thodunagar,12.711729,75.185806,semi-urban,19,11.91,False,2024,6,2024-06-01,3021.12,4090.64,218.0,29.19,35.4,True,0.822,0.8612,215.3,False,True,False
KL_0392,Kasaragod,Kanhangad,Thodunagar,12.711729,75.185806,semi-urban,19,11.91,False,2024,7,2024-07-01,2321.46,3232.0,203.1,28.72,39.22,True,0.898,0.6804,170.11,False,True,False
KL_0392,Kasaragod,Kanhangad,Thodunagar,12.711729,75.185806,semi-urban,19,11.91,False,2024,8,2024-08-01,2017.57,2872.39,221.5,23.12,42.37,True,0.873,0.6047,151.18,False,True,False
KL_0392,Kasaragod,Kanhangad,Thodunagar,12.711729,75.185806,semi-urban,19,11.91,False,2024,9,2024-09-01,2563.63,3297.22,219.6,26.59,28.62,True,0.937,0.6942,173.54,False,True,False
KL_0392,Kasaragod,Kanhangad,Thodunagar,12.711729,75.185806,semi-urban,19,11.91,False,2024,10,2024-10-01,2494.36,3071.83,230.2,22.67,23.15,True,0.766,0.6467,161.68,False,False,False
KL_0392,Kasaragod,Kanhangad,Thodunagar,12.711729,75.185806,semi-urban,19,11.91,False,2024,11,2024-11-01,2072.61,2559.82,219.2,17.9,23.51,True,0.779,0.5389,134.73,False,False,False
KL_0392,Kasaragod,Kanhangad,Thodunagar,12.711729,75.185806,semi-urban,19,11.91,False,2024,12,2024-12-01,2752.8,2752.8,237.9,15.47,0.0,False,0.829,0.5795,144.88,False,False,True
KL_0393,Kozhikode,Koyilandy,Vattamoodu,11.47894,75.733792,semi-urban,145,8.58,False,2023,1,2023-01-01,27682.6,27682.6,226.6,183.0,0.0,False,0.783,0.7637,190.91,False,False,True
KL_0393,Kozhikode,Koyilandy,Vattamoodu,11.47894,75.733792,semi-urban,145,8.58,False,2023,2,2023-02-01,15833.44,15833.44,232.7,102.95,0.0,False,0.929,0.4368,109.2,False,False,True
KL_0393,Kozhikode,Koyilandy,Vattamoodu,11.47894,75.733792,semi-urban,145,8.58,False,2023,3,2023-03-01,21078.87,21078.87,220.4,128.6,0.0,False,0.862,0.5815,145.37,True,False,False
KL_0393,Kozhikode,Koyilandy,Vattamoodu,11.47894,75.733792,semi-urban,145,8.58,False,2023,4,2023-04-01,20963.24,20963.24,231.7,136.93,0.0,False,0.834,0.5783,144.57,True,False,False
KL_0393,Kozhikode,Koyilandy,Vattamoodu,11.47894,75.733792,semi-urban,145,8.58,False,2023,5,2023-05-01,23104.96,23104.96,219.8,136.67,0.0,False,0.928,0.6374,159.34,True,False,False
KL_0393,Kozhikode,Koyilandy,Vattamoodu,11.47894,75.733792,semi-urban,145,8.58,False,2023,6,2023-06-01,21495.39,21495.39,223.6,145.09,0.0,False,0.865,0.593,148.24,False,True,False
KL_0393,Kozhikode,Koyilandy,Vattamoodu,11.47894,75.733792,semi-urban,145,8.58,False,2023,7,2023-07-01,16523.31,16523.31,240.4,98.38,0.0,False,0.84,0.4558,113.95,False,True,False
KL_0393,Kozhikode,Koyilandy,Vattamoodu,11.47894,75.733792,semi-urban,145,8.58,False,2023,8,2023-08-01,21929.7,21929.7,230.0,143.13,0.0,False,0.811,0.605,151.24,False,True,False
KL_0393,Kozhikode,Koyilandy,Vattamoodu,11.47894,75.733792,semi-urban,145,8.58,False,2023,9,2023-09-01,21879.25,21879.25,233.6,125.07,0.0,False,0.878,0.6036,150.89,False,True,False
KL_0393,Kozhikode,Koyilandy,Vattamoodu,11.47894,75.733792,semi-urban,145,8.58,False,2023,10,2023-10-01,16443.57,16443.57,223.8,95.79,0.0,False,0.876,0.4536,113.4,False,False,False
KL_0393,Kozhikode,Koyilandy,Vattamoodu,11.47894,75.733792,semi-urban,145,8.58,False,2023,11,2023-11-01,23776.75,23776.75,237.4,131.27,0.0,False,0.884,0.6559,163.98,False,False,False
KL_0393,Kozhikode,Koyilandy,Vattamoodu,11.47894,75.733792,semi-urban,145,8.58,False,2023,12,2023-12-01,23629.19,23629.19,219.6,148.66,0.0,False,0.89,0.6518,162.96,False,False,True
KL_0393,Kozhikode,Koyilandy,Vattamoodu,11.47894,75.733792,semi-urban,145,8.58,False,2024,1,2024-01-01,11612.51,11612.51,232.7,71.48,0.0,False,0.923,0.3203,80.09,False,False,True
KL_0393,Kozhikode,Koyilandy,Vattamoodu,11.47894,75.733792,semi-urban,145,8.58,False,2024,2,2024-02-01,21739.36,21739.36,222.3,128.85,0.0,False,0.809,0.5997,149.93,False,False,True
KL_0393,Kozhikode,Koyilandy,Vattamoodu,11.47894,75.733792,semi-urban,145,8.58,False,2024,3,2024-03-01,14432.8,14432.8,221.6,84.75,0.0,False,0.962,0.3981,99.54,True,False,False
KL_0393,Kozhikode,Koyilandy,Vattamoodu,11.47894,75.733792,semi-urban,145,8.58,False,2024,4,2024-04-01,21307.92,21307.92,214.0,134.85,0.0,False,0.94,0.5878,146.95,True,False,False
KL_0393,Kozhikode,Koyilandy,Vattamoodu,11.47894,75.733792,semi-urban,145,8.58,False,2024,5,2024-05-01,32761.11,32761.11,212.2,198.26,0.0,False,0.936,0.9038,225.94,True,False,False
KL_0393,Kozhikode,Koyilandy,Vattamoodu,11.47894,75.733792,semi-urban,145,8.58,False,2024,6,2024-06-01,29830.52,29830.52,218.5,194.14,0.0,False,0.84,0.8229,205.73,False,True,False
KL_0393,Kozhikode,Koyilandy,Vattamoodu,11.47894,75.733792,semi-urban,145,8.58,False,2024,7,2024-07-01,19692.99,19692.99,210.7,133.23,0.0,False,0.814,0.5433,135.81,False,True,False
KL_0393,Kozhikode,Koyilandy,Vattamoodu,11.47894,75.733792,semi-urban,145,8.58,False,2024,8,2024-08-01,17332.65,17332.65,217.5,104.66,0.0,False,0.855,0.4781,119.54,False,True,False
KL_0393,Kozhikode,Koyilandy,Vattamoodu,11.47894,75.733792,semi-urban,145,8.58,False,2024,9,2024-09-01,10064.53,10064.53,214.0,70.9,0.0,False,0.864,0.2776,69.41,False,True,False
KL_0393,Kozhikode,Koyilandy,Vattamoodu,11.47894,75.733792,semi-urban,145,8.58,False,2024,10,2024-10-01,22166.07,22166.07,210.0,135.05,0.0,False,0.893,0.6115,152.87,False,False,False
KL_0393,Kozhikode,Koyilandy,Vattamoodu,11.47894,75.733792,semi-urban,145,8.58,False,2024,11,2024-11-01,12379.6,12379.6,230.2,74.48,0.0,False,0.842,0.3415,85.38,False,False,False
KL_0393,Kozhikode,Koyilandy,Vattamoodu,11.47894,75.733792,semi-urban,145,8.58,False,2024,12,2024-12-01,14675.48,14675.48,232.7,83.17,0.0,False,0.896,0.4048,101.21,False,False,True
KL_0394,Ernakulam,Perumbavoor,Vellimukku,10.059444,76.606294,rural,90,21.66,False,2023,1,2023-01-01,9374.41,9374.41,236.6,53.31,0.0,False,0.833,0.4166,104.16,False,False,True
KL_0394,Ernakulam,Perumbavoor,Vellimukku,10.059444,76.606294,rural,90,21.66,False,2023,2,2023-02-01,8719.07,8719.07,229.1,51.02,0.0,False,0.852,0.3875,96.88,False,False,True
KL_0394,Ernakulam,Perumbavoor,Vellimukku,10.059444,76.606294,rural,90,21.66,False,2023,3,2023-03-01,9559.57,9559.57,220.0,63.4,0.0,False,0.886,0.4249,106.22,True,False,False
KL_0394,Ernakulam,Perumbavoor,Vellimukku,10.059444,76.606294,rural,90,21.66,False,2023,4,2023-04-01,6439.71,6439.71,231.8,37.26,0.0,False,0.856,0.2862,71.55,True,False,False
KL_0394,Ernakulam,Perumbavoor,Vellimukku,10.059444,76.606294,rural,90,21.66,False,2023,5,2023-05-01,11332.84,11332.84,227.2,67.68,0.0,False,0.816,0.5037,125.92,True,False,False
KL_0394,Ernakulam,Perumbavoor,Vellimukku,10.059444,76.606294,rural,90,21.66,False,2023,6,2023-06-01,8688.96,8688.96,229.9,49.81,0.0,False,0.805,0.3862,96.54,False,True,False
KL_0394,Ernakulam,Perumbavoor,Vellimukku,10.059444,76.606294,rural,90,21.66,False,2023,7,2023-07-01,12986.19,12986.19,232.8,74.29,0.0,False,0.903,0.5772,144.29,False,True,False
KL_0394,Ernakulam,Perumbavoor,Vellimukku,10.059444,76.606294,rural,90,21.66,False,2023,8,2023-08-01,6699.86,6699.86,240.3,36.94,0.0,False,0.875,0.2978,74.44,False,True,False
KL_0394,Ernakulam,Perumbavoor,Vellimukku,10.059444,76.606294,rural,90,21.66,False,2023,9,2023-09-01,5310.84,5310.84,233.3,30.13,0.0,False,0.919,0.236,59.01,False,True,False
KL_0394,Ernakulam,Perumbavoor,Vellimukku,10.059444,76.606294,rural,90,21.66,False,2023,10,2023-10-01,5292.96,5292.96,220.2,30.29,0.0,False,0.907,0.2352,58.81,False,False,False
KL_0394,Ernakulam,Perumbavoor,Vellimukku,10.059444,76.606294,rural,90,21.66,False,2023,11,2023-11-01,5431.06,5431.06,213.6,33.15,0.0,False,0.836,0.2414,60.35,False,False,False
KL_0394,Ernakulam,Perumbavoor,Vellimukku,10.059444,76.606294,rural,90,21.66,False,2023,12,2023-12-01,4251.54,4251.54,240.8,26.47,0.0,False,0.9,0.189,47.24,False,False,True
KL_0394,Ernakulam,Perumbavoor,Vellimukku,10.059444,76.606294,rural,90,21.66,False,2024,1,2024-01-01,5280.94,5280.94,227.5,31.66,0.0,False,0.868,0.2347,58.68,False,False,True
KL_0394,Ernakulam,Perumbavoor,Vellimukku,10.059444,76.606294,rural,90,21.66,False,2024,2,2024-02-01,6011.99,6011.99,233.2,39.16,0.0,False,0.844,0.2672,66.8,False,False,True
KL_0394,Ernakulam,Perumbavoor,Vellimukku,10.059444,76.606294,rural,90,21.66,False,2024,3,2024-03-01,5036.62,5036.62,238.3,31.38,0.0,False,0.982,0.2238,55.96,True,False,False
KL_0394,Ernakulam,Perumbavoor,Vellimukku,10.059444,76.606294,rural,90,21.66,False,2024,4,2024-04-01,4935.41,4935.41,240.6,25.65,0.0,False,0.967,0.2194,54.84,True,False,False
KL_0394,Ernakulam,Perumbavoor,Vellimukku,10.059444,76.606294,rural,90,21.66,False,2024,5,2024-05-01,5787.93,5787.93,229.4,36.94,0.0,False,0.883,0.2572,64.31,True,False,False
KL_0394,Ernakulam,Perumbavoor,Vellimukku,10.059444,76.606294,rural,90,21.66,False,2024,6,2024-06-01,9490.94,9490.94,226.3,55.69,0.0,False,0.808,0.4218,105.45,False,True,False
KL_0394,Ernakulam,Perumbavoor,Vellimukku,10.059444,76.606294,rural,90,21.66,False,2024,7,2024-07-01,6372.97,6372.97,250.6,33.3,0.0,False,0.826,0.2832,70.81,False,True,False
KL_0394,Ernakulam,Perumbavoor,Vellimukku,10.059444,76.606294,rural,90,21.66,False,2024,8,2024-08-01,5506.71,5506.71,227.9,32.24,0.0,False,0.823,0.2447,61.19,False,True,False
KL_0394,Ernakulam,Perumbavoor,Vellimukku,10.059444,76.606294,rural,90,21.66,False,2024,9,2024-09-01,8298.41,8298.41,223.1,50.69,0.0,False,0.891,0.3688,92.2,False,True,False
KL_0394,Ernakulam,Perumbavoor,Vellimukku,10.059444,76.606294,rural,90,21.66,False,2024,10,2024-10-01,4437.02,4437.02,228.2,29.02,0.0,False,0.869,0.1972,49.3,False,False,False
KL_0394,Ernakulam,Perumbavoor,Vellimukku,10.059444,76.606294,rural,90,21.66,False,2024,11,2024-11-01,9909.31,9909.31,228.9,55.93,0.0,False,0.834,0.4404,110.1,False,False,False
KL_0394,Ernakulam,Perumbavoor,Vellimukku,10.059444,76.606294,rural,90,21.66,False,2024,12,2024-12-01,5980.01,5980.01,228.9,38.06,0.0,False,0.953,0.2658,66.44,False,False,True
KL_0395,Thrissur,Kunnamkulam,Cheramoodu,10.413551,76.083843,semi-urban,98,10.27,False,2023,1,2023-01-01,10441.52,13522.42,208.4,112.71,29.51,True,0.829,0.5519,137.98,False,False,True
KL_0395,Thrissur,Kunnamkulam,Cheramoodu,10.413551,76.083843,semi-urban,98,10.27,False,2023,2,2023-02-01,11599.13,16016.01,216.1,114.13,38.08,True,0.943,0.6537,163.43,False,False,True
KL_0395,Thrissur,Kunnamkulam,Cheramoodu,10.413551,76.083843,semi-urban,98,10.27,False,2023,3,2023-03-01,12506.45,14465.07,218.1,104.62,15.66,True,0.909,0.5904,147.6,True,False,False
KL_0395,Thrissur,Kunnamkulam,Cheramoodu,10.413551,76.083843,semi-urban,98,10.27,False,2023,4,2023-04-01,13806.51,13806.51,232.5,76.06,0.0,False,0.882,0.5635,140.88,True,False,False
KL_0395,Thrissur,Kunnamkulam,Cheramoodu,10.413551,76.083843,semi-urban,98,10.27,False,2023,5,2023-05-01,9046.5,12400.36,203.1,96.84,37.07,True,0.811,0.5061,126.53,True,False,False
KL_0395,Thrissur,Kunnamkulam,Cheramoodu,10.413551,76.083843,semi-urban,98,10.27,False,2023,6,2023-06-01,19015.33,22946.93,214.6,177.71,20.68,True,0.93,0.9366,234.15,False,True,False
KL_0395,Thrissur,Kunnamkulam,Cheramoodu,10.413551,76.083843,semi-urban,98,10.27,False,2023,7,2023-07-01,11651.84,14980.58,218.8,116.54,28.57,True,0.949,0.6115,152.86,False,True,False
KL_0395,Thrissur,Kunnamkulam,Cheramoodu,10.413551,76.083843,semi-urban,98,10.27,False,2023,8,2023-08-01,10697.06,13797.23,230.0,96.95,28.98,True,0.862,0.5632,140.79,False,True,False
KL_0395,Thrissur,Kunnamkulam,Cheramoodu,10.413551,76.083843,semi-urban,98,10.27,False,2023,9,2023-09-01,17180.81,17180.81,224.5,99.07,0.0,False,0.912,0.7013,175.31,False,True,False
KL_0395,Thrissur,Kunnamkulam,Cheramoodu,10.413551,76.083843,semi-urban,98,10.27,False,2023,10,2023-10-01,17962.88,25723.47,226.0,205.32,43.2,True,0.855,1.0499,262.48,False,False,False
KL_0395,Thrissur,Kunnamkulam,Cheramoodu,10.413551,76.083843,semi-urban,98,10.27,False,2023,11,2023-11-01,15331.15,21181.05,220.0,161.2,38.16,True,0.925,0.8645,216.13,False,False,False
KL_0395,Thrissur,Kunnamkulam,Cheramoodu,10.413551,76.083843,semi-urban,98,10.27,False,2023,12,2023-12-01,16234.21,21776.75,229.8,167.18,34.14,True,0.803,0.8888,222.21,False,False,True
KL_0395,Thrissur,Kunnamkulam,Cheramoodu,10.413551,76.083843,semi-urban,98,10.27,False,2024,1,2024-01-01,10740.98,15124.16,219.0,113.37,40.81,True,0.899,0.6173,154.33,False,False,True
KL_0395,Thrissur,Kunnamkulam,Cheramoodu,10.413551,76.083843,semi-urban,98,10.27,False,2024,2,2024-02-01,13965.32,13965.32,234.1,85.78,0.0,False,0.724,0.57,142.5,False,False,True
KL_0395,Thrissur,Kunnamkulam,Cheramoodu,10.413551,76.083843,semi-urban,98,10.27,False,2024,3,2024-03-01,14109.88,14109.88,223.6,82.66,0.0,False,0.792,0.5759,143.98,True,False,False
KL_0395,Thrissur,Kunnamkulam,Cheramoodu,10.413551,76.083843,semi-urban,98,10.27,False,2024,4,2024-04-01,21245.06,29856.44,219.2,223.41,40.53,True,0.797,1.2186,304.66,True,False,False
KL_0395,Thrissur,Kunnamkulam,Cheramoodu,10.413551,76.083843,semi-urban,98,10.27,False,2024,5,2024-05-01,18387.02,23277.85,220.7,165.87,26.6,True,0.851,0.9501,237.53,True,False,False
KL_0395,Thrissur,Kunnamkulam,Cheramoodu,10.413551,76.083843,semi-urban,98,10.27,False,2024,6,2024-06-01,12777.32,17653.3,220.7,122.68,38.16,True,0.806,0.7205,180.14,False,True,False
KL_0395,Thrissur,Kunnamkulam,Cheramoodu,10.413551,76.083843,semi-urban,98,10.27,False,2024,7,2024-07-01,13053.78,16472.94,206.2,125.33,26.19,True,0.806,0.6724,168.09,False,True,False
KL_0395,Thrissur,Kunnamkulam,Cheramoodu,10.413551,76.083843,semi-urban,98,10.27,False,2024,8,2024-08-01,10233.84,11822.87,219.1,93.27,15.53,True,0.841,0.4826,120.64,False,True,False
KL_0395,Thrissur,Kunnamkulam,Cheramoodu,10.413551,76.083843,semi-urban,98,10.27,False,2024,9,2024-09-01,15319.61,21854.23,218.2,168.66,42.66,True,0.844,0.892,223.0,False,True,False
KL_0395,Thrissur,Kunnamkulam,Cheramoodu,10.413551,76.083843,semi-urban,98,10.27,False,2024,10,2024-10-01,9061.76,12121.83,220.0,93.21,33.77,True,0.792,0.4948,123.69,False,False,False
KL_0395,Thrissur,Kunnamkulam,Cheramoodu,10.413551,76.083843,semi-urban,98,10.27,False,2024,11,2024-11-01,20480.53,26541.23,242.7,174.74,29.59,True,0.783,1.0833,270.83,False,False,False
KL_0395,Thrissur,Kunnamkulam,Cheramoodu,10.413551,76.083843,semi-urban,98,10.27,False,2024,12,2024-12-01,8470.78,10619.95,198.8,94.69,25.37,True,0.807,0.4335,108.37,False,False,True
KL_0396,Kollam,Paravur,Cheramoodu,8.78795,76.558382,rural,64,11.17,False,2023,1,2023-01-01,3729.39,3729.39,216.8,26.15,0.0,False,0.9,0.2331,58.27,False,False,True
KL_0396,Kollam,Paravur,Cheramoodu,8.78795,76.558382,rural,64,11.17,False,2023,2,2023-02-01,5156.45,5156.45,217.0,35.93,0.0,False,0.982,0.3223,80.57,False,False,True
KL_0396,Kollam,Paravur,Cheramoodu,8.78795,76.558382,rural,64,11.17,False,2023,3,2023-03-01,6300.48,6300.48,219.2,38.86,0.0,False,0.923,0.3938,98.44,True,False,False
KL_0396,Kollam,Paravur,Cheramoodu,8.78795,76.558382,rural,64,11.17,False,2023,4,2023-04-01,7722.44,7722.44,218.2,53.04,0.0,False,0.832,0.4827,120.66,True,False,False
KL_0396,Kollam,Paravur,Cheramoodu,8.78795,76.558382,rural,64,11.17,False,2023,5,2023-05-01,7832.67,7832.67,219.2,53.69,0.0,False,0.871,0.4895,122.39,True,False,False
KL_0396,Kollam,Paravur,Cheramoodu,8.78795,76.558382,rural,64,11.17,False,2023,6,2023-06-01,3709.51,3709.51,242.5,21.36,0.0,False,0.85,0.2318,57.96,False,True,False
KL_0396,Kollam,Paravur,Cheramoodu,8.78795,76.558382,rural,64,11.17,False,2023,7,2023-07-01,5024.42,5024.42,217.4,32.16,0.0,False,0.843,0.314,78.51,False,True,False
KL_0396,Kollam,Paravur,Cheramoodu,8.78795,76.558382,rural,64,11.17,False,2023,8,2023-08-01,4814.06,4814.06,227.6,27.49,0.0,False,0.855,0.3009,75.22,False,True,False
KL_0396,Kollam,Paravur,Cheramoodu,8.78795,76.558382,rural,64,11.17,False,2023,9,2023-09-01,6522.32,6522.32,220.1,40.8,0.0,False,0.864,0.4076,101.91,False,True,False
KL_0396,Kollam,Paravur,Cheramoodu,8.78795,76.558382,rural,64,11.17,False,2023,10,2023-10-01,3611.8,3611.8,223.5,23.66,0.0,False,0.763,0.2257,56.43,False,False,False
KL_0396,Kollam,Paravur,Cheramoodu,8.78795,76.558382,rural,64,11.17,False,2023,11,2023-11-01,5281.79,5281.79,229.2,34.98,0.0,False,0.819,0.3301,82.53,False,False,False
KL_0396,Kollam,Paravur,Cheramoodu,8.78795,76.558382,rural,64,11.17,False,2023,12,2023-12-01,2548.68,2548.68,222.5,15.63,0.0,False,0.848,0.1593,39.82,False,False,True
KL_0396,Kollam,Paravur,Cheramoodu,8.78795,76.558382,rural,64,11.17,False,2024,1,2024-01-01,6252.02,6252.02,234.6,38.59,0.0,False,0.969,0.3908,97.69,False,False,True
KL_0396,Kollam,Paravur,Cheramoodu,8.78795,76.558382,rural,64,11.17,False,2024,2,2024-02-01,5664.8,5664.8,210.1,38.09,0.0,False,0.882,0.3541,88.51,False,False,True
KL_0396,Kollam,Paravur,Cheramoodu,8.78795,76.558382,rural,64,11.17,False,2024,3,2024-03-01,5265.51,5265.51,233.6,33.64,0.0,False,0.905,0.3291,82.27,True,False,False
KL_0396,Kollam,Paravur,Cheramoodu,8.78795,76.558382,rural,64,11.17,False,2024,4,2024-04-01,7813.28,7813.28,224.0,51.71,0.0,False,0.844,0.4883,122.08,True,False,False
KL_0396,Kollam,Paravur,Cheramoodu,8.78795,76.558382,rural,64,11.17,False,2024,5,2024-05-01,4197.21,4197.21,216.3,29.34,0.0,False,0.922,0.2623,65.58,True,False,False
KL_0396,Kollam,Paravur,Cheramoodu,8.78795,76.558382,rural,64,11.17,False,2024,6,2024-06-01,4789.7,4789.7,210.2,33.69,0.0,False,0.864,0.2994,74.84,False,True,False
KL_0396,Kollam,Paravur,Cheramoodu,8.78795,76.558382,rural,64,11.17,False,2024,7,2024-07-01,3937.82,3937.82,228.4,24.62,0.0,False,0.891,0.2461,61.53,False,True,False
KL_0396,Kollam,Paravur,Cheramoodu,8.78795,76.558382,rural,64,11.17,False,2024,8,2024-08-01,6497.65,6497.65,237.8,37.54,0.0,False,0.859,0.4061,101.53,False,True,False
KL_0396,Kollam,Paravur,Cheramoodu,8.78795,76.558382,rural,64,11.17,False,2024,9,2024-09-01,5832.51,5832.51,209.5,37.26,0.0,False,0.878,0.3645,91.13,False,True,False
KL_0396,Kollam,Paravur,Cheramoodu,8.78795,76.558382,rural,64,11.17,False,2024,10,2024-10-01,6196.98,6196.98,227.8,35.44,0.0,False,0.826,0.3873,96.83,False,False,False
KL_0396,Kollam,Paravur,Cheramoodu,8.78795,76.558382,rural,64,11.17,False,2024,11,2024-11-01,6334.44,6334.44,232.8,38.96,0.0,False,0.941,0.3959,98.98,False,False,False
KL_0396,Kollam,Paravur,Cheramoodu,8.78795,76.558382,rural,64,11.17,False,2024,12,2024-12-01,7185.24,7185.24,231.1,46.51,0.0,False,0.826,0.4491,112.27,False,False,True
KL_0397,Pathanamthitta,Kozhencherry,Padamkunnu,9.544291,76.907292,urban,37,2.23,False,2023,1,2023-01-01,6301.22,6301.22,228.2,34.78,0.0,False,0.803,0.6812,170.3,False,False,True
KL_0397,Pathanamthitta,Kozhencherry,Padamkunnu,9.544291,76.907292,urban,37,2.23,False,2023,2,2023-02-01,6133.88,6133.88,225.4,40.08,0.0,False,0.858,0.6631,165.78,False,False,True
KL_0397,Pathanamthitta,Kozhencherry,Padamkunnu,9.544291,76.907292,urban,37,2.23,False,2023,3,2023-03-01,6390.19,6390.19,239.5,33.76,0.0,False,0.944,0.6908,172.71,True,False,False
KL_0397,Pathanamthitta,Kozhencherry,Padamkunnu,9.544291,76.907292,urban,37,2.23,False,2023,4,2023-04-01,4739.49,4739.49,221.5,30.72,0.0,False,0.816,0.5124,128.09,True,False,False
KL_0397,Pathanamthitta,Kozhencherry,Padamkunnu,9.544291,76.907292,urban,37,2.23,False,2023,5,2023-05-01,6096.49,6096.49,228.6,38.15,0.0,False,0.841,0.6591,164.77,True,False,False
KL_0397,Pathanamthitta,Kozhencherry,Padamkunnu,9.544291,76.907292,urban,37,2.23,False,2023,6,2023-06-01,8582.39,8582.39,216.5,56.81,0.0,False,0.863,0.9278,231.96,False,True,False
KL_0397,Pathanamthitta,Kozhencherry,Padamkunnu,9.544291,76.907292,urban,37,2.23,False,2023,7,2023-07-01,4507.9,4507.9,229.1,28.28,0.0,False,0.784,0.4873,121.84,False,True,False
KL_0397,Pathanamthitta,Kozhencherry,Padamkunnu,9.544291,76.907292,urban,37,2.23,False,2023,8,2023-08-01,7092.71,7092.71,228.8,40.57,0.0,False,0.781,0.7668,191.69,False,True,False
KL_0397,Pathanamthitta,Kozhencherry,Padamkunnu,9.544291,76.907292,urban,37,2.23,False,2023,9,2023-09-01,6326.84,6326.84,222.1,36.04,0.0,False,0.906,0.684,171.0,False,True,False
KL_0397,Pathanamthitta,Kozhencherry,Padamkunnu,9.544291,76.907292,urban,37,2.23,False,2023,10,2023-10-01,6911.83,6911.83,221.4,41.53,0.0,False,0.854,0.7472,186.81,False,False,False
KL_0397,Pathanamthitta,Kozhencherry,Padamkunnu,9.544291,76.907292,urban,37,2.23,False,2023,11,2023-11-01,9319.79,9319.79,223.0,61.58,0.0,False,0.797,1.0075,251.89,False,False,False
KL_0397,Pathanamthitta,Kozhencherry,Padamkunnu,9.544291,76.907292,urban,37,2.23,False,2023,12,2023-12-01,7238.42,7238.42,230.1,42.0,0.0,False,0.834,0.7825,195.63,False,False,True
KL_0397,Pathanamthitta,Kozhencherry,Padamkunnu,9.544291,76.907292,urban,37,2.23,False,2024,1,2024-01-01,5233.0,5233.0,239.0,30.14,0.0,False,0.822,0.5657,141.43,False,False,True
KL_0397,Pathanamthitta,Kozhencherry,Padamkunnu,9.544291,76.907292,urban,37,2.23,False,2024,2,2024-02-01,6827.24,6827.24,212.9,42.91,0.0,False,0.85,0.7381,184.52,False,False,True
KL_0397,Pathanamthitta,Kozhencherry,Padamkunnu,9.544291,76.907292,urban,37,2.23,False,2024,3,2024-03-01,3851.75,3851.75,230.5,23.05,0.0,False,0.86,0.4164,104.1,True,False,False
KL_0397,Pathanamthitta,Kozhencherry,Padamkunnu,9.544291,76.907292,urban,37,2.23,False,2024,4,2024-04-01,6258.58,6258.58,236.6,40.33,0.0,False,0.743,0.6766,169.15,True,False,False
KL_0397,Pathanamthitta,Kozhencherry,Padamkunnu,9.544291,76.907292,urban,37,2.23,False,2024,5,2024-05-01,6976.02,6976.02,254.1,35.16,0.0,False,0.917,0.7542,188.54,True,False,False
KL_0397,Pathanamthitta,Kozhencherry,Padamkunnu,9.544291,76.907292,urban,37,2.23,False,2024,6,2024-06-01,8866.75,8866.75,228.9,54.49,0.0,False,0.854,0.9586,239.64,False,True,False
KL_0397,Pathanamthitta,Kozhencherry,Padamkunnu,9.544291,76.907292,urban,37,2.23,False,2024,7,2024-07-01,6868.82,6868.82,227.2,43.11,0.0,False,0.818,0.7426,185.64,False,True,False
KL_0397,Pathanamthitta,Kozhencherry,Padamkunnu,9.544291,76.907292,urban,37,2.23,False,2024,8,2024-08-01,8513.51,8513.51,228.3,54.05,0.0,False,0.894,0.9204,230.09,False,True,False
KL_0397,Pathanamthitta,Kozhencherry,Padamkunnu,9.544291,76.907292,urban,37,2.23,False,2024,9,2024-09-01,6083.4,6083.4,237.9,35.7,0.0,False,0.798,0.6577,164.42,False,True,False
KL_0397,Pathanamthitta,Kozhencherry,Padamkunnu,9.544291,76.907292,urban,37,2.23,False,2024,10,2024-10-01,7389.56,7389.56,225.7,45.8,0.0,False,0.834,0.7989,199.72,False,False,False
KL_0397,Pathanamthitta,Kozhencherry,Padamkunnu,9.544291,76.907292,urban,37,2.23,False,2024,11,2024-11-01,7127.02,7127.02,235.4,43.75,0.0,False,0.789,0.7705,192.62,False,False,False
KL_0397,Pathanamthitta,Kozhencherry,Padamkunnu,9.544291,76.907292,urban,37,2.23,False,2024,12,2024-12-01,5450.85,5450.85,215.4,38.65,0.0,False,0.887,0.5893,147.32,False,False,True
KL_0398,Kozhikode,Kozhikode,Kizhakkunnu,11.571286,76.193413,rural,95,18.7,False,2023,1,2023-01-01,8765.1,8765.1,231.8,56.36,0.0,False,0.91,0.3691,92.26,False,False,True
KL_0398,Kozhikode,Kozhikode,Kizhakkunnu,11.571286,76.193413,rural,95,18.7,False,2023,2,2023-02-01,4973.6,4973.6,244.4,25.72,0.0,False,0.869,0.2094,52.35,False,False,True
KL_0398,Kozhikode,Kozhikode,Kizhakkunnu,11.571286,76.193413,rural,95,18.7,False,2023,3,2023-03-01,4827.6,4827.6,214.0,32.68,0.0,False,0.841,0.2033,50.82,True,False,False
KL_0398,Kozhikode,Kozhikode,Kizhakkunnu,11.571286,76.193413,rural,95,18.7,False,2023,4,2023-04-01,10157.43,10157.43,225.3,58.65,0.0,False,0.786,0.4277,106.92,True,False,False
KL_0398,Kozhikode,Kozhikode,Kizhakkunnu,11.571286,76.193413,rural,95,18.7,False,2023,5,2023-05-01,12182.36,12182.36,227.6,70.89,0.0,False,0.827,0.5129,128.24,True,False,False
KL_0398,Kozhikode,Kozhikode,Kizhakkunnu,11.571286,76.193413,rural,95,18.7,False,2023,6,2023-06-01,8230.34,8230.34,245.3,43.81,0.0,False,0.862,0.3465,86.64,False,True,False
KL_0398,Kozhikode,Kozhikode,Kizhakkunnu,11.571286,76.193413,rural,95,18.7,False,2023,7,2023-07-01,5128.92,5128.92,222.8,29.09,0.0,False,0.821,0.216,53.99,False,True,False
KL_0398,Kozhikode,Kozhikode,Kizhakkunnu,11.571286,76.193413,rural,95,18.7,False,2023,8,2023-08-01,8929.23,8929.23,230.5,57.97,0.0,False,0.827,0.376,93.99,False,True,False
KL_0398,Kozhikode,Kozhikode,Kizhakkunnu,11.571286,76.193413,rural,95,18.7,False,2023,9,2023-09-01,6652.82,6652.82,228.8,41.25,0.0,False,0.794,0.2801,70.03,False,True,False
KL_0398,Kozhikode,Kozhikode,Kizhakkunnu,11.571286,76.193413,rural,95,18.7,False,2023,10,2023-10-01,8127.0,8127.0,242.6,44.17,0.0,False,0.813,0.3422,85.55,False,False,False
KL_0398,Kozhikode,Kozhikode,Kizhakkunnu,11.571286,76.193413,rural,95,18.7,False,2023,11,2023-11-01,6227.13,6227.13,220.8,37.28,0.0,False,0.777,0.2622,65.55,False,False,False
KL_0398,Kozhikode,Kozhikode,Kizhakkunnu,11.571286,76.193413,rural,95,18.7,False,2023,12,2023-12-01,6733.51,6733.51,210.9,43.0,0.0,False,0.864,0.2835,70.88,False,False,True
KL_0398,Kozhikode,Kozhikode,Kizhakkunnu,11.571286,76.193413,rural,95,18.7,False,2024,1,2024-01-01,5898.3,5898.3,237.8,31.83,0.0,False,0.852,0.2483,62.09,False,False,True
KL_0398,Kozhikode,Kozhikode,Kizhakkunnu,11.571286,76.193413,rural,95,18.7,False,2024,2,2024-02-01,4212.68,4212.68,223.5,26.21,0.0,False,0.855,0.1774,44.34,False,False,True
KL_0398,Kozhikode,Kozhikode,Kizhakkunnu,11.571286,76.193413,rural,95,18.7,False,2024,3,2024-03-01,6209.58,6209.58,234.9,35.12,0.0,False,0.832,0.2615,65.36,True,False,False
KL_0398,Kozhikode,Kozhikode,Kizhakkunnu,11.571286,76.193413,rural,95,18.7,False,2024,4,2024-04-01,10404.82,10404.82,240.9,61.18,0.0,False,0.82,0.4381,109.52,True,False,False
KL_0398,Kozhikode,Kozhikode,Kizhakkunnu,11.571286,76.193413,rural,95,18.7,False,2024,5,2024-05-01,9757.23,9757.23,227.7,63.91,0.0,False,0.835,0.4108,102.71,True,False,False
KL_0398,Kozhikode,Kozhikode,Kizhakkunnu,11.571286,76.193413,rural,95,18.7,False,2024,6,2024-06-01,2578.79,2578.79,232.4,16.28,0.0,False,0.829,0.1086,27.15,False,True,False
KL_0398,Kozhikode,Kozhikode,Kizhakkunnu,11.571286,76.193413,rural,95,18.7,False,2024,7,2024-07-01,6345.25,6345.25,228.6,35.9,0.0,False,0.858,0.2672,66.79,False,True,False
KL_0398,Kozhikode,Kozhikode,Kizhakkunnu,11.571286,76.193413,rural,95,18.7,False,2024,8,2024-08-01,4946.17,4946.17,229.0,29.83,0.0,False,0.942,0.2083,52.06,False,True,False
KL_0398,Kozhikode,Kozhikode,Kizhakkunnu,11.571286,76.193413,rural,95,18.7,False,2024,9,2024-09-01,3167.02,3167.02,224.1,21.39,0.0,False,0.841,0.1333,33.34,False,True,False
KL_0398,Kozhikode,Kozhikode,Kizhakkunnu,11.571286,76.193413,rural,95,18.7,False,2024,10,2024-10-01,10260.93,10260.93,225.4,61.38,0.0,False,0.82,0.432,108.01,False,False,False
KL_0398,Kozhikode,Kozhikode,Kizhakkunnu,11.571286,76.193413,rural,95,18.7,False,2024,11,2024-11-01,8917.21,8917.21,231.7,52.32,0.0,False,0.838,0.3755,93.87,False,False,False
KL_0398,Kozhikode,Kozhikode,Kizhakkunnu,11.571286,76.193413,rural,95,18.7,False,2024,12,2024-12-01,7538.36,7538.36,231.1,48.65,0.0,False,0.825,0.3174,79.35,False,False,True
KL_0399,Thiruvananthapuram,Neyyattinkara,Cherakunnu,8.322306,76.991975,semi-urban,93,2.83,True,2023,1,2023-01-01,13397.3,13397.3,235.1,74.03,0.0,False,0.825,0.5762,144.06,False,False,True
KL_0399,Thiruvananthapuram,Neyyattinkara,Cherakunnu,8.322306,76.991975,semi-urban,93,2.83,True,2023,2,2023-02-01,14760.0,14760.0,222.3,100.33,0.0,False,0.821,0.6348,158.71,False,False,True
KL_0399,Thiruvananthapuram,Neyyattinkara,Cherakunnu,8.322306,76.991975,semi-urban,93,2.83,True,2023,3,2023-03-01,8394.04,8394.04,228.7,54.2,0.0,False,0.884,0.361,90.26,True,False,False
KL_0399,Thiruvananthapuram,Neyyattinkara,Cherakunnu,8.322306,76.991975,semi-urban,93,2.83,True,2023,4,2023-04-01,15690.64,15690.64,236.7,92.42,0.0,False,0.884,0.6749,168.72,True,False,False
KL_0399,Thiruvananthapuram,Neyyattinkara,Cherakunnu,8.322306,76.991975,semi-urban,93,2.83,True,2023,5,2023-05-01,10978.33,10978.33,226.6,62.27,0.0,False,0.895,0.4722,118.05,True,False,False
KL_0399,Thiruvananthapuram,Neyyattinkara,Cherakunnu,8.322306,76.991975,semi-urban,93,2.83,True,2023,6,2023-06-01,18689.5,18689.5,216.4,118.67,0.0,False,0.906,0.8038,200.96,False,True,False
KL_0399,Thiruvananthapuram,Neyyattinkara,Cherakunnu,8.322306,76.991975,semi-urban,93,2.83,True,2023,7,2023-07-01,14247.48,14247.48,221.5,98.19,0.0,False,0.832,0.6128,153.2,False,True,False
KL_0399,Thiruvananthapuram,Neyyattinkara,Cherakunnu,8.322306,76.991975,semi-urban,93,2.83,True,2023,8,2023-08-01,18988.45,18988.45,221.6,114.3,0.0,False,0.772,0.8167,204.18,False,True,False
KL_0399,Thiruvananthapuram,Neyyattinkara,Cherakunnu,8.322306,76.991975,semi-urban,93,2.83,True,2023,9,2023-09-01,7707.79,7707.79,244.2,41.84,0.0,False,0.948,0.3315,82.88,False,True,False
KL_0399,Thiruvananthapuram,Neyyattinkara,Cherakunnu,8.322306,76.991975,semi-urban,93,2.83,True,2023,10,2023-10-01,10225.47,10225.47,245.5,53.5,0.0,False,0.737,0.4398,109.95,False,False,False
KL_0399,Thiruvananthapuram,Neyyattinkara,Cherakunnu,8.322306,76.991975,semi-urban,93,2.83,True,2023,11,2023-11-01,15270.19,15270.19,237.4,82.3,0.0,False,0.833,0.6568,164.2,False,False,False
KL_0399,Thiruvananthapuram,Neyyattinkara,Cherakunnu,8.322306,76.991975,semi-urban,93,2.83,True,2023,12,2023-12-01,11365.43,11365.43,231.5,66.39,0.0,False,0.779,0.4888,122.21,False,False,True
KL_0399,Thiruvananthapuram,Neyyattinkara,Cherakunnu,8.322306,76.991975,semi-urban,93,2.83,True,2024,1,2024-01-01,12706.2,12706.2,228.0,78.61,0.0,False,0.87,0.5465,136.63,False,False,True
KL_0399,Thiruvananthapuram,Neyyattinkara,Cherakunnu,8.322306,76.991975,semi-urban,93,2.83,True,2024,2,2024-02-01,12343.97,12343.97,217.1,83.33,0.0,False,0.802,0.5309,132.73,False,False,True
KL_0399,Thiruvananthapuram,Neyyattinkara,Cherakunnu,8.322306,76.991975,semi-urban,93,2.83,True,2024,3,2024-03-01,12571.29,12571.29,218.2,86.85,0.0,False,0.907,0.5407,135.18,True,False,False
KL_0399,Thiruvananthapuram,Neyyattinkara,Cherakunnu,8.322306,76.991975,semi-urban,93,2.83,True,2024,4,2024-04-01,15612.36,15612.36,237.5,89.98,0.0,False,0.862,0.6715,167.87,True,False,False
KL_0399,Thiruvananthapuram,Neyyattinkara,Cherakunnu,8.322306,76.991975,semi-urban,93,2.83,True,2024,5,2024-05-01,19296.81,19296.81,227.2,120.24,0.0,False,0.926,0.83,207.49,True,False,False
KL_0399,Thiruvananthapuram,Neyyattinkara,Cherakunnu,8.322306,76.991975,semi-urban,93,2.83,True,2024,6,2024-06-01,16106.64,16106.64,232.9,95.71,0.0,False,0.855,0.6928,173.19,False,True,False
KL_0399,Thiruvananthapuram,Neyyattinkara,Cherakunnu,8.322306,76.991975,semi-urban,93,2.83,True,2024,7,2024-07-01,8063.66,8063.66,236.7,50.48,0.0,False,0.908,0.3468,86.71,False,True,False
KL_0399,Thiruvananthapuram,Neyyattinkara,Cherakunnu,8.322306,76.991975,semi-urban,93,2.83,True,2024,8,2024-08-01,10850.63,10850.63,245.0,65.45,0.0,False,0.796,0.4667,116.67,False,True,False
KL_0399,Thiruvananthapuram,Neyyattinkara,Cherakunnu,8.322306,76.991975,semi-urban,93,2.83,True,2024,9,2024-09-01,16955.06,16955.06,229.6,109.58,0.0,False,0.899,0.7292,182.31,False,True,False
KL_0399,Thiruvananthapuram,Neyyattinkara,Cherakunnu,8.322306,76.991975,semi-urban,93,2.83,True,2024,10,2024-10-01,12222.16,12222.16,225.4,77.28,0.0,False,0.843,0.5257,131.42,False,False,False
KL_0399,Thiruvananthapuram,Neyyattinkara,Cherakunnu,8.322306,76.991975,semi-urban,93,2.83,True,2024,11,2024-11-01,10946.02,10946.02,222.8,70.76,0.0,False,0.862,0.4708,117.7,False,False,False
KL_0399,Thiruvananthapuram,Neyyattinkara,Cherakunnu,8.322306,76.991975,semi-urban,93,2.83,True,2024,12,2024-12-01,15157.59,15157.59,219.1,87.66,0.0,False,0.896,0.6519,162.98,False,False,True
